  2.485490  16.674023
  2.485490  16.674023
  2.485490  16.674023
  2.485490  16.674023
  2.485490  16.674023
  2.485490  16.674023
  2.485490  16.674023
  2.485490  16.674023
  2.869997   8.701552
  2.869997   8.701552
  2.869997   8.701552
  2.869997   8.702235
  2.869997   8.701552
  2.869997   8.702235
  4.058788   0.254085
  4.058788   0.254085
  4.058788   0.254085
  4.058788   0.254192
  4.058788   0.254085
  4.058788   0.254192
  4.058788   0.254085
  4.058788   0.254085
  4.058788   0.254085
  4.058788   0.254192
  4.058788   0.254085
  4.058788   0.254192
  4.759351  -1.312621
  4.759351  -1.312621
  4.759351  -1.312621
  4.759351  -1.312621
  4.759351  -1.312621
  4.759351  -1.312621
  4.759351  -1.312621
  4.759351  -1.312621
  4.759351  -1.312480
  4.759351  -1.312470
  4.759351  -1.312470
  4.759351  -1.312480
  4.759351  -1.312470
  4.759351  -1.312480
  4.759351  -1.312480
  4.759351  -1.312470
  4.759351  -1.312480
  4.759351  -1.312470
  4.759351  -1.312480
  4.759351  -1.312470
  4.759351  -1.312470
  4.759351  -1.312470
  4.759351  -1.312480
  4.759351  -1.312480
  4.970980  -1.275321
  4.970980  -1.275321
  4.970980  -1.275321
  4.970980  -1.275321
  4.970980  -1.275321
  4.970980  -1.275321
  4.970980  -1.275321
  4.970980  -1.275321
  5.739993   0.939469
  5.739993   0.939469
  5.739993   0.939469
  5.739993   0.938969
  5.739993   0.939469
  5.739993   0.938969
  6.255013  -0.158984
  6.255013  -0.158996
  6.255013  -0.158996
  6.255013  -0.158984
  6.255013  -0.158996
  6.255013  -0.159225
  6.255013  -0.158984
  6.255013  -0.159225
  6.255013  -0.158984
  6.255013  -0.159225
  6.255013  -0.158996
  6.255013  -0.159225
  6.255013  -0.158996
  6.255013  -0.158984
  6.255013  -0.158984
  6.255013  -0.158996
  6.255013  -0.158984
  6.255013  -0.159225
  6.255013  -0.158996
  6.255013  -0.159225
  6.255013  -0.158996
  6.255013  -0.159225
  6.255013  -0.158984
  6.255013  -0.159225
  6.417508   0.219559
  6.417508   0.219664
  6.417508   0.219514
  6.417508   0.219304
  6.417508   0.219514
  6.417508   0.219514
  6.417508   0.219304
  6.417508   0.219664
  6.417508   0.219664
  6.417508   0.219559
  6.417508   0.219514
  6.417508   0.219664
  6.417508   0.219664
  6.417508   0.219514
  6.417508   0.219559
  6.417508   0.219664
  6.417508   0.219664
  6.417508   0.219304
  6.417508   0.219514
  6.417508   0.219514
  6.417508   0.219304
  6.417508   0.219514
  6.417508   0.219664
  6.417508   0.219559
  7.030027  -0.531229
  7.030027  -0.531235
  7.030027  -0.531235
  7.030027  -0.531229
  7.030027  -0.531235
  7.030027  -0.530968
  7.030027  -0.530968
  7.030027  -0.531229
  7.030027  -0.531229
  7.030027  -0.531235
  7.030027  -0.531229
  7.030027  -0.530968
  7.030027  -0.531235
  7.030027  -0.530968
  7.030027  -0.531229
  7.030027  -0.530968
  7.030027  -0.531235
  7.030027  -0.530968
  7.030027  -0.531235
  7.030027  -0.531229
  7.030027  -0.531235
  7.030027  -0.531229
  7.030027  -0.530968
  7.030027  -0.530968
  7.456470   1.549382
  7.456470   1.549382
  7.456470   1.549382
  7.456470   1.549382
  7.456470   1.549382
  7.456470   1.549382
  7.456470   1.549382
  7.456470   1.549382
  7.456470   0.664218
  7.456470   0.664223
  7.456470   0.664223
  7.456470   0.664218
  7.456470   0.664218
  7.456470   0.664223
  7.456470   0.664223
  7.456470   0.664173
  7.456470   0.664173
  7.456470   0.664218
  7.456470   0.664218
  7.456470   0.664223
  7.456470   0.664173
  7.456470   0.664173
  7.456470   0.664218
  7.456470   0.664173
  7.456470   0.664173
  7.456470   0.664223
  7.456470   0.664223
  7.456470   0.664218
  7.456470   0.664173
  7.456470   0.664173
  7.456470   0.664223
  7.456470   0.664218
  8.117576  -0.018936
  8.117576  -0.018936
  8.117576  -0.018936
  8.117576  -0.019165
  8.117576  -0.018936
  8.117576  -0.019165
  8.117576  -0.018936
  8.117576  -0.018936
  8.117576  -0.018936
  8.117576  -0.019165
  8.117576  -0.018936
  8.117576  -0.019165
  8.489565  -0.054504
  8.489565  -0.054550
  8.489565  -0.054524
  8.489565  -0.054468
  8.489565  -0.054476
  8.489565  -0.054452
  8.489565  -0.054468
  8.489565  -0.054452
  8.489565  -0.054476
  8.489565  -0.054524
  8.489565  -0.054504
  8.489565  -0.054550
  8.489565  -0.054452
  8.489565  -0.054504
  8.489565  -0.054476
  8.489565  -0.054468
  8.489565  -0.054550
  8.489565  -0.054476
  8.489565  -0.054504
  8.489565  -0.054452
  8.489565  -0.054524
  8.489565  -0.054468
  8.489565  -0.054468
  8.489565  -0.054524
  8.489565  -0.054452
  8.489565  -0.054504
  8.489565  -0.054476
  8.489565  -0.054550
  8.489565  -0.054468
  8.489565  -0.054476
  8.489565  -0.054504
  8.489565  -0.054452
  8.489565  -0.054550
  8.489565  -0.054504
  8.489565  -0.054524
  8.489565  -0.054476
  8.489565  -0.054452
  8.489565  -0.054468
  8.489565  -0.054452
  8.489565  -0.054476
  8.489565  -0.054468
  8.489565  -0.054524
  8.489565  -0.054550
  8.489565  -0.054504
  8.489565  -0.054524
  8.489565  -0.054550
  8.489565  -0.054550
  8.489565  -0.054524
  8.609990  -0.055594
  8.609990   0.075439
  8.609990  -0.055580
  8.609990  -0.055580
  8.609990   0.075439
  8.609990  -0.055594
  8.609990  -0.055580
  8.609990  -0.055575
  8.609990  -0.055594
  8.609990  -0.055575
  8.609990   0.075439
  8.609990  -0.055594
  8.609990   0.075735
  8.609990  -0.055575
  8.609990  -0.055580
  8.609990  -0.055575
  8.609990  -0.055580
  8.609990  -0.055594
  8.609990  -0.055594
  8.609990  -0.055580
  8.609990  -0.055594
  8.609990   0.075439
  8.609990  -0.055575
  8.609990  -0.055580
  8.609990   0.075735
  8.609990  -0.055575
  8.609990  -0.055580
  8.609990  -0.055575
  8.609990  -0.055594
  8.609990  -0.055575
  9.075726  -0.151961
  9.075726  -0.151767
  9.075726  -0.152125
  9.075726  -0.151767
  9.075726  -0.151962
  9.075726  -0.151767
  9.075726  -0.152125
  9.075726  -0.151962
  9.075726  -0.151961
  9.075726  -0.151767
  9.075726  -0.151767
  9.075726  -0.151961
  9.075726  -0.151962
  9.075726  -0.152125
  9.075726  -0.151767
  9.075726  -0.151962
  9.075726  -0.151767
  9.075726  -0.152125
  9.075726  -0.151767
  9.075726  -0.151961
  9.075726  -0.151962
  9.075726  -0.151962
  9.075726  -0.151962
  9.075726  -0.151962
  9.409913   0.606614
  9.409913   0.606682
  9.409913   0.606682
  9.409913   0.606614
  9.409913   0.606682
  9.409913   0.606479
  9.409913   0.606479
  9.409913   0.606614
  9.409913   0.606682
  9.409913   0.606614
  9.409913   0.606479
  9.409913   0.606479
  9.409913   0.606614
  9.409913   0.606479
  9.409913   0.606479
  9.409913   0.606682
  9.409913   0.606682
  9.409913   0.606614
  9.409913   0.606479
  9.409913   0.606479
  9.409913   0.606614
  9.409913   0.606682
  9.409913   0.606682
  9.409913   0.606614
  9.518702  -0.149504
  9.518702  -0.149504
  9.518702  -0.149504
  9.518702  -0.149504
  9.518702  -0.149504
  9.518702  -0.149504
  9.518702  -0.149504
  9.518702  -0.149504
  9.518702  -0.149403
  9.518702  -0.149586
  9.518702  -0.149586
  9.518702  -0.149403
  9.518702  -0.149586
  9.518702  -0.149403
  9.518702  -0.149403
  9.518702  -0.149586
  9.518702  -0.149403
  9.518702  -0.149586
  9.518702  -0.149403
  9.518702  -0.149586
  9.518702  -0.149586
  9.518702  -0.149586
  9.518702  -0.149403
  9.518702  -0.149403
  9.941960  -0.265470
  9.941960  -0.265470
  9.941960  -0.265470
  9.941960  -0.265470
  9.941960  -0.265470
  9.941960  -0.265470
  9.941960  -0.265470
  9.941960  -0.265470
 10.247938  -0.009069
 10.247938  -0.150355
 10.247938  -0.009097
 10.247938  -0.150377
 10.247938  -0.150377
 10.247938  -0.009097
 10.247938  -0.150355
 10.247938  -0.009069
 10.247938  -0.150355
 10.247938  -0.150377
 10.247938  -0.009097
 10.247938  -0.009142
 10.247938  -0.009069
 10.247938  -0.009142
 10.247938  -0.150377
 10.247938  -0.009069
 10.247938  -0.009142
 10.247938  -0.150254
 10.247938  -0.150254
 10.247938  -0.009097
 10.247938  -0.009142
 10.247938  -0.150355
 10.247938  -0.150355
 10.247938  -0.150377
 10.247938  -0.150254
 10.247938  -0.150254
 10.247938  -0.009097
 10.247938  -0.009069
 10.247938  -0.009069
 10.247938  -0.009097
 10.247938  -0.150355
 10.247938  -0.150254
 10.247938  -0.150254
 10.247938  -0.150377
 10.247938  -0.009069
 10.247938  -0.150377
 10.247938  -0.150355
 10.247938  -0.009142
 10.247938  -0.009097
 10.247938  -0.150254
 10.247938  -0.150254
 10.247938  -0.009142
 10.247938  -0.009097
 10.247938  -0.009142
 10.247938  -0.009069
 10.247938  -0.009142
 10.247938  -0.150377
 10.247938  -0.150355
 10.347920   0.015160
 10.347920   0.015095
 10.347920   0.015126
 10.347920   0.015095
 10.347920   0.015143
 10.347920   0.015095
 10.347920   0.015160
 10.347920   0.015143
 10.347920   0.015160
 10.347920   0.015126
 10.347920   0.015095
 10.347920   0.015160
 10.347920   0.015160
 10.347920   0.015095
 10.347920   0.015126
 10.347920   0.015160
 10.347920   0.015143
 10.347920   0.015160
 10.347920   0.015095
 10.347920   0.015143
 10.347920   0.015095
 10.347920   0.015126
 10.347920   0.015095
 10.347920   0.015160
 10.738544  -0.058902
 10.738544  -0.058913
 10.738544  -0.058913
 10.738544  -0.058902
 10.738544  -0.058908
 10.738544  -0.058913
 10.738544  -0.058902
 10.738544  -0.058946
 10.738544  -0.058861
 10.738544  -0.058947
 10.738544  -0.058946
 10.738544  -0.058947
 10.738544  -0.058861
 10.738544  -0.058902
 10.738544  -0.058908
 10.738544  -0.058908
 10.738544  -0.058947
 10.738544  -0.058861
 10.738544  -0.058946
 10.738544  -0.058913
 10.738544  -0.058861
 10.738544  -0.058908
 10.738544  -0.058947
 10.738544  -0.058946
 10.738544  -0.058946
 10.738544  -0.058947
 10.738544  -0.058908
 10.738544  -0.058861
 10.738544  -0.058913
 10.738544  -0.058946
 10.738544  -0.058861
 10.738544  -0.058947
 10.738544  -0.058908
 10.738544  -0.058908
 10.738544  -0.058902
 10.738544  -0.058861
 10.738544  -0.058947
 10.738544  -0.058946
 10.738544  -0.058947
 10.738544  -0.058861
 10.738544  -0.058946
 10.738544  -0.058902
 10.738544  -0.058913
 10.738544  -0.058908
 10.738544  -0.058913
 10.738544  -0.058902
 10.738544  -0.058902
 10.738544  -0.058913
 11.022431   0.026839
 11.022431   0.026869
 11.022431   0.026869
 11.022431   0.026839
 11.022431  -0.180572
 11.022431  -0.180675
 11.022431  -0.180675
 11.022431  -0.180572
 11.022431  -0.180675
 11.022431  -0.180481
 11.022431   0.026866
 11.022431  -0.180572
 11.022431   0.026855
 11.022431  -0.180481
 11.022431   0.026868
 11.022431   0.026863
 11.022431   0.026869
 11.022431   0.026866
 11.022431   0.026839
 11.022431   0.026863
 11.022431   0.026868
 11.022431   0.026863
 11.022431   0.026855
 11.022431   0.026855
 11.022431   0.026868
 11.022431   0.026839
 11.022431   0.026869
 11.022431   0.026866
 11.022431  -0.180572
 11.022431   0.026868
 11.022431   0.026869
 11.022431  -0.180481
 11.022431  -0.180675
 11.022431  -0.180481
 11.022431   0.026866
 11.022431  -0.180675
 11.022431   0.026863
 11.022431   0.026855
 11.022431   0.026839
 11.022431  -0.180572
 11.022431  -0.180572
 11.022431   0.026839
 11.022431   0.026855
 11.022431   0.026863
 11.022431  -0.180675
 11.022431  -0.180572
 11.022431  -0.180481
 11.022431   0.026866
 11.022431  -0.180675
 11.022431  -0.180481
 11.022431   0.026869
 11.022431   0.026868
 11.022431   0.026866
 11.022431   0.026869
 11.022431   0.026839
 11.022431   0.026868
 11.022431   0.026855
 11.022431   0.026855
 11.022431   0.026863
 11.022431   0.026868
 11.022431   0.026863
 11.022431   0.026839
 11.022431   0.026866
 11.022431   0.026869
 11.022431  -0.180675
 11.022431   0.026863
 11.022431  -0.180481
 11.022431   0.026868
 11.022431   0.026855
 11.022431  -0.180572
 11.022431   0.026866
 11.022431  -0.180481
 11.479987   0.107666
 11.479987   0.107666
 11.479987   0.107666
 11.479987   0.107361
 11.479987   0.107666
 11.479987   0.107361
 11.745968  -0.052085
 11.745968  -0.052154
 11.745968  -0.052154
 11.745968  -0.052085
 11.745968  -0.052154
 11.745968  -0.052204
 11.745968  -0.052204
 11.745968  -0.052085
 11.745968  -0.052085
 11.745968  -0.052154
 11.745968  -0.052085
 11.745968  -0.052204
 11.745968  -0.052154
 11.745968  -0.052204
 11.745968  -0.052085
 11.745968  -0.052204
 11.745968  -0.052154
 11.745968  -0.052204
 11.745968  -0.052154
 11.745968  -0.052085
 11.745968  -0.052154
 11.745968  -0.052085
 11.745968  -0.052204
 11.745968  -0.052204
 11.833299  -0.231505
 11.833299  -0.231495
 11.833299  -0.231495
 11.833299  -0.231505
 11.833299  -0.231495
 11.833299  -0.231797
 11.833299  -0.231797
 11.833299  -0.231505
 11.833299  -0.231505
 11.833299  -0.231495
 11.833299  -0.231505
 11.833299  -0.231797
 11.833299  -0.231495
 11.833299  -0.231797
 11.833299  -0.231505
 11.833299  -0.231797
 11.833299  -0.231495
 11.833299  -0.231797
 11.833299  -0.231495
 11.833299  -0.231505
 11.833299  -0.231495
 11.833299  -0.231505
 11.833299  -0.231797
 11.833299  -0.231797
 11.833299   0.003286
 11.833299   0.003211
 11.833299   0.003255
 11.833299   0.003211
 11.833299   0.003223
 11.833299   0.003211
 11.833299   0.003255
 11.833299   0.003223
 11.833299   0.003223
 11.833299   0.003286
 11.833299   0.003211
 11.833299   0.003223
 11.833299   0.003223
 11.833299   0.003211
 11.833299   0.003286
 11.833299   0.003223
 11.833299   0.003223
 11.833299   0.003255
 11.833299   0.003211
 11.833299   0.003223
 11.833299   0.003211
 11.833299   0.003255
 11.833299   0.003211
 11.833299   0.003286
 12.176365   0.107786
 12.176365   0.107786
 12.176365   0.015609
 12.176365   0.107786
 12.176365   0.015612
 12.176365   0.015612
 12.176365   0.107786
 12.176365   0.015609
 12.176365   0.015609
 12.176365   0.015612
 12.176365   0.015612
 12.176365   0.107786
 12.176365   0.015695
 12.176365   0.015695
 12.176365   0.108055
 12.176365   0.015609
 12.176365   0.015609
 12.176365   0.015612
 12.176365   0.015695
 12.176365   0.015695
 12.176365   0.015609
 12.176365   0.015695
 12.176365   0.015695
 12.176365   0.015612
 12.176365   0.107786
 12.176365   0.015612
 12.176365   0.015609
 12.176365   0.108055
 12.176365   0.015695
 12.176365   0.015695
 12.176365   0.108055
 12.176365   0.015612
 12.176365   0.015609
 12.427450   0.145796
 12.427450   0.145796
 12.427450   0.145796
 12.427450   0.145796
 12.427450   0.008815
 12.427450   0.008781
 12.427450   0.008802
 12.427450   0.008815
 12.427450   0.008822
 12.427450   0.008802
 12.427450   0.008781
 12.427450   0.008822
 12.427450   0.145796
 12.427450   0.145796
 12.427450   0.008781
 12.427450   0.008844
 12.427450   0.008815
 12.427450   0.145796
 12.427450   0.145796
 12.427450   0.008822
 12.427450   0.008802
 12.427450   0.008781
 12.427450   0.008802
 12.427450   0.008822
 12.427450   0.008815
 12.427450   0.008871
 12.427450   0.008822
 12.427450   0.008802
 12.427450   0.008815
 12.427450   0.008802
 12.427450   0.008781
 12.427450   0.008822
 12.427450   0.008781
 12.427450   0.008815
 12.427450   0.008871
 12.427450   0.008844
 12.427450   0.008844
 12.427450   0.008871
 12.427450   0.008871
 12.427450   0.008844
 12.427450   0.008871
 12.427450   0.008844
 12.427450   0.008844
 12.427450   0.008871
 12.510025   0.107415
 12.510025   0.107433
 12.510025   0.107433
 12.510025   0.107415
 12.510025   0.107433
 12.510025   0.107546
 12.510025   0.107415
 12.510025   0.107546
 12.510025   0.107415
 12.510025   0.107433
 12.510025   0.107415
 12.510025   0.107546
 12.510025   0.107433
 12.510025   0.107546
 12.510025   0.107433
 12.510025   0.107546
 12.510025   0.107415
 12.510025   0.107546
 12.835015   0.012432
 12.835015   0.012456
 12.835015   0.012508
 12.835015   0.012508
 12.835015   0.012432
 12.835015   0.012490
 12.835015   0.012432
 12.835015   0.012508
 12.835015   0.012490
 12.835015   0.012432
 12.835015   0.012432
 12.835015   0.012456
 12.835015   0.012508
 12.835015   0.012508
 12.835015   0.012456
 12.835015   0.012508
 12.835015   0.012432
 12.835015   0.012490
 13.073457   0.010981
 13.073457   0.010932
 13.073457   0.010932
 13.073457   0.010981
 13.073457   0.010981
 13.073457   0.010932
 13.073457   0.010932
 13.073457   0.010849
 13.073457   0.010849
 13.073457   0.010981
 13.073457   0.010981
 13.073457   0.010932
 13.073457   0.010849
 13.073457   0.010849
 13.073457   0.010981
 13.073457   0.010849
 13.073457   0.010849
 13.073457   0.010932
 13.073457   0.010932
 13.073457   0.010981
 13.073457   0.010849
 13.073457   0.010849
 13.073457   0.010932
 13.073457   0.010981
 13.073457   0.026277
 13.073457   0.026265
 13.073457   0.026329
 13.073457   0.026312
 13.073457   0.026302
 13.073457   0.026312
 13.073457   0.026265
 13.073457   0.026367
 13.073457   0.026329
 13.073457   0.026302
 13.073457   0.026277
 13.073457   0.026367
 13.073457   0.026277
 13.073457   0.026302
 13.073457   0.026265
 13.073457   0.026312
 13.073457   0.026367
 13.073457   0.026265
 13.073457   0.026329
 13.073457   0.026277
 13.073457   0.026302
 13.073457   0.026329
 13.073457   0.026312
 13.073457   0.026367
 13.073457   0.026367
 13.073457   0.026277
 13.073457   0.026265
 13.073457   0.026329
 13.073457   0.026312
 13.073457   0.026302
 13.073457   0.026312
 13.073457   0.026329
 13.073457   0.026302
 13.073457   0.026265
 13.073457   0.026277
 13.073457   0.026367
 13.151977   0.041269
 13.151977   0.041263
 13.151977   0.041271
 13.151977   0.041269
 13.151977   0.041290
 13.151977   0.041271
 13.151977   0.041290
 13.151977   0.041263
 13.151977   0.041263
 13.151977   0.041290
 13.151977   0.041271
 13.151977   0.041271
 13.151977   0.041263
 13.151977   0.041290
 13.151977   0.041269
 13.151977   0.041263
 13.151977   0.041271
 13.151977   0.041290
 13.151977   0.041269
 13.151977   0.041271
 13.151977   0.041263
 13.151977   0.041269
 13.151977   0.041305
 13.151977   0.041305
 13.151977   0.041305
 13.151977   0.041305
 13.151977   0.041269
 13.151977   0.041305
 13.151977   0.041305
 13.151977   0.041305
 13.151977   0.041305
 13.151977   0.041305
 13.151977   0.041305
 13.151977   0.041305
 13.151977   0.041290
 13.151977   0.041305
 13.461478  -0.044206
 13.461478  -0.044186
 13.461478  -0.044186
 13.461478  -0.044206
 13.461478  -0.044186
 13.461478  -0.044203
 13.461478  -0.044206
 13.461478  -0.044203
 13.461478  -0.044206
 13.461478  -0.044203
 13.461478  -0.044203
 13.461478  -0.044186
 13.461478  -0.044203
 13.461478  -0.044203
 13.461478  -0.044206
 13.461478  -0.044186
 13.461478  -0.044186
 13.461478  -0.044206
 13.689012   0.025706
 13.689012   0.025735
 13.689012   0.025706
 13.689012   0.025755
 13.689012   0.025755
 13.689012   0.025735
 13.689012   0.025755
 13.689012   0.025731
 13.689012   0.025750
 13.689012   0.025731
 13.689012   0.025755
 13.689012   0.025755
 13.689012   0.025735
 13.689012   0.025731
 13.689012   0.025750
 13.689012   0.025706
 13.689012   0.025731
 13.689012   0.025750
 13.689012   0.025706
 13.689012   0.025755
 13.689012   0.025735
 13.689012   0.025755
 13.689012   0.025755
 13.689012   0.025706
 13.689012   0.025735
 13.689012   0.025731
 13.689012   0.025735
 13.689012   0.025706
 13.689012   0.025755
 13.689012   0.025731
 13.689012   0.025750
 13.689012   0.025755
 13.689012   0.025750
 13.689012   0.025755
 13.689012   0.025755
 13.689012   0.025750
 14.060055  -0.102378
 14.060055  -0.102393
 14.060055  -0.102574
 14.060055  -0.102393
 14.060055  -0.102378
 14.060055  -0.102393
 14.060055  -0.102574
 14.060055  -0.102378
 14.060055  -0.102574
 14.060055  -0.102378
 14.060055  -0.102393
 14.060055  -0.102378
 14.060055  -0.102393
 14.060055  -0.102574
 14.060055  -0.102574
 14.278053   0.032910
 14.278053   0.032891
 14.278053  -0.005779
 14.278053   0.230423
 14.278053   0.032891
 14.278053   0.032910
 14.278053  -0.005831
 14.278053   0.230535
 14.278053   0.230400
 14.278053   0.230535
 14.278053   0.032891
 14.278053  -0.005796
 14.278053   0.032769
 14.278053  -0.005831
 14.278053  -0.005779
 14.278053   0.032910
 14.278053   0.032769
 14.278053   0.230423
 14.278053  -0.005831
 14.278053   0.230535
 14.278053   0.230400
 14.278053  -0.005796
 14.278053   0.230423
 14.278053  -0.005796
 14.278053  -0.005779
 14.278053   0.230400
 14.278053   0.230423
 14.278053   0.230535
 14.278053   0.032910
 14.278053   0.032769
 14.278053   0.032891
 14.278053  -0.005779
 14.278053  -0.005779
 14.278053  -0.005831
 14.278053   0.032769
 14.278053  -0.005796
 14.278053  -0.005831
 14.278053  -0.005796
 14.278053   0.230423
 14.278053   0.230535
 14.278053   0.230400
 14.278053   0.230400
 14.349983  -0.047410
 14.349983  -0.047410
 14.349983  -0.002420
 14.349983  -0.002378
 14.349983  -0.002378
 14.349983  -0.002420
 14.349983  -0.047410
 14.349983  -0.047615
 14.349983  -0.047410
 14.349983  -0.047615
 14.349983  -0.002420
 14.349983  -0.002378
 14.349983  -0.002378
 14.349983  -0.002420
 14.349983  -0.002452
 14.349983  -0.002395
 14.349983  -0.002395
 14.349983  -0.002452
 14.634169   0.003957
 14.634169   0.003957
 14.634169   0.003957
 14.634169   0.003957
 14.634169  -0.025639
 14.634169  -0.025597
 14.634169   0.003935
 14.634169  -0.025637
 14.634169   0.003947
 14.634169  -0.025681
 14.634169  -0.025637
 14.634169  -0.025597
 14.634169   0.003947
 14.634169  -0.025681
 14.634169  -0.025639
 14.634169   0.003981
 14.634169   0.003947
 14.634169   0.003981
 14.634169  -0.025639
 14.634169   0.003935
 14.634169  -0.025681
 14.634169   0.003947
 14.634169  -0.025597
 14.634169  -0.025637
 14.634169  -0.025681
 14.634169   0.003947
 14.634169  -0.025637
 14.634169   0.003935
 14.634169   0.003947
 14.634169  -0.025597
 14.634169   0.003981
 14.634169  -0.025639
 14.634169  -0.025648
 14.634169  -0.025606
 14.634169  -0.025648
 14.634169  -0.025606
 14.634169   0.003957
 14.634169  -0.025606
 14.634169   0.003957
 14.634169  -0.025648
 14.634169  -0.025606
 14.634169  -0.025648
 14.843738  -0.006638
 14.843738  -0.006688
 14.843738  -0.006638
 14.843738  -0.006688
 14.843738  -0.006688
 14.843738  -0.006638
 14.843738  -0.006688
 14.843738  -0.006638
 14.843738   0.018806
 14.843738   0.018848
 14.843738   0.018848
 14.843738   0.018806
 14.843738   0.018848
 14.843738  -0.006747
 14.843738  -0.006641
 14.843738   0.018639
 14.843738  -0.006646
 14.843738  -0.006646
 14.843738  -0.006641
 14.843738  -0.006604
 14.843738   0.018806
 14.843738  -0.006747
 14.843738   0.018639
 14.843738  -0.006604
 14.843738   0.018806
 14.843738   0.018639
 14.843738  -0.006604
 14.843738  -0.006747
 14.843738  -0.006604
 14.843738  -0.006641
 14.843738  -0.006646
 14.843738   0.018848
 14.843738   0.018639
 14.843738  -0.006646
 14.843738  -0.006641
 14.843738  -0.006747
 14.912940   1.193418
 14.912940   1.193418
 14.912940   1.193418
 14.912940   1.193418
 14.912940   0.028940
 14.912940   0.029017
 14.912940   0.028940
 14.912940   0.029091
 14.912940   0.029017
 14.912940   0.029017
 14.912940   0.029091
 14.912940   0.029091
 14.912940   0.028940
 14.912940   0.028940
 14.912940   0.029017
 14.912940   0.029091
 14.912940   0.029091
 14.912940   0.028940
 14.912940   0.029017
 15.388643  -0.008244
 15.388643  -0.008298
 15.388643  -0.008244
 15.388643  -0.008268
 15.388643  -0.008218
 15.388643  -0.008298
 15.388643  -0.008218
 15.388643  -0.008268
 15.388643  -0.008218
 15.388643  -0.008244
 15.388643  -0.008268
 15.388643  -0.008298
 15.388643  -0.008213
 15.388643  -0.008165
 15.388643  -0.008213
 15.388643  -0.008165
 15.388643  -0.008213
 15.388643  -0.008165
 15.455405  -0.034997
 15.455405  -0.034990
 15.455405  -0.034997
 15.455405  -0.034990
 15.455405  -0.034990
 15.455405  -0.034997
 15.455405  -0.034990
 15.455405  -0.034988
 15.455405  -0.034988
 15.455405  -0.034997
 15.455405   0.004101
 15.455405   0.004086
 15.455405   0.003950
 15.455405   0.004086
 15.455405   0.003950
 15.455405   0.004075
 15.455405  -0.034990
 15.455405  -0.034988
 15.455405  -0.034997
 15.455405  -0.034988
 15.455405  -0.034990
 15.455405   0.004075
 15.455405   0.003950
 15.455405   0.004086
 15.455405   0.003950
 15.455405   0.004086
 15.455405   0.004101
 15.455405  -0.034997
 15.455405  -0.034988
 15.455405  -0.034988
 15.719619   0.019723
 15.719619   0.019684
 15.719619   0.019684
 15.719619   0.019684
 15.719619   0.019659
 15.719619   0.019659
 15.719619   0.019659
 15.719619   0.019684
 15.719619   0.019670
 15.719619   0.019723
 15.719619   0.019670
 15.719619   0.019684
 15.719619   0.019702
 15.719619   0.019702
 15.719619   0.019702
 15.719619   0.019684
 15.719619   0.019670
 15.719619   0.019723
 15.914901   0.230535
 15.914901   0.230423
 15.914901  -0.005167
 15.914901  -0.005160
 15.914901   0.230423
 15.914901  -0.005167
 15.914901  -0.005243
 15.914901  -0.005160
 15.914901   0.230535
 15.914901  -0.005160
 15.914901  -0.005243
 15.914901  -0.005243
 15.914901  -0.005167
 15.914901  -0.005167
 15.914901  -0.005160
 15.914901  -0.005243
 15.914901  -0.005243
 15.914901  -0.005167
 15.914901  -0.005160
 15.914901   0.230400
 15.914901   0.230400
 16.235153  -0.119691
 16.235153  -0.119691
 16.235153  -0.119691
 16.235153  -0.119718
 16.235153  -0.119691
 16.235153  -0.119718
 16.424307   0.002422
 16.424307   0.002392
 16.424307  -0.001138
 16.424307   0.002380
 16.424307  -0.001019
 16.424307   0.002390
 16.424307   0.018639
 16.424307   0.018806
 16.424307  -0.001138
 16.424307  -0.001032
 16.424307   0.002342
 16.424307   0.002380
 16.424307   0.002392
 16.424307  -0.001036
 16.424307   0.002373
 16.424307   0.002342
 16.424307  -0.001019
 16.424307   0.002390
 16.424307   0.002422
 16.424307  -0.001023
 16.424307   0.002373
 16.424307  -0.001110
 16.424307   0.018848
 16.424307  -0.001110
 16.424307  -0.001036
 16.424307   0.018848
 16.424307  -0.001110
 16.424307   0.002373
 16.424307  -0.001023
 16.424307   0.002422
 16.424307   0.002390
 16.424307  -0.001032
 16.424307  -0.001019
 16.424307   0.002342
 16.424307   0.002373
 16.424307  -0.001023
 16.424307  -0.001036
 16.424307   0.002392
 16.424307   0.002380
 16.424307   0.002342
 16.424307  -0.001032
 16.424307  -0.001138
 16.424307   0.018806
 16.424307   0.018639
 16.424307   0.002390
 16.424307   0.002380
 16.424307   0.002392
 16.424307   0.002422
 16.486876  -0.069274
 16.486876  -0.069326
 16.486876  -0.069326
 16.486876  -0.069274
 16.486876  -0.069326
 16.486876  -0.069392
 16.486876  -0.069392
 16.486876  -0.069274
 16.486876  -0.069392
 16.486876  -0.069274
 16.486876  -0.069392
 16.486876  -0.069326
 16.486876  -0.069392
 16.486876  -0.069392
 16.486876  -0.069274
 16.486876  -0.069326
 16.486876  -0.069326
 16.486876  -0.069274
 16.734812  -0.044203
 16.734812  -0.044206
 16.734812  -0.006788
 16.734812  -0.006797
 16.734812  -0.006759
 16.734812  -0.006797
 16.734812  -0.006788
 16.734812  -0.006836
 16.734812  -0.044186
 16.734812  -0.006836
 16.734812  -0.006788
 16.734812  -0.006797
 16.734812  -0.006759
 16.734812  -0.006797
 16.734812  -0.006788
 16.918381  -0.008165
 16.918381  -0.008218
 16.918381  -0.008268
 16.918381  -0.008218
 16.918381  -0.008213
 16.918381  -0.008298
 16.918381   0.026053
 16.918381   0.026168
 16.918381   0.026061
 16.918381  -0.008268
 16.918381  -0.008244
 16.918381  -0.008298
 16.918381  -0.008165
 16.918381  -0.008244
 16.918381  -0.008268
 16.918381   0.026061
 16.918381   0.026168
 16.918381   0.026053
 16.918381  -0.008298
 16.918381  -0.008213
 16.918381  -0.008244
 16.918381  -0.008218
 16.918381  -0.008213
 16.918381  -0.008165
 16.979129  -0.076183
 16.979129  -0.076027
 16.979129  -0.076308
 16.979129  -0.076308
 16.979129  -0.076027
 16.979129  -0.076183
 16.979129  -0.076027
 16.979129  -0.076308
 16.979129  -0.076183
 16.979129  -0.076183
 16.979129  -0.076308
 16.979129  -0.076027
 16.979129  -0.076183
 16.979129  -0.076027
 16.979129  -0.076308
 16.979129  -0.076308
 16.979129  -0.076027
 16.979129  -0.076183
 17.219980  -0.102393
 17.219980  -0.102378
 17.219980  -0.112340
 17.219980  -0.102378
 17.219980  -0.102574
 17.219980  -0.102393
 17.219980  -0.112340
 17.219980  -0.102574
 17.219980  -0.112420
 17.398430   0.004191
 17.398430   0.004049
 17.398430   0.003981
 17.398430   0.004191
 17.398430   0.004049
 17.398430   0.004073
 17.398430   0.004062
 17.398430   0.004214
 17.398430   0.004214
 17.398430   0.003981
 17.398430   0.004214
 17.398430   0.004062
 17.398430   0.004073
 17.398430   0.004073
 17.398430   0.004049
 17.398430   0.004191
 17.398430   0.004062
 17.398430   0.003981
 17.457508  -0.013129
 17.457508  -0.013007
 17.457508  -0.013129
 17.457508  -0.013007
 17.457508  -0.013049
 17.457508  -0.013049
 17.691848  -0.025606
 17.691848  -0.025681
 17.691848   0.047208
 17.691848  -0.025648
 17.691848  -0.025639
 17.691848   0.047464
 17.691848  -0.025597
 17.691848   0.047208
 17.691848  -0.025637
 17.691848  -0.025637
 17.691848   0.047208
 17.691848  -0.025597
 17.691848   0.047464
 17.691848  -0.025639
 17.691848  -0.025648
 17.691848   0.047208
 17.691848  -0.025681
 17.691848  -0.025606
 17.865585   0.026367
 17.865585   0.026302
 17.865585   0.026329
 17.865585   0.026277
 17.865585   0.002373
 17.865585   0.002390
 17.865585   0.002342
 17.865585   0.002422
 17.865585   0.002392
 17.865585   0.002380
 17.865585   0.026312
 17.865585   0.026265
 17.865585   0.002380
 17.865585   0.002392
 17.865585   0.002422
 17.865585   0.002342
 17.865585   0.002390
 17.865585   0.002373
 18.151453   0.087429
 18.151453   0.087541
 18.151453   0.087429
 18.151453   0.087469
 18.151453   0.087541
 18.151453   0.087469
 18.320832   0.026061
 18.320832   0.026053
 18.320832   0.026053
 18.320832   0.026061
 18.320832   0.026053
 18.320832   0.026168
 18.320832   0.026061
 18.320832   0.026168
 18.320832   0.026061
 18.320832   0.026168
 18.320832   0.026053
 18.320832   0.026168
 18.376945   0.002493
 18.376945   0.002561
 18.376945   0.002546
 18.376945   0.002546
 18.376945   0.002561
 18.376945   0.002493
 18.376945   0.002493
 18.376945   0.002561
 18.376945   0.002546
 18.376945   0.002546
 18.376945   0.002561
 18.376945   0.002493
 18.376945   0.002493
 18.376945   0.002532
 18.376945   0.002532
 18.376945   0.002532
 18.376945   0.002532
 18.376945   0.002493
 18.376945   0.002493
 18.376945   0.002532
 18.376945   0.002532
 18.376945   0.002532
 18.376945   0.002532
 18.376945   0.002493
 18.599704   0.019684
 18.599704   0.019723
 18.599704   0.019684
 18.599704   0.019723
 18.599704   0.019684
 18.599704   0.019723
 18.599704   0.019702
 18.599704   0.019659
 18.599704   0.019659
 18.599704   0.019670
 18.599704   0.019684
 18.599704   0.019702
 18.599704   0.019684
 18.599704   0.019670
 18.599704   0.019684
 18.599704   0.019659
 18.599704   0.019670
 18.599704   0.019702
 18.765038  -0.005831
 18.765038  -0.005779
 18.765038   0.004214
 18.765038   0.004073
 18.765038  -0.005779
 18.765038   0.032769
 18.765038  -0.005796
 18.765038   0.004062
 18.765038   0.032910
 18.765038   0.004073
 18.765038   0.004062
 18.765038   0.004049
 18.765038   0.004191
 18.765038   0.003981
 18.765038   0.032891
 18.765038  -0.005831
 18.765038  -0.005796
 18.765038   0.003981
 18.765038  -0.005243
 18.765038   0.004214
 18.765038   0.032891
 18.765038   0.003981
 18.765038   0.004191
 18.765038   0.004049
 18.765038   0.004062
 18.765038   0.032910
 18.765038   0.032769
 18.765038   0.004049
 18.765038   0.004073
 18.765038   0.004191
 18.765038   0.004214
 18.765038  -0.005160
 18.765038  -0.005167
 18.819827   0.107546
 18.819827   0.107415
 18.819827   0.107433
 19.037404  -0.119718
 19.037404  -0.119718
 19.037404  -0.119691
 19.037404  -0.119691
 19.037404  -0.119691
 19.037404  -0.119691
 19.198969  -0.006604
 19.198969  -0.001110
 19.198969  -0.006688
 19.198969  -0.001019
 19.198969  -0.006646
 19.198969  -0.006747
 19.198969  -0.006641
 19.198969  -0.006638
 19.198969  -0.001138
 19.198969  -0.001023
 19.198969  -0.006638
 19.198969  -0.001032
 19.198969  -0.006641
 19.198969  -0.001036
 19.198969  -0.006747
 19.198969  -0.006646
 19.198969  -0.006688
 19.198969  -0.006604
 19.252523   0.041263
 19.252523  -0.051538
 19.252523  -0.051486
 19.252523   0.041271
 19.252523  -0.051538
 19.252523  -0.051538
 19.252523  -0.051486
 19.252523  -0.051538
 19.252523   0.041305
 19.252523   0.041290
 19.252523   0.041305
 19.252523   0.041269
 19.465264  -0.006788
 19.465264  -0.006788
 19.465264  -0.006788
 19.465264  -0.006788
 19.465264  -0.006836
 19.465264  -0.006797
 19.465264  -0.006797
 19.465264  -0.006759
 19.465264  -0.006759
 19.465264  -0.006797
 19.465264  -0.006797
 19.465264  -0.006836
 19.623307   0.026061
 19.623307   0.026168
 19.623307   0.026053
 19.623307   0.026053
 19.623307   0.026168
 19.623307   0.026061
 20.038661   0.004214
 20.038661   0.004191
 20.038661   0.008822
 20.038661   0.008781
 20.038661   0.008802
 20.038661   0.008871
 20.038661   0.004049
 20.038661   0.008815
 20.038661   0.008844
 20.038661   0.004062
 20.038661   0.004073
 20.038661   0.003981
 20.089977  -0.002395
 20.089977  -0.002378
 20.089977  -0.002452
 20.089977  -0.002420
 20.089977  -0.002420
 20.089977  -0.002378
 20.089977  -0.002378
 20.089977  -0.002420
 20.089977  -0.002420
 20.089977  -0.002452
 20.089977  -0.002378
 20.089977  -0.002395
 20.293941   0.047208
 20.293941   0.047208
 20.293941   0.047208
 20.293941   0.047464
 20.293941   0.047208
 20.293941   0.047464
 20.445579  -0.001110
 20.445579  -0.001032
 20.445579   0.002373
 20.445579  -0.001023
 20.445579   0.002422
 20.445579   0.002380
 20.445579   0.002390
 20.445579  -0.001032
 20.445579  -0.001138
 20.445579   0.002342
 20.445579  -0.001036
 20.445579  -0.001023
 20.445579   0.002392
 20.445579  -0.001019
 20.445579  -0.001036
 20.445579  -0.001110
 20.445579  -0.001019
 20.445579   0.002392
 20.445579  -0.001023
 20.445579  -0.001036
 20.445579   0.002342
 20.445579  -0.001138
 20.445579   0.002390
 20.445579   0.002380
 20.445579   0.002422
 20.445579   0.002373
 20.445579  -0.001019
 20.445579  -0.001032
 20.445579  -0.001138
 20.445579  -0.001110
 20.495876   0.029017
 20.495876   0.028940
 20.495876   0.029017
 20.495876   0.028940
 20.495876   0.029091
 20.495876   0.029017
 20.495876   0.028940
 20.495876   0.029091
 20.495876   0.029091
 20.695840   0.087469
 20.695840   0.087541
 20.695840   0.087469
 20.695840   0.087429
 20.695840   0.087541
 20.695840   0.087429
 20.844555   0.025731
 20.844555   0.025755
 20.844555   0.025706
 20.844555   0.025750
 20.844555   0.025735
 20.844555   0.025755
 20.893891   0.004075
 20.893891   0.004086
 20.893891   0.004101
 20.893891   0.003950
 20.893891   0.003950
 20.893891   0.004086
 20.893891   0.004086
 20.893891   0.003950
 20.893891   0.003950
 20.893891   0.004101
 20.893891   0.004086
 20.893891   0.004075
 21.090082   0.108055
 21.090082   0.107786
 21.090082   0.019702
 21.090082   0.107786
 21.090082   0.019670
 21.090082   0.019684
 21.090082   0.019684
 21.090082   0.019659
 21.090082   0.019723
 21.236036   0.032769
 21.236036   0.032891
 21.236036   0.032910
 21.236036   0.004191
 21.236036   0.032910
 21.236036   0.032891
 21.236036   0.032769
 21.236036   0.004214
 21.236036   0.003981
 21.236036   0.004073
 21.236036   0.004062
 21.236036   0.004049
 21.477088   0.012490
 21.477088   0.012508
 21.477088   0.012456
 21.477088   0.012432
 21.477088   0.012508
 21.477088   0.012432
 21.620430  -0.006604
 21.620430  -0.006638
 21.620430  -0.006646
 21.620430  -0.006641
 21.620430  -0.006747
 21.620430  -0.006688
 21.620430  -0.006688
 21.620430  -0.006747
 21.620430  -0.006641
 21.620430  -0.006646
 21.620430  -0.006638
 21.620430  -0.006604
 21.668000  -0.069274
 21.668000  -0.069326
 21.668000  -0.069326
 21.668000  -0.069274
 21.668000  -0.069392
 21.668000  -0.069392
 22.044863  -0.076183
 22.044863  -0.076308
 22.044863  -0.076027
 22.044863  -0.076027
 22.044863  -0.076308
 22.044863  -0.076183
 22.369410   0.008815
 22.369410   0.008781
 22.369410  -0.005160
 22.369410  -0.005167
 22.369410   0.008822
 22.369410  -0.005831
 22.369410   0.008802
 22.369410   0.008844
 22.369410  -0.005167
 22.369410  -0.005243
 22.369410  -0.005160
 22.369410  -0.005779
 22.369410   0.008871
 22.369410  -0.005243
 22.369410  -0.005796
 22.415390  -0.013007
 22.415390  -0.013129
 22.415390  -0.013007
 22.415390  -0.013049
 22.415390  -0.013129
 22.415390  -0.013049
 22.598376   0.003981
 22.598376   0.003947
 22.598376  -0.025606
 22.598376  -0.025637
 22.598376   0.003935
 22.598376  -0.025648
 22.598376   0.003957
 22.598376  -0.025597
 22.598376  -0.025639
 22.598376  -0.025681
 22.598376   0.003947
 22.598376   0.003957
 22.598376  -0.025681
 22.598376  -0.025639
 22.598376  -0.025597
 22.598376  -0.025648
 22.598376  -0.025637
 22.598376  -0.025606
 22.734649  -0.001032
 22.734649  -0.001138
 22.734649  -0.001019
 22.734649  -0.001110
 22.734649  -0.001036
 22.734649  -0.001023
 23.094113   0.025735
 23.094113   0.025755
 23.094113   0.025731
 23.094113  -0.008165
 23.094113  -0.008244
 23.094113   0.025706
 23.094113  -0.008213
 23.094113  -0.008268
 23.094113  -0.008218
 23.094113  -0.008298
 23.094113   0.025755
 23.094113   0.025750
 23.315963   0.019723
 23.315963   0.019659
 23.315963   0.019684
 23.315963   0.019670
 23.315963   0.019684
 23.315963   0.019702
 23.491935   0.107546
 23.491935   0.107433
 23.491935   0.107415
 23.796755   0.018639
 23.796755   0.018848
 23.796755   0.018806
 23.796755   0.018806
 23.796755   0.018848
 23.796755   0.018639
 23.839983   0.041269
 23.839983   0.041290
 23.839983   0.041271
 23.839983   0.041263
 23.839983   0.041305
 23.839983   0.041305
 24.140408  -0.008298
 24.140408  -0.008218
 24.140408  -0.008268
 24.140408  -0.008213
 24.140408  -0.008244
 24.140408  -0.008165
 24.352729  -0.102393
 24.352729  -0.102378
 24.352729  -0.102574
 24.813441   0.026367
 24.813441   0.026312
 24.813441   0.026329
 24.813441   0.026265
 24.813441   0.026302
 24.813441   0.026277
 25.184118  -0.034997
 25.184118  -0.034988
 25.184118  -0.034990
 25.184118  -0.034990
 25.184118  -0.034988
 25.184118  -0.034997
 25.988925  -0.044203
 25.988925  -0.044186
 25.988925  -0.044206
 26.421121   0.230535
 26.421121   0.230423
 26.421121   0.230400
