  R1   R2   R3      I1   I2   I3      A1   A2           dist.               Jij
   0    0    0       0    0    0       1    2      3.81380411240682  27.92361066874932
   0    0   -1       0    0    9       1    2      3.81380411240682  27.90799813744475
  -1   -1    0       9    9    0       1    2      3.81380411240682   0.07820166925687
  -1   -1   -1       9    9    9       1    2      3.81380411240682   0.07815885936248
   0   -1    0       0    9    0       1    2      7.14122255953186  -0.00001594307588
   0   -1   -1       0    9    9       1    2      7.14122255953186  -0.00001601540242
  -1    0    0       9    0    0       1    2      7.14122255953186  -0.00001456641221
  -1    0   -1       9    0    9       1    2      7.14122255953186  -0.00001464795682
   0    0    1       0    0    1       1    2      8.52792486873657   0.07868520240583
   0    0   -2       0    0    8       1    2      8.52792486873657   0.07864176604516
  -1   -1    1       9    9    1       1    2      8.52792486873657  -0.00897199038087
  -1   -1   -2       9    9    8       1    2      8.52792486873657  -0.00895281269937
   1    1    0       1    1    0       1    2      8.52792562768321  27.90803755276209
   1    1   -1       1    1    9       1    2      8.52792562768321  27.92388737449779
  -2   -2    0       8    8    0       1    2      8.52792562768321   0.00023773670573
  -2   -2   -1       8    8    9       1    2      8.52792562768321   0.00023781897540
   0    1    0       0    1    0       1    2      8.94914892582022   0.00027706361499
   0    1   -1       0    1    9       1    2      8.94914892582022   0.00027685130991
   1    0    0       1    0    0       1    2      8.94914892582022   0.00027705659469
   1    0   -1       1    0    9       1    2      8.94914892582022   0.00027685669402
  -2   -1    0       8    9    0       1    2      8.94914892582022   0.00000009999321
  -2   -1   -1       8    9    9       1    2      8.94914892582022   0.00000009419618
  -1   -2    0       9    8    0       1    2      8.94914892582022  -0.00000007881009
  -1   -2   -1       9    8    9       1    2      8.94914892582022  -0.00000008486300
   0   -1    1       0    9    1       1    2     10.44880186450922   0.00005613425302
   0   -1   -2       0    9    8       1    2     10.44880186450922   0.00005623166078
  -1    0    1       9    0    1       1    2     10.44880186450922   0.00004869787304
  -1    0   -2       9    0    8       1    2     10.44880186450922   0.00004875635417
   1    1    1       1    1    1       1    2     11.44141233722046   0.07863887579927
   1    1   -2       1    1    8       1    2     11.44141233722046   0.07866689501721
  -2   -2    1       8    8    1       1    2     11.44141233722046   0.00010427420456
  -2   -2   -2       8    8    8       1    2     11.44141233722046   0.00010607057076
   0    1    1       0    1    1       1    2     11.75872728042936   0.00018439416306
   0    1   -2       0    1    8       1    2     11.75872728042936   0.00018409545662
   1    0    1       1    0    1       1    2     11.75872728042936   0.00018438876638
   1    0   -2       1    0    8       1    2     11.75872728042936   0.00018409978489
  -2   -1    1       8    9    1       1    2     11.75872728042936   0.00001180571548
  -2   -1   -2       8    9    8       1    2     11.75872728042936   0.00001174969111
  -1   -2    1       9    8    1       1    2     11.75872728042936   0.00001120956360
  -1   -2   -2       9    8    8       1    2     11.75872728042936   0.00001107703275
   1    2    0       1    2    0       1    2     12.93668763833063  -0.00001602275060
   1    2   -1       1    2    9       1    2     12.93668763833063  -0.00001607103164
   2    1    0       2    1    0       1    2     12.93668763833063  -0.00001465492787
   2    1   -1       2    1    9       1    2     12.93668763833063  -0.00001469095104
  -3   -2    0       7    8    0       1    2     12.93668763833063   0.00000551710991
  -3   -2   -1       7    8    9       1    2     12.93668763833063   0.00000554087267
  -2   -3    0       8    7    0       1    2     12.93668763833063   0.00000576605636
  -2   -3   -1       8    7    9       1    2     12.93668763833063   0.00000579262373
   0    0    2       0    0    2       1    2     13.75086557584011   0.00017413340723
   0    0   -3       0    0    7       1    2     13.75086557584011   0.00019494432363
  -1   -1    2       9    9    2       1    2     13.75086557584011   0.00010422305958
  -1   -1   -3       9    9    7       1    2     13.75086557584011   0.00008524094429
   2    2    0       2    2    0       1    2     13.75086698787628   0.07816291872537
   2    2   -1       2    2    9       1    2     13.75086698787628   0.07819091080549
  -3   -3    0       7    7    0       1    2     13.75086698787628   0.00009903374489
  -3   -3   -1       7    7    9       1    2     13.75086698787628   0.00009940451166
   0   -2    0       0    8    0       1    2     13.76383449505900   0.00000005398855
   0   -2   -1       0    8    9       1    2     13.76383449505900   0.00000005073432
   1   -1    0       1    9    0       1    2     13.76383449505900   0.00000239985029
   1   -1   -1       1    9    9       1    2     13.76383449505900   0.00000239022662
  -2    0    0       8    0    0       1    2     13.76383449505900   0.00000004460724
  -2    0   -1       8    0    9       1    2     13.76383449505900   0.00000004023258
  -1    1    0       9    1    0       1    2     13.76383449505900   0.00000237143943
  -1    1   -1       9    1    9       1    2     13.76383449505900   0.00000236041332
   0   -1    2       0    9    2       1    2     15.01793134628669   0.00000001941968
   0   -1   -3       0    9    7       1    2     15.01793134628669   0.00000004300231
  -1    0    2       9    0    2       1    2     15.01793134628669  -0.00000008706877
  -1    0   -3       9    0    7       1    2     15.01793134628669   0.00000004168238
   1    2    1       1    2    1       1    2     15.01793220822164   0.00005621909456
   1    2   -2       1    2    8       1    2     15.01793220822164   0.00005640155613
   2    1    1       2    1    1       1    2     15.01793220822164   0.00004875847552
   2    1   -2       2    1    8       1    2     15.01793220822164   0.00004892037211
  -3   -2    1       7    8    1       1    2     15.01793220822164   0.00000047969559
  -3   -2   -2       7    8    8       1    2     15.01793220822164   0.00000047214637
  -2   -3    1       8    7    1       1    2     15.01793220822164   0.00000051335915
  -2   -3   -2       8    7    8       1    2     15.01793220822164   0.00000050540959
   1    1    2       1    1    2       1    2     15.72471677927172   0.00017424237429
   1    1   -3       1    1    7       1    2     15.72471677927172   0.00019546784259
  -2   -2    2       8    8    2       1    2     15.72471677927172  -0.00003767955246
  -2   -2   -3       8    8    7       1    2     15.72471677927172  -0.00000927540462
   2    2    1       2    2    1       1    2     15.72471760246493  -0.00895091010954
   2    2   -2       2    2    8       1    2     15.72471760246493  -0.00896998303133
  -3   -3    1       7    7    1       1    2     15.72471760246493   0.00006349733003
  -3   -3   -2       7    7    8       1    2     15.72471760246493   0.00006224661931
   0   -2    1       0    8    1       1    2     15.73605861600612   0.00000000121327
   0   -2   -2       0    8    8       1    2     15.73605861600612   0.00000000140373
   1   -1    1       1    9    1       1    2     15.73605861600612  -0.00000006039155
   1   -1   -2       1    9    8       1    2     15.73605861600612  -0.00000006133448
  -2    0    1       8    0    1       1    2     15.73605861600612   0.00000000998883
  -2    0   -2       8    0    8       1    2     15.73605861600612   0.00000001037616
  -1    1    1       9    1    1       1    2     15.73605861600612  -0.00000005031482
  -1    1   -2       9    1    8       1    2     15.73605861600612  -0.00000005165405
  -3   -1    0       7    9    0       1    2     15.73605902730607   0.00000004195949
  -3   -1   -1       7    9    9       1    2     15.73605902730607   0.00000004094318
   0    2    0       0    2    0       1    2     15.73605902730607   0.00000238986570
   0    2   -1       0    2    9       1    2     15.73605902730607   0.00000237871935
   2    0    0       2    0    0       1    2     15.73605902730607   0.00000236006014
   2    0   -1       2    0    9       1    2     15.73605902730607   0.00000235059916
  -1   -3    0       9    7    0       1    2     15.73605902730607   0.00000007043811
  -1   -3   -1       9    7    9       1    2     15.73605902730607   0.00000006915416
   0    1    2       0    1    2       1    2     15.95708208832438   0.00000200031748
   0    1   -3       0    1    7       1    2     15.95708208832438   0.00000238331862
   1    0    2       1    0    2       1    2     15.95708208832438   0.00000200059250
   1    0   -3       1    0    7       1    2     15.95708208832438   0.00000238319244
  -2   -1    2       8    9    2       1    2     15.95708208832438   0.00000285552244
  -2   -1   -3       8    9    7       1    2     15.95708208832438   0.00000391771108
  -1   -2    2       9    8    2       1    2     15.95708208832438   0.00000292934190
  -1   -2   -3       9    8    7       1    2     15.95708208832438   0.00000396205780
  -3   -1    1       7    9    1       1    2     17.48725119822625   0.00000073749232
  -3   -1   -2       7    9    8       1    2     17.48725119822625   0.00000073574609
   0    2    1       0    2    1       1    2     17.48725119822625  -0.00000006117689
   0    2   -2       0    2    8       1    2     17.48725119822625  -0.00000006321237
   2    0    1       2    0    1       1    2     17.48725119822625  -0.00000005158149
   2    0   -2       2    0    8       1    2     17.48725119822625  -0.00000005281688
  -1   -3    1       9    7    1       1    2     17.48725119822625   0.00000089922494
  -1   -3   -2       9    7    8       1    2     17.48725119822625   0.00000089731867
   2    3    0       2    3    0       1    2     17.68640498548104  -0.00000002798936
   2    3   -1       2    3    9       1    2     17.68640498548104  -0.00000002785475
   3    2    0       3    2    0       1    2     17.68640498548104   0.00000025697839
   3    2   -1       3    2    9       1    2     17.68640498548104   0.00000026085137
  -4   -3    0       6    7    0       1    2     17.68640498548104   0.00000012281845
  -4   -3   -1       6    7    9       1    2     17.68640498548104   0.00000011971990
  -3   -4    0       7    6    0       1    2     17.68640498548105   0.00000012575261
  -3   -4   -1       7    6    9       1    2     17.68640498548105   0.00000012284888
   1    2    2       1    2    2       1    2     18.49051349554009   0.00000002728402
   1    2   -3       1    2    7       1    2     18.49051349554009   0.00000004793289
   2    1    2       2    1    2       1    2     18.49051349554009  -0.00000008069298
   2    1   -3       2    1    7       1    2     18.49051349554009   0.00000005054195
  -3   -2    2       7    8    2       1    2     18.49051349554009   0.00000327752202
  -3   -2   -3       7    8    7       1    2     18.49051349554009   0.00000435718387
  -2   -3    2       8    7    2       1    2     18.49051349554009   0.00000326303191
  -2   -3   -3       8    7    7       1    2     18.49051349554009   0.00000434649492
   0    0    3       0    0    3       1    2     19.06901954380031   0.00004308020313
   0    0   -4       0    0    6       1    2     19.06901954380031   0.00000447436338
  -1   -1    3       9    9    3       1    2     19.06901954380031   0.00005722349011
  -1   -1   -4       9    9    6       1    2     19.06901954380031   0.00000655897630
   2    2    2       2    2    2       1    2     19.06902056203410   0.00010585906164
   2    2   -3       2    2    7       1    2     19.06902056203410   0.00008533501953
  -3   -3    2       7    7    2       1    2     19.06902056203410   0.00023827597294
  -3   -3   -3       7    7    7       1    2     19.06902056203410   0.00029672165530
   3    3    0       3    3    0       1    2     19.06902158026784   0.00027282933284
   3    3   -1       3    3    9       1    2     19.06902158026784   0.00027338858348
  -4   -4    0       6    6    0       1    2     19.06902158026784   0.00000264681742
  -4   -4   -1       6    6    9       1    2     19.06902158026784   0.00000259473312
   0   -2    2       0    8    2       1    2     19.07837368027971   0.00000074653985
   0   -2   -3       0    8    7       1    2     19.07837368027971   0.00000087375046
   1   -1    2       1    9    2       1    2     19.07837368027971  -0.00000000787112
   1   -1   -3       1    9    7       1    2     19.07837368027971   0.00000000282053
  -2    0    2       8    0    2       1    2     19.07837368027971   0.00000090169667
  -2    0   -3       8    0    7       1    2     19.07837368027971   0.00000106109549
  -1    1    2       9    1    2       1    2     19.07837368027971  -0.00000000807702
  -1    1   -3       9    1    7       1    2     19.07837368027971   0.00000000987426
   3    1    0       3    1    0       1    2     19.07837469801426   0.00000003719335
   3    1   -1       3    1    9       1    2     19.07837469801426   0.00000003351051
   1    3    0       1    3    0       1    2     19.07837469801426   0.00000004754511
   1    3   -1       1    3    9       1    2     19.07837469801426   0.00000004273315
  -4   -2    0       6    8    0       1    2     19.07837469801426   0.00000016891320
  -4   -2   -1       6    8    9       1    2     19.07837469801426   0.00000016735888
  -2   -4    0       8    6    0       1    2     19.07837469801426   0.00000011169379
  -2   -4   -1       8    6    9       1    2     19.07837469801426   0.00000011050130
   2    3    1       2    3    1       1    2     19.26108309699777   0.00001280725251
   2    3   -2       2    3    8       1    2     19.26108309699777   0.00001288791632
   3    2    1       3    2    1       1    2     19.26108309699777   0.00001352637436
   3    2   -2       3    2    8       1    2     19.26108309699777   0.00001352241431
  -4   -3    1       6    7    1       1    2     19.26108309699777   0.00000006007065
  -4   -3   -2       6    7    8       1    2     19.26108309699777   0.00000005864844
  -3   -4    1       7    6    1       1    2     19.26108309699777   0.00000006055598
  -3   -4   -2       7    6    8       1    2     19.26108309699777   0.00000005917636
   0   -1    3       0    9    3       1    2     20.00198650631466   0.00000004993899
   0   -1   -4       0    9    6       1    2     20.00198650631466   0.00000016912566
  -1    0    3       9    0    3       1    2     20.00198650631466   0.00000024475465
  -1    0   -4       9    0    6       1    2     20.00198650631466   0.00000023871658
   1   -2    0       1    8    0       1    2     20.01981858169290   0.00000010806132
   1   -2   -1       1    8    9       1    2     20.01981858169290   0.00000010715224
  -2    1    0       8    1    0       1    2     20.01981858169290   0.00000012851940
  -2    1   -1       8    1    9       1    2     20.01981858169290   0.00000012755041
   1    1    3       1    1    3       1    2     20.53796289959944   0.00004339453448
   1    1   -4       1    1    6       1    2     20.53796289959944   0.00000452510741
  -2   -2    3       8    8    3       1    2     20.53796289959944   0.00024134105084
  -2   -2   -4       8    8    6       1    2     20.53796289959944   0.00001476572375
   3    3    1       3    3    1       1    2     20.53796447527663   0.00008375678720
   3    3   -2       3    3    8       1    2     20.53796447527663   0.00008398141912
  -4   -4    1       6    6    1       1    2     20.53796447527663   0.00000302704359
  -4   -4   -2       6    6    8       1    2     20.53796447527663   0.00000304223323
  -3   -1    2       7    9    2       1    2     20.54664829084964   0.00000001245226
  -3   -1   -3       7    9    7       1    2     20.54664829084964   0.00000008687980
   0    2    2       0    2    2       1    2     20.54664829084964  -0.00000000716442
   0    2   -3       0    2    7       1    2     20.54664829084964   0.00000000322405
   2    0    2       2    0    2       1    2     20.54664829084964  -0.00000000711384
   2    0   -3       2    0    7       1    2     20.54664829084964   0.00000001049867
  -1   -3    2       9    7    2       1    2     20.54664829084964  -0.00000001308244
  -1   -3   -3       9    7    7       1    2     20.54664829084964   0.00000004683024
   3    1    1       3    1    1       1    2     20.54664892085410   0.00000001037595
   3    1   -2       3    1    8       1    2     20.54664892085410   0.00000001027251
   1    3    1       1    3    1       1    2     20.54664892085411   0.00000000136018
   1    3   -2       1    3    8       1    2     20.54664892085411   0.00000000162257
  -4   -2    1       6    8    1       1    2     20.54664892085411   0.00000117644721
  -4   -2   -2       6    8    8       1    2     20.54664892085411   0.00000117343414
  -2   -4    1       8    6    1       1    2     20.54664892085411   0.00000103404478
  -2   -4   -2       8    6    8       1    2     20.54664892085411   0.00000102954247
   0    1    3       0    1    3       1    2     20.71641067005904   0.00000053436700
   0    1   -4       0    1    6       1    2     20.71641067005904   0.00000006879266
   1    0    3       1    0    3       1    2     20.71641067005904   0.00000053437777
   1    0   -4       1    0    6       1    2     20.71641067005904   0.00000006877152
  -2   -1    3       8    9    3       1    2     20.71641067005904   0.00001040016921
  -2   -1   -4       8    9    6       1    2     20.71641067005904   0.00000055368305
  -1   -2    3       9    8    3       1    2     20.71641067005904   0.00001055562913
  -1   -2   -4       9    8    6       1    2     20.71641067005904   0.00000051544610
   0   -3    0       0    7    0       1    2     20.73362830996155   0.00000021139995
   0   -3   -1       0    7    9       1    2     20.73362830996155   0.00000021058813
   2   -1    0       2    9    0       1    2     20.73362830996155   0.00000003680691
   2   -1   -1       2    9    9       1    2     20.73362830996155   0.00000003631073
  -3    0    0       7    0    0       1    2     20.73362830996155   0.00000024486600
  -3    0   -1       7    0    9       1    2     20.73362830996155   0.00000024398463
  -1    2    0       9    2    0       1    2     20.73362830996155   0.00000003686677
  -1    2   -1       9    2    9       1    2     20.73362830996155   0.00000003637020
   1   -2    1       1    8    1       1    2     21.42366767859558   0.00000026187788
   1   -2   -2       1    8    8       1    2     21.42366767859558   0.00000026285467
  -2    1    1       8    1    1       1    2     21.42366767859558   0.00000026168283
  -2    1   -2       8    1    8       1    2     21.42366767859558   0.00000026236278
   2    3    2       2    3    2       1    2     22.07600787251767   0.00000403258370
   2    3   -3       2    3    7       1    2     22.07600787251767   0.00000434449097
   3    2    2       3    2    2       1    2     22.07600787251767   0.00000394295176
   3    2   -3       3    2    7       1    2     22.07600787251767   0.00000429740863
  -4   -3    2       6    7    2       1    2     22.07600787251767   0.00000009117688
  -4   -3   -3       6    7    7       1    2     22.07600787251767   0.00000002897926
  -3   -4    2       7    6    2       1    2     22.07600787251767   0.00000009161197
  -3   -4   -3       7    6    7       1    2     22.07600787251767   0.00000002861328
   0   -3    1       0    7    1       1    2     22.09216475709529   0.00000025288735
   0   -3   -2       0    7    8       1    2     22.09216475709529   0.00000025332537
   2   -1    1       2    9    1       1    2     22.09216475709529   0.00000029938532
   2   -1   -2       2    9    8       1    2     22.09216475709529   0.00000030018853
  -3    0    1       7    0    1       1    2     22.09216475709529   0.00000025322132
  -3    0   -2       7    0    8       1    2     22.09216475709529   0.00000025332261
  -1    2    1       9    2    1       1    2     22.09216475709529   0.00000029940953
  -1    2   -2       9    2    8       1    2     22.09216475709529   0.00000030013090
   1    2    3       1    2    3       1    2     22.72532269530542   0.00000004970411
   1    2   -4       1    2    6       1    2     22.72532269530542   0.00000014923723
   2    1    3       2    1    3       1    2     22.72532269530542   0.00000023910890
   2    1   -4       2    1    6       1    2     22.72532269530542   0.00000021595307
  -3   -2    3       7    8    3       1    2     22.72532269530542   0.00000544229138
  -3   -2   -4       7    8    6       1    2     22.72532269530542   0.00000017711625
  -2   -3    3       8    7    3       1    2     22.72532269530542   0.00000542946347
  -2   -3   -4       8    7    6       1    2     22.72532269530542   0.00000017751806
   3    4    0       3    4    0       1    2     22.72532440412338   0.00000027182258
   3    4   -1       3    4    9       1    2     22.72532440412338   0.00000027465276
   4    3    0       4    3    0       1    2     22.72532440412338   0.00000029892210
   4    3   -1       4    3    9       1    2     22.72532440412338   0.00000030119078
  -5   -4    0       5    6    0       1    2     22.72532440412338   0.00000000063967
  -5   -4   -1       5    6    9       1    2     22.72532440412338   0.00000000077898
  -4   -5    0       6    5    0       1    2     22.72532440412338   0.00000000064697
  -4   -5   -1       6    5    9       1    2     22.72532440412338   0.00000000077965
   0    3    0       0    3    0       1    2     22.74101940219185   0.00000011677664
   0    3   -1       0    3    9       1    2     22.74101940219185   0.00000011594296
   3    0    0       3    0    0       1    2     22.74101940219185   0.00000014015191
   3    0   -1       3    0    9       1    2     22.74101940219185   0.00000013927667
  -4   -1    0       6    9    0       1    2     22.74101940219185   0.00000000134831
  -4   -1   -1       6    9    9       1    2     22.74101940219185   0.00000000147578
  -1   -4    0       9    6    0       1    2     22.74101940219185   0.00000000104448
  -1   -4   -1       9    6    9       1    2     22.74101940219185   0.00000000115689
   2    2    3       2    2    3       1    2     23.19846433435396   0.00005610213579
   2    2   -4       2    2    6       1    2     23.19846433435396   0.00000580680089
  -3   -3    3       7    7    3       1    2     23.19846433435396   0.00028055482578
  -3   -3   -4       7    7    6       1    2     23.19846433435396   0.00000535996755
   3    3    2       3    3    2       1    2     23.19846517133696  -0.00000859361750
   3    3   -3       3    3    7       1    2     23.19846517133696  -0.00000090868444
  -4   -4    2       6    6    2       1    2     23.19846517133696   0.00000535427687
  -4   -4   -3       6    6    7       1    2     23.19846517133696   0.00000217758503
   0   -2    3       0    8    3       1    2     23.20615316163803   0.00000116605505
   0   -2   -4       0    8    6       1    2     23.20615316163803   0.00000007471445
   1   -1    3       1    9    3       1    2     23.20615316163803   0.00000000542749
   1   -1   -4       1    9    6       1    2     23.20615316163803   0.00000002098354
  -2    0    3       8    0    3       1    2     23.20615316163803   0.00000142624383
  -2    0   -4       8    0    6       1    2     23.20615316163803   0.00000009561255
  -1    1    3       9    1    3       1    2     23.20615316163803   0.00000002016994
  -1    1   -4       9    1    6       1    2     23.20615316163803   0.00000003049172
   3    1    2       3    1    2       1    2     23.20615399834372   0.00000089821904
   3    1   -3       3    1    7       1    2     23.20615399834372   0.00000106119750
   1    3    2       1    3    2       1    2     23.20615399834372   0.00000074335058
   1    3   -3       1    3    7       1    2     23.20615399834372   0.00000087425003
  -4   -2    2       6    8    2       1    2     23.20615399834372   0.00000024704098
  -4   -2   -3       6    8    7       1    2     23.20615399834372   0.00000032393714
  -2   -4    2       8    6    2       1    2     23.20615399834372   0.00000035656305
  -2   -4   -3       8    6    7       1    2     23.20615399834372   0.00000045325104
   2    4    0       2    4    0       1    2     23.20615483504937   0.00000006223797
   2    4   -1       2    4    9       1    2     23.20615483504937   0.00000006134384
   4    2    0       4    2    0       1    2     23.20615483504937   0.00000003638492
   4    2   -1       4    2    9       1    2     23.20615483504937   0.00000003559663
  -5   -3    0       5    7    0       1    2     23.20615483504937  -0.00000000037175
  -5   -3   -1       5    7    9       1    2     23.20615483504937  -0.00000000022273
  -3   -5    0       7    5    0       1    2     23.20615483504938  -0.00000000019165
  -3   -5   -1       7    5    9       1    2     23.20615483504938  -0.00000000008227
   3    4    1       3    4    1       1    2     23.97124882086143   0.00000109980915
   3    4   -2       3    4    8       1    2     23.97124882086143   0.00000106059440
   4    3    1       4    3    1       1    2     23.97124882086143   0.00000113593840
   4    3   -2       4    3    8       1    2     23.97124882086143   0.00000109313773
  -5   -4    1       5    6    1       1    2     23.97124882086143   0.00000000014844
  -5   -4   -2       5    6    8       1    2     23.97124882086143   0.00000000010217
  -4   -5    1       6    5    1       1    2     23.97124882086143   0.00000000014902
  -4   -5   -2       6    5    8       1    2     23.97124882086143   0.00000000010305
   1   -2    2       1    8    2       1    2     23.98612803936704  -0.00000000827821
   1   -2   -3       1    8    7       1    2     23.98612803936704  -0.00000000315241
  -2    1    2       8    1    2       1    2     23.98612803936704  -0.00000000986713
  -2    1   -3       8    1    7       1    2     23.98612803936704  -0.00000000137659
   0    3    1       0    3    1       1    2     23.98612857903231   0.00000027485603
   0    3   -2       0    3    8       1    2     23.98612857903231   0.00000027644601
   3    0    1       3    0    1       1    2     23.98612857903231   0.00000027448517
   3    0   -2       3    0    8       1    2     23.98612857903231   0.00000027591287
  -4   -1    1       6    9    1       1    2     23.98612857903231   0.00000000013238
  -4   -1   -2       6    9    8       1    2     23.98612857903231   0.00000000003558
  -1   -4    1       9    6    1       1    2     23.98612857903231   0.00000000012774
  -1   -4   -2       9    6    8       1    2     23.98612857903231   0.00000000003762
   0    0    4       0    0    4       1    2     24.42026022379483   0.00000142461010
   0    0   -5       0    0    5       1    2     24.42026022379483   0.00000007821586
  -1   -1    4       9    9    4       1    2     24.42026022379483   0.00000239844883
  -1   -1   -5       9    9    5       1    2     24.42026022379483   0.00000025856721
   4    4    0       4    4    0       1    2     24.42026287415146   0.00000935493810
   4    4   -1       4    4    9       1    2     24.42026287415146   0.00000942229246
  -5   -5    0       5    5    0       1    2     24.42026287415146   0.00000014338804
  -5   -5   -1       5    5    9       1    2     24.42026287415146   0.00000012260052
   0    2    3       0    2    3       1    2     24.42756554110311   0.00000000572424
   0    2   -4       0    2    6       1    2     24.42756554110311   0.00000002093705
   2    0    3       2    0    3       1    2     24.42756554110311   0.00000002059172
   2    0   -4       2    0    6       1    2     24.42756554110311   0.00000003032356
  -3   -1    3       7    9    3       1    2     24.42756554110311   0.00000032746515
  -3   -1   -4       7    9    6       1    2     24.42756554110311   0.00000003003198
  -1   -3    3       9    7    3       1    2     24.42756554110311   0.00000025004295
  -1   -3   -4       9    7    6       1    2     24.42756554110311   0.00000002698828
   2    4    1       2    4    1       1    2     24.42756686588514   0.00000100001754
   2    4   -2       2    4    8       1    2     24.42756686588514   0.00000100355426
   4    2    1       4    2    1       1    2     24.42756686588514   0.00000082259596
   4    2   -2       4    2    8       1    2     24.42756686588514   0.00000082559325
  -5   -3    1       5    7    1       1    2     24.42756686588514   0.00000000869704
  -5   -3   -2       5    7    8       1    2     24.42756686588514   0.00000000794599
  -3   -5    1       7    5    1       1    2     24.42756686588515   0.00000000903983
  -3   -5   -2       7    5    8       1    2     24.42756686588515   0.00000000838678
   0   -3    2       0    7    2       1    2     24.58504718670786   0.00000002272317
   0   -3   -3       0    7    7       1    2     24.58504718670786   0.00000002916362
   2   -1    2       2    9    2       1    2     24.58504718670786   0.00000040160699
   2   -1   -3       2    9    7       1    2     24.58504718670786   0.00000046066799
  -3    0    2       7    0    2       1    2     24.58504718670786   0.00000003459236
  -3    0   -3       7    0    7       1    2     24.58504718670786   0.00000004421706
  -1    2    2       9    2    2       1    2     24.58504718670786   0.00000040191194
  -1    2   -3       9    2    7       1    2     24.58504718670786   0.00000046083064
   0   -1    4       0    9    4       1    2     25.15553750637842   0.00000003921495
   0   -1   -5       0    9    5       1    2     25.15553750637842   0.00000000599544
  -1    0    4       9    0    4       1    2     25.15553750637842   0.00000004803897
  -1    0   -5       9    0    5       1    2     25.15553750637842   0.00000000674165
   1    1    4       1    1    4       1    2     25.58377460620971   0.00000138286097
   1    1   -5       1    1    5       1    2     25.58377460620971   0.00000006084812
  -2   -2    4       8    8    4       1    2     25.58377460620971   0.00000518746536
  -2   -2   -5       8    8    5       1    2     25.58377460620971   0.00000010581439
   4    4    1       4    4    1       1    2     25.58377688304963   0.00000867885681
   4    4   -2       4    4    8       1    2     25.58377688304963   0.00000781469872
  -5   -5    1       5    5    1       1    2     25.58377688304963   0.00000031679782
  -5   -5   -2       5    5    8       1    2     25.58377688304963   0.00000021739476
   0    1    4       0    1    4       1    2     25.72724769746181   0.00000001625244
   0    1   -5       0    1    5       1    2     25.72724769746181   0.00000000069702
   1    0    4       1    0    4       1    2     25.72724769746181   0.00000001624760
   1    0   -5       1    0    5       1    2     25.72724769746181   0.00000000069750
  -2   -1    4       8    9    4       1    2     25.72724769746181   0.00000014058039
  -2   -1   -5       8    9    5       1    2     25.72724769746181   0.00000000547339
  -1   -2    4       9    8    4       1    2     25.72724769746181   0.00000013324563
  -1   -2   -5       9    8    5       1    2     25.72724769746181   0.00000000508374
   2    3    3       2    3    3       1    2     25.72724870374747   0.00001233977635
   2    3   -4       2    3    6       1    2     25.72724870374747   0.00000060213037
   3    2    3       3    2    3       1    2     25.72724870374747   0.00001216854850
   3    2   -4       3    2    6       1    2     25.72724870374747   0.00000064295528
  -4   -3    3       6    7    3       1    2     25.72724870374747   0.00000006449694
  -4   -3   -4       6    7    6       1    2     25.72724870374747   0.00000000430671
  -3   -4    3       7    6    3       1    2     25.72724870374747   0.00000006398554
  -3   -4   -4       7    6    6       1    2     25.72724870374747   0.00000000415218
  -5   -2    0       5    8    0       1    2     25.74111492747698   0.00000000003291
  -5   -2   -1       5    8    9       1    2     25.74111492747698   0.00000000002541
   1    4    0       1    4    0       1    2     25.74111492747699   0.00000000403987
   1    4   -1       1    4    9       1    2     25.74111492747699   0.00000000401716
   4    1    0       4    1    0       1    2     25.74111492747699   0.00000000540836
   4    1   -1       4    1    9       1    2     25.74111492747699   0.00000000538275
  -2   -5    0       8    5    0       1    2     25.74111492747699   0.00000000002665
  -2   -5   -1       8    5    9       1    2     25.74111492747699   0.00000000002044
   3    4    2       3    4    2       1    2     26.28652832820757   0.00000045638625
   3    4   -3       3    4    7       1    2     26.28652832820757   0.00000061595310
   4    3    2       4    3    2       1    2     26.28652832820757   0.00000049432702
   4    3   -3       4    3    7       1    2     26.28652832820757   0.00000064786914
  -5   -4    2       5    6    2       1    2     26.28652832820757   0.00000000020537
  -5   -4   -3       5    6    7       1    2     26.28652832820757   0.00000000056682
  -4   -5    2       6    5    2       1    2     26.28652832820757   0.00000000020670
  -4   -5   -3       6    5    7       1    2     26.28652832820757   0.00000000058134
   0    3    2       0    3    2       1    2     26.30009820757100  -0.00000000521574
   0    3   -3       0    3    7       1    2     26.30009820757100  -0.00000000073543
   3    0    2       3    0    2       1    2     26.30009820757100  -0.00000000421166
   3    0   -3       3    0    7       1    2     26.30009820757100   0.00000000235660
  -4   -1    2       6    9    2       1    2     26.30009820757100   0.00000000168899
  -4   -1   -3       6    9    7       1    2     26.30009820757100   0.00000000103488
  -1   -4    2       9    6    2       1    2     26.30009820757100   0.00000000128693
  -1   -4   -3       9    6    7       1    2     26.30009820757100   0.00000000083173
   3    3    3       3    3    3       1    2     26.69662878684774   0.00030003029644
   3    3   -4       3    3    6       1    2     26.69662878684774   0.00001902477556
  -4   -4    3       6    6    3       1    2     26.69662878684774   0.00000392170631
  -4   -4   -4       6    6    6       1    2     26.69662878684774   0.00000015353031
   1    3    3       1    3    3       1    2     26.70331038788744   0.00000115933618
   1    3   -4       1    3    6       1    2     26.70331038788744   0.00000007005912
   3    1    3       3    1    3       1    2     26.70331038788744   0.00000141966100
   3    1   -4       3    1    6       1    2     26.70331038788744   0.00000009076853
  -4   -2    3       6    8    3       1    2     26.70331038788744   0.00000046799868
  -4   -2   -4       6    8    6       1    2     26.70331038788744   0.00000000514614
  -2   -4    3       8    6    3       1    2     26.70331038788744   0.00000060946210
  -2   -4   -4       8    6    6       1    2     26.70331038788744   0.00000000553651
   2    4    2       2    4    2       1    2     26.70331111501528   0.00000004264411
   2    4   -3       2    4    7       1    2     26.70331111501528   0.00000007549566
   4    2    2       4    2    2       1    2     26.70331111501528   0.00000007798366
   4    2   -3       4    2    7       1    2     26.70331111501528   0.00000012351186
  -5   -3    2       5    7    2       1    2     26.70331111501528   0.00000001345283
  -5   -3   -3       5    7    7       1    2     26.70331111501528   0.00000000718596
  -3   -5    2       7    5    2       1    2     26.70331111501529   0.00000001564335
  -3   -5   -3       7    5    7       1    2     26.70331111501529   0.00000000812666
   1   -3    0       1    7    0       1    2     26.72334662062502   0.00000000000098
   1   -3   -1       1    7    9       1    2     26.72334662062502   0.00000000000086
   2   -2    0       2    8    0       1    2     26.72334662062502   0.00000000000278
   2   -2   -1       2    8    9       1    2     26.72334662062502   0.00000000000284
  -3    1    0       7    1    0       1    2     26.72334662062502   0.00000000000105
  -3    1   -1       7    1    9       1    2     26.72334662062502   0.00000000000094
  -2    2    0       8    2    0       1    2     26.72334662062502   0.00000000000265
  -2    2   -1       8    2    9       1    2     26.72334662062502   0.00000000000275
  -5   -2    1       5    8    1       1    2     26.84744677746066   0.00000000001056
  -5   -2   -2       5    8    8       1    2     26.84744677746066   0.00000000002012
   1    4    1       1    4    1       1    2     26.84744677746066  -0.00000000415279
   1    4   -2       1    4    8       1    2     26.84744677746066  -0.00000000435821
   4    1    1       4    1    1       1    2     26.84744677746066  -0.00000000397800
   4    1   -2       4    1    8       1    2     26.84744677746066  -0.00000000422214
  -2   -5    1       8    5    1       1    2     26.84744677746066   0.00000000001223
  -2   -5   -2       8    5    8       1    2     26.84744677746066   0.00000000002101
   1    2    4       1    2    4       1    2     27.37082195773049   0.00000003849434
   1    2   -5       1    2    5       1    2     27.37082195773049   0.00000000316410
   2    1    4       2    1    4       1    2     27.37082195773049   0.00000004709456
   2    1   -5       2    1    5       1    2     27.37082195773049   0.00000000374232
  -3   -2    4       7    8    4       1    2     27.37082195773049   0.00000009312651
  -3   -2   -5       7    8    5       1    2     27.37082195773049  -0.00000000090164
  -2   -3    4       8    7    4       1    2     27.37082195773049   0.00000009293554
  -2   -3   -5       8    7    5       1    2     27.37082195773049  -0.00000000094396
   1   -2    3       1    8    3       1    2     27.38385547358011   0.00000001143562
   1   -2   -4       1    8    6       1    2     27.38385547358011   0.00000000896727
  -2    1    3       8    1    3       1    2     27.38385547358011   0.00000002007130
  -2    1   -4       8    1    6       1    2     27.38385547358011   0.00000001003272
   2    2    4       2    2    4       1    2     27.76491221863146   0.00000240768328
   2    2   -5       2    2    5       1    2     27.76491221863146   0.00000016929636
  -3   -3    4       7    7    4       1    2     27.76491221863146   0.00000389399132
  -3   -3   -5       7    7    5       1    2     27.76491221863146  -0.00000005165492
   4    4    2       4    4    2       1    2     27.76491385039171   0.00001534504069
   4    4   -3       4    4    7       1    2     27.76491385039171   0.00001963915577
  -5   -5    2       5    5    2       1    2     27.76491385039171   0.00000012311493
  -5   -5   -3       5    5    7       1    2     27.76491385039171   0.00000047778284
   0   -2    4       0    8    4       1    2     27.77133679889070   0.00000001270185
   0   -2   -5       0    8    5       1    2     27.77133679889070   0.00000000135561
   1   -1    4       1    9    4       1    2     27.77133679889070   0.00000000453237
   1   -1   -5       1    9    5       1    2     27.77133679889070   0.00000000080734
  -2    0    4       8    0    4       1    2     27.77133679889070   0.00000001609270
  -2    0   -5       8    0    5       1    2     27.77133679889070   0.00000000157678
  -1    1    4       9    1    4       1    2     27.77133679889070   0.00000000538619
  -1    1   -5       9    1    5       1    2     27.77133679889070   0.00000000091862
   1   -3    1       1    7    1       1    2     27.79060372437193  -0.00000000000001
   1   -3   -2       1    7    8       1    2     27.79060372437193   0.00000000000019
   2   -2    1       2    8    1       1    2     27.79060372437193  -0.00000000000020
   2   -2   -2       2    8    8       1    2     27.79060372437193  -0.00000000000048
  -3    1    1       7    1    1       1    2     27.79060372437193   0.00000000000002
  -3    1   -2       7    1    8       1    2     27.79060372437193   0.00000000000021
  -2    2    1       8    2    1       1    2     27.79060372437193  -0.00000000000039
  -2    2   -2       8    2    8       1    2     27.79060372437193  -0.00000000000074
   0   -4    0       0    6    0       1    2     27.79060395726504  -0.00000000000010
   0   -4   -1       0    6    9       1    2     27.79060395726504   0.00000000000005
   3   -1    0       3    9    0       1    2     27.79060395726504   0.00000000000310
   3   -1   -1       3    9    9       1    2     27.79060395726504   0.00000000000308
  -4    0    0       6    0    0       1    2     27.79060395726504   0.00000000000002
  -4    0   -1       6    0    9       1    2     27.79060395726504   0.00000000000013
  -1    3    0       9    3    0       1    2     27.79060395726504   0.00000000000316
  -1    3   -1       9    3    9       1    2     27.79060395726504   0.00000000000310
   0   -3    3       0    7    3       1    2     27.90995785467376   0.00000004970718
   0   -3   -4       0    7    6       1    2     27.90995785467376   0.00000000034485
   2   -1    3       2    9    3       1    2     27.90995785467376   0.00000052949611
   2   -1   -4       2    9    6       1    2     27.90995785467376   0.00000002219103
  -3    0    3       7    0    3       1    2     27.90995785467376   0.00000006846170
  -3    0   -4       7    0    6       1    2     27.90995785467376   0.00000000095525
  -1    2    3       9    2    3       1    2     27.90995785467376   0.00000052986842
  -1    2   -4       9    2    6       1    2     27.90995785467376   0.00000002228756
  -3   -1    4       7    9    4       1    2     28.79978404955332   0.00000001555941
  -3   -1   -5       7    9    5       1    2     28.79978404955332   0.00000000041517
   0    2    4       0    2    4       1    2     28.79978404955332   0.00000000437297
   0    2   -5       0    2    5       1    2     28.79978404955332   0.00000000063159
   2    0    4       2    0    4       1    2     28.79978404955332   0.00000000520836
   2    0   -5       2    0    5       1    2     28.79978404955332   0.00000000074240
  -1   -3    4       9    7    4       1    2     28.79978404955332   0.00000001370757
  -1   -3   -5       9    7    5       1    2     28.79978404955332   0.00000000032610
   0   -4    1       0    6    1       1    2     28.81836340024464  -0.00000000000043
   0   -4   -2       0    6    8       1    2     28.81836340024464  -0.00000000000066
   3   -1    1       3    9    1       1    2     28.81836340024464  -0.00000000000011
   3   -1   -2       3    9    8       1    2     28.81836340024464  -0.00000000000033
  -4    0    1       6    0    1       1    2     28.81836340024464  -0.00000000000029
  -4    0   -2       6    0    8       1    2     28.81836340024464  -0.00000000000049
  -1    3    1       9    3    1       1    2     28.81836340024464  -0.00000000000003
  -1    3   -2       9    3    8       1    2     28.81836340024464  -0.00000000000019
  -5   -2    2       5    8    2       1    2     28.93347887805045   0.00000000001674
  -5   -2   -3       5    8    7       1    2     28.93347887805045   0.00000000000978
   1    4    2       1    4    2       1    2     28.93347887805046   0.00000000738968
   1    4   -3       1    4    7       1    2     28.93347887805046   0.00000000832814
   4    1    2       4    1    2       1    2     28.93347887805046   0.00000000841687
   4    1   -3       4    1    7       1    2     28.93347887805046   0.00000000975649
  -2   -5    2       8    5    2       1    2     28.93347887805046   0.00000000001467
  -2   -5   -3       8    5    7       1    2     28.93347887805046   0.00000000000817
   4    3    3       4    3    3       1    2     29.41976841898441   0.00000024072057
   4    3   -4       4    3    6       1    2     29.41976841898441   0.00000022276987
  -5   -4    3       5    6    3       1    2     29.41976841898441   0.00000000018512
  -5   -4   -4       5    6    6       1    2     29.41976841898441  -0.00000000000402
  -4   -5    3       6    5    3       1    2     29.41976841898441   0.00000000018742
  -4   -5   -4       6    5    6       1    2     29.41976841898441  -0.00000000000738
   3    4    3       3    4    3       1    2     29.41976841898442   0.00000024236920
   3    4   -4       3    4    6       1    2     29.41976841898442   0.00000022173098
   0    3    3       0    3    3       1    2     29.43189372101111   0.00000001610357
   0    3   -4       0    3    6       1    2     29.43189372101111   0.00000001030910
   3    0    3       3    0    3       1    2     29.43189372101111   0.00000002763891
   3    0   -4       3    0    6       1    2     29.43189372101111   0.00000001184344
  -4   -1    3       6    9    3       1    2     29.43189372101111   0.00000000068444
  -4   -1   -4       6    9    6       1    2     29.43189372101111   0.00000000001525
  -1   -4    3       9    6    3       1    2     29.43189372101111   0.00000000046967
  -1   -4   -4       9    6    6       1    2     29.43189372101111   0.00000000000490
   2    4    3       2    4    3       1    2     29.79275124560188   0.00000033124855
   2    4   -4       2    4    6       1    2     29.79275124560188   0.00000003999807
   4    2    3       4    2    3       1    2     29.79275124560188   0.00000040951591
   4    2   -4       4    2    6       1    2     29.79275124560188   0.00000004311996
  -5   -3    3       5    7    3       1    2     29.79275124560188   0.00000000593766
  -5   -3   -4       5    7    6       1    2     29.79275124560188   0.00000000037482
  -3   -5    3       7    5    3       1    2     29.79275124560188   0.00000000781445
  -3   -5   -4       7    5    6       1    2     29.79275124560188   0.00000000052315
   1   -3    2       1    7    2       1    2     29.81071043908689   0.00000000000104
   1   -3   -3       1    7    7       1    2     29.81071043908689   0.00000000000026
   2   -2    2       2    8    2       1    2     29.81071043908689   0.00000000000167
   2   -2   -3       2    8    7       1    2     29.81071043908689   0.00000000000086
  -3    1    2       7    1    2       1    2     29.81071043908689   0.00000000000128
  -3    1   -3       7    1    7       1    2     29.81071043908689   0.00000000000044
  -2    2    2       8    2    2       1    2     29.81071043908689   0.00000000000190
  -2    2   -3       8    2    7       1    2     29.81071043908689   0.00000000000109
  -5   -1    0       5    9    0       1    2     29.81071109042059   0.00000000000015
  -5   -1   -1       5    9    9       1    2     29.81071109042059   0.00000000000012
   0    4    0       0    4    0       1    2     29.81071109042059   0.00000000000074
   0    4   -1       0    4    9       1    2     29.81071109042059   0.00000000000061
   4    0    0       4    0    0       1    2     29.81071109042059   0.00000000000081
   4    0   -1       4    0    9       1    2     29.81071109042059   0.00000000000066
  -1   -5    0       9    5    0       1    2     29.81071109042059   0.00000000000013
  -1   -5   -1       9    5    9       1    2     29.81071109042059   0.00000000000010
   2    3    4       2    3    4       1    2     29.91008072373750   0.00000005034070
   2    3   -5       2    3    5       1    2     29.91008072373750   0.00000001133903
   3    2    4       3    2    4       1    2     29.91008072373750   0.00000005658241
   3    2   -5       3    2    5       1    2     29.91008072373750   0.00000001199431
  -4   -3    4       6    7    4       1    2     29.91008072373750   0.00000000550724
  -4   -3   -5       6    7    5       1    2     29.91008072373750   0.00000000045542
  -3   -4    4       7    6    4       1    2     29.91008072373750   0.00000000532377
  -3   -4   -5       7    6    5       1    2     29.91008072373750   0.00000000044994
   3    3    4       3    3    4       1    2     30.74787133475690   0.00000207676626
   3    3   -5       3    3    5       1    2     30.74787133475690   0.00000045433498
  -4   -4    4       6    6    4       1    2     30.74787133475690   0.00000028053368
  -4   -4   -5       6    6    5       1    2     30.74787133475690   0.00000002650108
   4    4    3       4    4    3       1    2     30.74787217673260   0.00000540473526
   4    4   -4       4    4    6       1    2     30.74787217673260   0.00000692316998
  -5   -5    3       5    5    3       1    2     30.74787217673260  -0.00000004958808
  -5   -5   -4       5    5    6       1    2     30.74787217673260   0.00000059162615
   3    1    4       3    1    4       1    2     30.75367276778296   0.00000001536765
   3    1   -5       3    1    5       1    2     30.75367276778296   0.00000000098682
   1    3    4       1    3    4       1    2     30.75367276778297   0.00000001201172
   1    3   -5       1    3    5       1    2     30.75367276778297   0.00000000078053
  -4   -2    4       6    8    4       1    2     30.75367276778297   0.00000000663861
  -4   -2   -5       6    8    5       1    2     30.75367276778297  -0.00000000004551
  -2   -4    4       8    6    4       1    2     30.75367276778297   0.00000000720573
  -2   -4   -5       8    6    5       1    2     30.75367276778297  -0.00000000006853
   0   -4    2       0    6    2       1    2     30.77107197655891   0.00000000000087
   0   -4   -3       0    6    7       1    2     30.77107197655891   0.00000000000053
   3   -1    2       3    9    2       1    2     30.77107197655891   0.00000000000193
   3   -1   -3       3    9    7       1    2     30.77107197655891   0.00000000000107
  -4    0    2       6    0    2       1    2     30.77107197655891   0.00000000000096
  -4    0   -3       6    0    7       1    2     30.77107197655891   0.00000000000057
  -1    3    2       9    3    2       1    2     30.77107197655891   0.00000000000169
  -1    3   -3       9    3    7       1    2     30.77107197655891   0.00000000000088
  -5   -1    1       5    9    1       1    2     30.77107239722934  -0.00000000000002
  -5   -1   -2       5    9    8       1    2     30.77107239722934  -0.00000000000000
   0    4    1       0    4    1       1    2     30.77107239722935  -0.00000000000005
   0    4   -2       0    4    8       1    2     30.77107239722935   0.00000000000012
   4    0    1       4    0    1       1    2     30.77107239722935  -0.00000000000006
   4    0   -2       4    0    8       1    2     30.77107239722935   0.00000000000014
  -1   -5    1       9    5    1       1    2     30.77107239722935  -0.00000000000002
  -1   -5   -2       9    5    8       1    2     30.77107239722935   0.00000000000001
   1   -2    4       1    8    4       1    2     31.34640559352765   0.00000000239161
   1   -2   -5       1    8    5       1    2     31.34640559352765   0.00000000016045
  -2    1    4       8    1    4       1    2     31.34640559352765   0.00000000285947
  -2    1   -5       8    1    5       1    2     31.34640559352765   0.00000000016231
   0   -3    4       0    7    4       1    2     31.80703303493873   0.00000000056869
   0   -3   -5       0    7    5       1    2     31.80703303493873   0.00000000005809
   2   -1    4       2    9    4       1    2     31.80703303493873   0.00000000513426
   2   -1   -5       2    9    5       1    2     31.80703303493873   0.00000000040970
  -3    0    4       7    0    4       1    2     31.80703303493873   0.00000000078638
  -3    0   -5       7    0    5       1    2     31.80703303493873   0.00000000006364
  -1    2    4       9    2    4       1    2     31.80703303493873   0.00000000513372
  -1    2   -5       9    2    5       1    2     31.80703303493873   0.00000000041878
  -5   -2    3       5    8    3       1    2     31.80703384887697   0.00000000000725
  -5   -2   -4       5    8    6       1    2     31.80703384887697   0.00000000000174
   1    4    3       1    4    3       1    2     31.80703384887697  -0.00000000000219
   1    4   -4       1    4    6       1    2     31.80703384887697   0.00000000109372
   4    1    3       4    1    3       1    2     31.80703384887697   0.00000000057794
   4    1   -4       4    1    6       1    2     31.80703384887697   0.00000000189182
  -2   -5    3       8    5    3       1    2     31.80703384887697   0.00000000000570
  -2   -5   -4       8    5    6       1    2     31.80703384887697   0.00000000000140
   1   -3    3       1    7    3       1    2     32.60704922497737   0.00000000000046
   1   -3   -4       1    7    6       1    2     32.60704922497737  -0.00000000000016
   2   -2    3       2    8    3       1    2     32.60704922497737   0.00000000000055
   2   -2   -4       2    8    6       1    2     32.60704922497737  -0.00000000000012
  -3    1    3       7    1    3       1    2     32.60704922497737   0.00000000000059
  -3    1   -4       7    1    6       1    2     32.60704922497737  -0.00000000000007
  -2    2    3       8    2    3       1    2     32.60704922497737   0.00000000000069
  -2    2   -4       8    2    6       1    2     32.60704922497737  -0.00000000000003
   0    4    2       0    4    2       1    2     32.60704982045353   0.00000000000067
   0    4   -3       0    4    7       1    2     32.60704982045353   0.00000000000046
   4    0    2       4    0    2       1    2     32.60704982045353   0.00000000000079
   4    0   -3       4    0    7       1    2     32.60704982045353   0.00000000000060
  -5   -1    2       5    9    2       1    2     32.60704982045353   0.00000000000013
  -5   -1   -3       5    9    7       1    2     32.60704982045353   0.00000000000004
  -1   -5    2       9    5    2       1    2     32.60704982045353   0.00000000000013
  -1   -5   -3       9    5    7       1    2     32.60704982045353   0.00000000000005
   3    4    4       3    4    4       1    2     33.13977032000510   0.00000000511962
   3    4   -5       3    4    5       1    2     33.13977032000510   0.00000001375885
   4    3    4       4    3    4       1    2     33.13977032000510   0.00000000533943
   4    3   -5       4    3    5       1    2     33.13977032000510   0.00000001381174
  -5   -4    4       5    6    4       1    2     33.13977032000510   0.00000000044317
  -5   -4   -5       5    6    5       1    2     33.13977032000510   0.00000000060056
  -4   -5    4       6    5    4       1    2     33.13977032000510   0.00000000044225
  -4   -5   -5       6    5    5       1    2     33.13977032000510   0.00000000059751
   0    3    4       0    3    4       1    2     33.15053500384136   0.00000000164025
   0    3   -5       0    3    5       1    2     33.15053500384136   0.00000000026518
   3    0    4       3    0    4       1    2     33.15053500384136   0.00000000187706
   3    0   -5       3    0    5       1    2     33.15053500384136   0.00000000029752
  -4   -1    4       6    9    4       1    2     33.15053500384136   0.00000000008058
  -4   -1   -5       6    9    5       1    2     33.15053500384136   0.00000000000349
  -1   -4    4       9    6    4       1    2     33.15053500384136   0.00000000006103
  -1   -4   -5       9    6    5       1    2     33.15053500384136   0.00000000000390
   2   -3    0       2    7    0       1    2     33.17205584286503   0.00000000000012
   2   -3   -1       2    7    9       1    2     33.17205584286503   0.00000000000011
  -3    2    0       7    2    0       1    2     33.17205584286503   0.00000000000013
  -3    2   -1       7    2    9       1    2     33.17205584286503   0.00000000000012
   2    4    4       2    4    4       1    2     33.47132548642689   0.00000000708908
   2    4   -5       2    4    5       1    2     33.47132548642689   0.00000000104520
   4    2    4       4    2    4       1    2     33.47132548642689   0.00000000903471
   4    2   -5       4    2    5       1    2     33.47132548642689   0.00000000112459
  -5   -3    4       5    7    4       1    2     33.47132548642689   0.00000000067415
  -5   -3   -5       5    7    5       1    2     33.47132548642689   0.00000000007982
  -3   -5    4       7    5    4       1    2     33.47132548642689   0.00000000075984
  -3   -5   -5       7    5    5       1    2     33.47132548642689   0.00000000007477
   0   -4    3       0    6    3       1    2     33.48731211763020   0.00000000000018
   0   -4   -4       0    6    6       1    2     33.48731211763020  -0.00000000000003
   3   -1    3       3    9    3       1    2     33.48731211763020   0.00000000000079
   3   -1   -4       3    9    6       1    2     33.48731211763020   0.00000000000009
  -4    0    3       6    0    3       1    2     33.48731211763020   0.00000000000025
  -4    0   -4       6    0    6       1    2     33.48731211763020  -0.00000000000004
  -1    3    3       9    3    3       1    2     33.48731211763020   0.00000000000061
  -1    3   -4       9    3    6       1    2     33.48731211763020   0.00000000000001
   1   -4    0       1    6    0       1    2     33.60767019139973   0.00000000000012
   1   -4   -1       1    6    9       1    2     33.60767019139973   0.00000000000011
   3   -2    0       3    8    0       1    2     33.60767019139973   0.00000000000013
   3   -2   -1       3    8    9       1    2     33.60767019139973   0.00000000000011
  -4    1    0       6    1    0       1    2     33.60767019139973   0.00000000000014
  -4    1   -1       6    1    9       1    2     33.60767019139973   0.00000000000013
  -2    3    0       8    3    0       1    2     33.60767019139973   0.00000000000013
  -2    3   -1       8    3    9       1    2     33.60767019139973   0.00000000000011
   2   -3    1       2    7    1       1    2     34.03770981721832  -0.00000000000000
   2   -3   -2       2    7    8       1    2     34.03770981721832  -0.00000000000000
  -3    2    1       7    2    1       1    2     34.03770981721832  -0.00000000000000
  -3    2   -2       7    2    8       1    2     34.03770981721832  -0.00000000000000
   4    4    4       4    4    4       1    2     34.32423701166138   0.00000015124051
   4    4   -5       4    4    5       1    2     34.32423701166138   0.00000058849277
  -5   -5    4       5    5    4       1    2     34.32423701166138   0.00000002602478
  -5   -5   -5       5    5    5       1    2     34.32423701166138   0.00000008810560
   1   -4    1       1    6    1       1    2     34.46238378947259   0.00000000000000
   1   -4   -2       1    6    8       1    2     34.46238378947259   0.00000000000002
   3   -2    1       3    8    1       1    2     34.46238378947259   0.00000000000000
   3   -2   -2       3    8    8       1    2     34.46238378947259   0.00000000000000
  -4    1    1       6    1    1       1    2     34.46238378947259   0.00000000000000
  -4    1   -2       6    1    8       1    2     34.46238378947259   0.00000000000002
  -2    3    1       8    3    1       1    2     34.46238378947259   0.00000000000000
  -2    3   -2       8    3    8       1    2     34.46238378947259   0.00000000000000
   0   -5    0       0    5    0       1    2     34.88188808320338   0.00000000000012
   0   -5   -1       0    5    9       1    2     34.88188808320338   0.00000000000011
   4   -1    0       4    9    0       1    2     34.88188808320338   0.00000000000014
   4   -1   -1       4    9    9       1    2     34.88188808320338   0.00000000000013
  -5    0    0       5    0    0       1    2     34.88188808320338   0.00000000000013
  -5    0   -1       5    0    9       1    2     34.88188808320338   0.00000000000012
  -1    4    0       9    4    0       1    2     34.88188808320338   0.00000000000012
  -1    4   -1       9    4    9       1    2     34.88188808320338   0.00000000000011
   0    4    3       0    4    3       1    2     35.18182627821574   0.00000000000019
   0    4   -4       0    4    6       1    2     35.18182627821574  -0.00000000000013
   4    0    3       4    0    3       1    2     35.18182627821574   0.00000000000026
   4    0   -4       4    0    6       1    2     35.18182627821574  -0.00000000000004
  -5   -1    3       5    9    3       1    2     35.18182627821574  -0.00000000000001
  -5   -1   -4       5    9    6       1    2     35.18182627821574   0.00000000000002
  -1   -5    3       9    5    3       1    2     35.18182627821574  -0.00000000000001
  -1   -5   -4       9    5    6       1    2     35.18182627821574   0.00000000000002
  -5   -2    4       5    8    4       1    2     35.27618184128808   0.00000000000199
  -5   -2   -5       5    8    5       1    2     35.27618184128808   0.00000000000917
   1    4    4       1    4    4       1    2     35.27618184128809   0.00000000003126
   1    4   -5       1    4    5       1    2     35.27618184128809   0.00000000011252
   4    1    4       4    1    4       1    2     35.27618184128809   0.00000000003621
   4    1   -5       4    1    5       1    2     35.27618184128809   0.00000000014449
  -2   -5    4       8    5    4       1    2     35.27618184128809   0.00000000000136
  -2   -5   -5       8    5    5       1    2     35.27618184128809   0.00000000000732
   2   -3    2       2    7    2       1    2     35.70611279765930   0.00000000000010
   2   -3   -3       2    7    7       1    2     35.70611279765930   0.00000000000007
  -3    2    2       7    2    2       1    2     35.70611279765930   0.00000000000010
  -3    2   -3       7    2    7       1    2     35.70611279765930   0.00000000000008
   0   -5    1       0    5    1       1    2     35.70611316018771   0.00000000000000
   0   -5   -2       0    5    8       1    2     35.70611316018771   0.00000000000001
   4   -1    1       4    9    1       1    2     35.70611316018771  -0.00000000000000
   4   -1   -2       4    9    8       1    2     35.70611316018771  -0.00000000000001
  -5    0    1       5    0    1       1    2     35.70611316018771   0.00000000000000
  -5    0   -2       5    0    8       1    2     35.70611316018771   0.00000000000001
  -1    4    1       9    4    1       1    2     35.70611316018771  -0.00000000000001
  -1    4   -2       9    4    8       1    2     35.70611316018771  -0.00000000000001
   1   -3    4       1    7    4       1    2     35.99918418792453   0.00000000000000
   1   -3   -5       1    7    5       1    2     35.99918418792453   0.00000000000038
   2   -2    4       2    8    4       1    2     35.99918418792453  -0.00000000000002
   2   -2   -5       2    8    5       1    2     35.99918418792453   0.00000000000010
  -3    1    4       7    1    4       1    2     35.99918418792453  -0.00000000000003
  -3    1   -5       7    1    5       1    2     35.99918418792453   0.00000000000028
  -2    2    4       8    2    4       1    2     35.99918418792453  -0.00000000000000
  -2    2   -5       8    2    5       1    2     35.99918418792453   0.00000000000006
   1   -4    2       1    6    2       1    2     36.11117137356405   0.00000000000008
   1   -4   -3       1    6    7       1    2     36.11117137356405   0.00000000000005
   3   -2    2       3    8    2       1    2     36.11117137356405   0.00000000000009
   3   -2   -3       3    8    7       1    2     36.11117137356405   0.00000000000006
  -4    1    2       6    1    2       1    2     36.11117137356405   0.00000000000009
  -4    1   -3       6    1    7       1    2     36.11117137356405   0.00000000000006
  -2    3    2       8    3    2       1    2     36.11117137356405   0.00000000000009
  -2    3   -3       8    3    7       1    2     36.11117137356405   0.00000000000006
   0   -4    4       0    6    4       1    2     36.79839230047422   0.00000000000008
   0   -4   -5       0    6    5       1    2     36.79839230047422   0.00000000000025
   3   -1    4       3    9    4       1    2     36.79839230047422   0.00000000000004
   3   -1   -5       3    9    5       1    2     36.79839230047422   0.00000000000004
  -4    0    4       6    0    4       1    2     36.79839230047422   0.00000000000008
  -4    0   -5       6    0    5       1    2     36.79839230047422   0.00000000000026
  -1    3    4       9    3    4       1    2     36.79839230047422   0.00000000000002
  -1    3   -5       9    3    5       1    2     36.79839230047422   0.00000000000006
   0   -5    2       0    5    2       1    2     37.29996405529285   0.00000000000006
   0   -5   -3       0    5    7       1    2     37.29996405529285   0.00000000000003
   4   -1    2       4    9    2       1    2     37.29996405529285   0.00000000000011
   4   -1   -3       4    9    7       1    2     37.29996405529285   0.00000000000008
  -5    0    2       5    0    2       1    2     37.29996405529285   0.00000000000007
  -5    0   -3       5    0    7       1    2     37.29996405529285   0.00000000000003
  -1    4    2       9    4    2       1    2     37.29996405529285   0.00000000000010
  -1    4   -3       9    4    7       1    2     37.29996405529285   0.00000000000007
   2   -3    3       2    7    3       1    2     38.07187535959035   0.00000000000002
   2   -3   -4       2    7    6       1    2     38.07187535959035   0.00000000000000
  -3    2    3       7    2    3       1    2     38.07187535959035   0.00000000000002
  -3    2   -4       7    2    6       1    2     38.07187535959035   0.00000000000000
  -5   -1    4       5    9    4       1    2     38.34687084113344   0.00000000000013
  -5   -1   -5       5    9    5       1    2     38.34687084113344   0.00000000000032
   0    4    4       0    4    4       1    2     38.34687084113344   0.00000000000014
   0    4   -5       0    4    5       1    2     38.34687084113344   0.00000000000024
   4    0    4       4    0    4       1    2     38.34687084113344   0.00000000000011
   4    0   -5       4    0    5       1    2     38.34687084113344   0.00000000000015
  -1   -5    4       9    5    4       1    2     38.34687084113344   0.00000000000009
  -1   -5   -5       9    5    5       1    2     38.34687084113344   0.00000000000025
   1   -4    3       1    6    3       1    2     38.45202075636501   0.00000000000001
   1   -4   -4       1    6    6       1    2     38.45202075636501  -0.00000000000002
   3   -2    3       3    8    3       1    2     38.45202075636501   0.00000000000004
   3   -2   -4       3    8    6       1    2     38.45202075636501  -0.00000000000000
  -4    1    3       6    1    3       1    2     38.45202075636501   0.00000000000002
  -4    1   -4       6    1    6       1    2     38.45202075636501  -0.00000000000002
  -2    3    3       8    3    3       1    2     38.45202075636501   0.00000000000004
  -2    3   -4       8    3    6       1    2     38.45202075636501  -0.00000000000000
   0   -5    3       0    5    3       1    2     39.57055118144240   0.00000000000001
   0   -5   -4       0    5    6       1    2     39.57055118144240  -0.00000000000001
   4   -1    3       4    9    3       1    2     39.57055118144240   0.00000000000001
   4   -1   -4       4    9    6       1    2     39.57055118144240   0.00000000000000
  -5    0    3       5    0    3       1    2     39.57055118144240   0.00000000000001
  -5    0   -4       5    0    6       1    2     39.57055118144240  -0.00000000000002
  -1    4    3       9    4    3       1    2     39.57055118144240   0.00000000000001
  -1    4   -4       9    4    6       1    2     39.57055118144240  -0.00000000000000
   2   -4    0       2    6    0       1    2     39.85758956088407   0.00000000000013
   2   -4   -1       2    6    9       1    2     39.85758956088407   0.00000000000011
   3   -3    0       3    7    0       1    2     39.85758956088407   0.00000000000010
   3   -3   -1       3    7    9       1    2     39.85758956088407   0.00000000000009
  -4    2    0       6    2    0       1    2     39.85758956088407   0.00000000000016
  -4    2   -1       6    2    9       1    2     39.85758956088407   0.00000000000014
  -3    3    0       7    3    0       1    2     39.85758956088407   0.00000000000012
  -3    3   -1       7    3    9       1    2     39.85758956088407   0.00000000000010
   2   -4    1       2    6    1       1    2     40.58088030542092   0.00000000000000
   2   -4   -2       2    6    8       1    2     40.58088030542092   0.00000000000005
   3   -3    1       3    7    1       1    2     40.58088030542092   0.00000000000001
   3   -3   -2       3    7    8       1    2     40.58088030542092  -0.00000000000001
  -4    2    1       6    2    1       1    2     40.58088030542092  -0.00000000000000
  -4    2   -2       6    2    8       1    2     40.58088030542092   0.00000000000004
  -3    3    1       7    3    1       1    2     40.58088030542092   0.00000000000001
  -3    3   -2       7    3    8       1    2     40.58088030542092  -0.00000000000001
   1   -5    0       1    5    0       1    2     40.58088046491081   0.00000000000019
   1   -5   -1       1    5    9       1    2     40.58088046491081   0.00000000000022
   4   -2    0       4    8    0       1    2     40.58088046491081   0.00000000000012
   4   -2   -1       4    8    9       1    2     40.58088046491081   0.00000000000011
  -5    1    0       5    1    0       1    2     40.58088046491081   0.00000000000022
  -5    1   -1       5    1    9       1    2     40.58088046491081   0.00000000000024
  -2    4    0       8    4    0       1    2     40.58088046491081   0.00000000000010
  -2    4   -1       8    4    9       1    2     40.58088046491081   0.00000000000009
   2   -3    4       2    7    4       1    2     41.01450105063087   0.00000000000001
   2   -3   -5       2    7    5       1    2     41.01450105063087   0.00000000000003
  -3    2    4       7    2    4       1    2     41.01450105063087   0.00000000000001
  -3    2   -5       7    2    5       1    2     41.01450105063087   0.00000000000003
   1   -5    1       1    5    1       1    2     41.29150348517700  -0.00000000000007
   1   -5   -2       1    5    8       1    2     41.29150348517700  -0.00000000000018
   4   -2    1       4    8    1       1    2     41.29150348517700  -0.00000000000000
   4   -2   -2       4    8    8       1    2     41.29150348517700   0.00000000000002
  -5    1    1       5    1    1       1    2     41.29150348517700  -0.00000000000005
  -5    1   -2       5    1    8       1    2     41.29150348517700  -0.00000000000016
  -2    4    1       8    4    1       1    2     41.29150348517700  -0.00000000000000
  -2    4   -2       8    4    8       1    2     41.29150348517700   0.00000000000002
   1   -4    4       1    6    4       1    2     41.36761418409264   0.00000000000003
   1   -4   -5       1    6    5       1    2     41.36761418409264   0.00000000000006
   3   -2    4       3    8    4       1    2     41.36761418409264   0.00000000000001
   3   -2   -5       3    8    5       1    2     41.36761418409264   0.00000000000003
  -4    1    4       6    1    4       1    2     41.36761418409264   0.00000000000003
  -4    1   -5       6    1    5       1    2     41.36761418409264   0.00000000000007
  -2    3    4       8    3    4       1    2     41.36761418409264   0.00000000000001
  -2    3   -5       8    3    5       1    2     41.36761418409264   0.00000000000003
   2   -4    2       2    6    2       1    2     41.99010178459810   0.00000000000006
   2   -4   -3       2    6    7       1    2     41.99010178459810   0.00000000000005
   3   -3    2       3    7    2       1    2     41.99010178459810   0.00000000000001
   3   -3   -3       3    7    7       1    2     41.99010178459810   0.00000000000002
  -4    2    2       6    2    2       1    2     41.99010178459810   0.00000000000007
  -4    2   -3       6    2    7       1    2     41.99010178459810   0.00000000000005
  -3    3    2       7    3    2       1    2     41.99010178459810   0.00000000000001
  -3    3   -3       7    3    7       1    2     41.99010178459810   0.00000000000002
   0   -5    4       0    5    4       1    2     42.40931647455746   0.00000000000003
   0   -5   -5       0    5    5       1    2     42.40931647455746   0.00000000000006
   4   -1    4       4    9    4       1    2     42.40931647455746   0.00000000000002
   4   -1   -5       4    9    5       1    2     42.40931647455746   0.00000000000004
  -5    0    4       5    0    4       1    2     42.40931647455746   0.00000000000004
  -5    0   -5       5    0    5       1    2     42.40931647455746   0.00000000000007
  -1    4    4       9    4    4       1    2     42.40931647455746   0.00000000000001
  -1    4   -5       9    4    5       1    2     42.40931647455746   0.00000000000004
   1   -5    2       1    5    2       1    2     42.67726633213979   0.00000000000031
   1   -5   -3       1    5    7       1    2     42.67726633213979   0.00000000000036
   4   -2    2       4    8    2       1    2     42.67726633213979   0.00000000000002
   4   -2   -3       4    8    7       1    2     42.67726633213979  -0.00000000000001
  -5    1    2       5    1    2       1    2     42.67726633213979   0.00000000000036
  -5    1   -3       5    1    7       1    2     42.67726633213979   0.00000000000042
  -2    4    2       8    4    2       1    2     42.67726633213979   0.00000000000002
  -2    4   -3       8    4    7       1    2     42.67726633213979  -0.00000000000001
   2   -4    3       2    6    3       1    2     44.01942582721771  -0.00000000000003
   2   -4   -4       2    6    6       1    2     44.01942582721771  -0.00000000000003
   3   -3    3       3    7    3       1    2     44.01942582721771  -0.00000000000001
   3   -3   -4       3    7    6       1    2     44.01942582721771   0.00000000000000
  -4    2    3       6    2    3       1    2     44.01942582721771  -0.00000000000003
  -4    2   -4       6    2    6       1    2     44.01942582721771  -0.00000000000003
  -3    3    3       7    3    3       1    2     44.01942582721771  -0.00000000000001
  -3    3   -4       7    3    6       1    2     44.01942582721771   0.00000000000000
   1   -5    3       1    5    3       1    2     44.67538767443889   0.00000000000001
   1   -5   -4       1    5    6       1    2     44.67538767443889  -0.00000000000004
   4   -2    3       4    8    3       1    2     44.67538767443889  -0.00000000000001
   4   -2   -4       4    8    6       1    2     44.67538767443889   0.00000000000001
  -5    1    3       5    1    3       1    2     44.67538767443889   0.00000000000002
  -5    1   -4       5    1    6       1    2     44.67538767443889  -0.00000000000006
  -2    4    3       8    4    3       1    2     44.67538767443889  -0.00000000000001
  -2    4   -4       8    4    6       1    2     44.67538767443889   0.00000000000000
   3   -4    0       3    6    0       1    2     46.36565019537141   0.00000000001223
   3   -4   -1       3    6    9       1    2     46.36565019537141   0.00000000000880
  -4    3    0       6    3    0       1    2     46.36565019537141   0.00000000001489
  -4    3   -1       6    3    9       1    2     46.36565019537141   0.00000000001074
   2   -4    4       2    6    4       1    2     46.58788955505432   0.00000000000007
   2   -4   -5       2    6    5       1    2     46.58788955505432   0.00000000000011
   3   -3    4       3    7    4       1    2     46.58788955505432   0.00000000000006
   3   -3   -5       3    7    5       1    2     46.58788955505432   0.00000000000011
  -4    2    4       6    2    4       1    2     46.58788955505432   0.00000000000010
  -4    2   -5       6    2    5       1    2     46.58788955505432   0.00000000000014
  -3    3    4       7    3    4       1    2     46.58788955505432   0.00000000000006
  -3    3   -5       7    3    5       1    2     46.58788955505432   0.00000000000012
   2   -5    0       2    5    0       1    2     46.67830036420872   0.00000000025416
   2   -5   -1       2    5    9       1    2     46.67830036420872   0.00000000027974
   4   -3    0       4    7    0       1    2     46.67830036420872   0.00000000000315
   4   -3   -1       4    7    9       1    2     46.67830036420872   0.00000000000258
  -5    2    0       5    2    0       1    2     46.67830036420872   0.00000000029303
  -5    2   -1       5    2    9       1    2     46.67830036420872   0.00000000032379
  -3    4    0       7    4    0       1    2     46.67830036420872   0.00000000000320
  -3    4   -1       7    4    9       1    2     46.67830036420872   0.00000000000262
   3   -4    1       3    6    1       1    2     46.98887015877855  -0.00000000000903
   3   -4   -2       3    6    8       1    2     46.98887015877855  -0.00000000000306
  -4    3    1       6    3    1       1    2     46.98887015877855  -0.00000000000996
  -4    3   -2       6    3    8       1    2     46.98887015877855  -0.00000000000350
   1   -5    4       1    5    4       1    2     47.20817584801836   0.00000000000010
   1   -5   -5       1    5    5       1    2     47.20817584801836   0.00000000000015
   4   -2    4       4    8    4       1    2     47.20817584801836   0.00000000000006
   4   -2   -5       4    8    5       1    2     47.20817584801836   0.00000000000014
  -5    1    4       5    1    4       1    2     47.20817584801836   0.00000000000013
  -5    1   -5       5    1    5       1    2     47.20817584801836   0.00000000000018
  -2    4    4       8    4    4       1    2     47.20817584801836   0.00000000000005
  -2    4   -5       8    4    5       1    2     47.20817584801836   0.00000000000012
   2   -5    1       2    5    1       1    2     47.29740083398126   0.00000000015550
   2   -5   -2       2    5    8       1    2     47.29740083398126   0.00000000009482
   4   -3    1       4    7    1       1    2     47.29740083398126   0.00000000000283
   4   -3   -2       4    7    8       1    2     47.29740083398126   0.00000000000062
  -5    2    1       5    2    1       1    2     47.29740083398126   0.00000000015861
  -5    2   -2       5    2    8       1    2     47.29740083398126   0.00000000009166
  -3    4    1       7    4    1       1    2     47.29740083398126   0.00000000000283
  -3    4   -2       7    4    8       1    2     47.29740083398126   0.00000000000062
   3   -4    2       3    6    2       1    2     48.21114726198245   0.00000000000055
   3   -4   -3       3    6    7       1    2     48.21114726198245   0.00000000000494
  -4    3    2       6    3    2       1    2     48.21114726198245   0.00000000000040
  -4    3   -3       6    3    7       1    2     48.21114726198245   0.00000000000564
   2   -5    2       2    5    2       1    2     48.51190500452751   0.00000000006182
   2   -5   -3       2    5    7       1    2     48.51190500452751   0.00000000012745
   4   -3    2       4    7    2       1    2     48.51190500452751   0.00000000000069
   4   -3   -3       4    7    7       1    2     48.51190500452751   0.00000000000029
  -5    2    2       5    2    2       1    2     48.51190500452751   0.00000000007498
  -5    2   -3       5    2    7       1    2     48.51190500452751   0.00000000016753
  -3    4    2       7    4    2       1    2     48.51190500452751   0.00000000000074
  -3    4   -3       7    4    7       1    2     48.51190500452751   0.00000000000023
   3   -4    3       3    6    3       1    2     49.98855791672302  -0.00000000000111
   3   -4   -4       3    6    6       1    2     49.98855791672302   0.00000000000016
  -4    3    3       6    3    3       1    2     49.98855791672302  -0.00000000000114
  -4    3   -4       6    3    6       1    2     49.98855791672302   0.00000000000024
   2   -5    3       2    5    3       1    2     50.27868464314987   0.00000000000944
   2   -5   -4       2    5    6       1    2     50.27868464314987   0.00000000007664
   4   -3    3       4    7    3       1    2     50.27868464314987   0.00000000000024
   4   -3   -4       4    7    6       1    2     50.27868464314987   0.00000000000159
  -5    2    3       5    2    3       1    2     50.27868464314987   0.00000000000966
  -5    2   -4       5    2    6       1    2     50.27868464314987   0.00000000011301
  -3    4    3       7    4    3       1    2     50.27868464314987   0.00000000000015
  -3    4   -4       7    4    6       1    2     50.27868464314987   0.00000000000156
   3   -4    4       3    6    4       1    2     52.26449584210671   0.00000000000310
   3   -4   -5       3    6    5       1    2     52.26449584210671   0.00000000000250
  -4    3    4       6    3    4       1    2     52.26449584210671   0.00000000000373
  -4    3   -5       6    3    5       1    2     52.26449584210671   0.00000000000292
   2   -5    4       2    5    4       1    2     52.54205679721086  -0.00000000000081
   2   -5   -5       2    5    5       1    2     52.54205679721086   0.00000000002317
   4   -3    4       4    7    4       1    2     52.54205679721086   0.00000000000262
   4   -3   -5       4    7    5       1    2     52.54205679721086   0.00000000000458
  -5    2    4       5    2    4       1    2     52.54205679721086  -0.00000000000069
  -5    2   -5       5    2    5       1    2     52.54205679721086   0.00000000002989
  -3    4    4       7    4    4       1    2     52.54205679721086   0.00000000000254
  -3    4   -5       7    4    5       1    2     52.54205679721086   0.00000000000438
   3   -5    0       3    5    0       1    2     53.03690896914006   0.00000000038893
   3   -5   -1       3    5    9       1    2     53.03690896914006   0.00000000038164
   4   -4    0       4    6    0       1    2     53.03690896914006   0.00000000021325
   4   -4   -1       4    6    9       1    2     53.03690896914006   0.00000000017158
  -5    3    0       5    3    0       1    2     53.03690896914006   0.00000000053579
  -5    3   -1       5    3    9       1    2     53.03690896914006   0.00000000050373
  -4    4    0       6    4    0       1    2     53.03690896914006   0.00000000018208
  -4    4   -1       6    4    9       1    2     53.03690896914006   0.00000000015302
   3   -5    1       3    5    1       1    2     53.58259151776679   0.00000005402064
   3   -5   -2       3    5    8       1    2     53.58259151776679   0.00000005019169
   4   -4    1       4    6    1       1    2     53.58259151776679   0.00000000100898
   4   -4   -2       4    6    8       1    2     53.58259151776679   0.00000000057902
  -5    3    1       5    3    1       1    2     53.58259151776679   0.00000005184185
  -5    3   -2       5    3    8       1    2     53.58259151776679   0.00000004819360
  -4    4    1       6    4    1       1    2     53.58259151776679   0.00000000103933
  -4    4   -2       6    4    8       1    2     53.58259151776679   0.00000000059556
   3   -5    2       3    5    2       1    2     54.65761534569417   0.00000002865324
   3   -5   -3       3    5    7       1    2     54.65761534569417   0.00000004238254
   4   -4    2       4    6    2       1    2     54.65761534569417   0.00000000054792
   4   -4   -3       4    6    7       1    2     54.65761534569417   0.00000000140944
  -5    3    2       5    3    2       1    2     54.65761534569417   0.00000003237522
  -5    3   -3       5    3    7       1    2     54.65761534569417   0.00000004403580
  -4    4    2       6    4    2       1    2     54.65761534569417   0.00000000036963
  -4    4   -3       6    4    7       1    2     54.65761534569417   0.00000000105041
   3   -5    3       3    5    3       1    2     56.23162915615087   0.00000000443711
   3   -5   -4       3    5    6       1    2     56.23162915615087   0.00000000744168
   4   -4    3       4    6    3       1    2     56.23162915615087  -0.00000000011377
   4   -4   -4       4    6    6       1    2     56.23162915615087   0.00000000152221
  -5    3    3       5    3    3       1    2     56.23162915615087   0.00000000670760
  -5    3   -4       5    3    6       1    2     56.23162915615087   0.00000000674200
  -4    4    3       6    4    3       1    2     56.23162915615087  -0.00000000009272
  -4    4   -4       6    4    6       1    2     56.23162915615087   0.00000000113650
   3   -5    4       3    5    4       1    2     58.26420616974794   0.00000000039762
   3   -5   -5       3    5    5       1    2     58.26420616974794   0.00000000142779
   4   -4    4       4    6    4       1    2     58.26420616974794   0.00000000007654
   4   -4   -5       4    6    5       1    2     58.26420616974794   0.00000000038490
  -5    3    4       5    3    4       1    2     58.26420616974794   0.00000000052312
  -5    3   -5       5    3    5       1    2     58.26420616974794   0.00000000128459
  -4    4    4       6    4    4       1    2     58.26420616974794   0.00000000007330
  -4    4   -5       6    4    5       1    2     58.26420616974794   0.00000000035777
  -5    4    0       5    4    0       1    2     59.57313004732976   0.00000001727075
  -5    4   -1       5    4    9       1    2     59.57313004732976   0.00000001584334
   4   -5    0       4    5    0       1    2     59.57313004732976   0.00000001866310
   4   -5   -1       4    5    9       1    2     59.57313004732976   0.00000001727248
  -5    4    1       5    4    1       1    2     60.05945574507871   0.00000000644439
  -5    4   -2       5    4    8       1    2     60.05945574507871   0.00000000371966
   4   -5    1       4    5    1       1    2     60.05945574507871   0.00000000681619
   4   -5   -2       4    5    8       1    2     60.05945574507871   0.00000000410484
  -5    4    2       5    4    2       1    2     61.02048038087767   0.00000000043425
  -5    4   -3       5    4    7       1    2     61.02048038087767   0.00000000560775
   4   -5    2       4    5    2       1    2     61.02048038087768   0.00000000032258
   4   -5   -3       4    5    7       1    2     61.02048038087768   0.00000000548749
  -5    4    3       5    4    3       1    2     62.43428728022840  -0.00000000048175
  -5    4   -4       5    4    6       1    2     62.43428728022840   0.00000001182324
   4   -5    3       4    5    3       1    2     62.43428728022841  -0.00000000048804
   4   -5   -4       4    5    6       1    2     62.43428728022841   0.00000001167653
  -5    4    4       5    4    4       1    2     64.27100303578673   0.00000000044944
  -5    4   -5       5    4    5       1    2     64.27100303578673   0.00000000256297
   4   -5    4       4    5    4       1    2     64.27100303578675   0.00000000045895
   4   -5   -5       4    5    5       1    2     64.27100303578675   0.00000000254628
