# Status file for ctqmc. Used to save all times t_s, t_e.
10
37
0.4968437574176767 0.4904381987170155 0 0
2.692333917544233 2.641475803480495 0 0
3.168094019755594 3.075250214073489 0 0
3.319340228729962 3.204412621645661 0 0
3.855129319205778 3.713863631433736 0 0
4.696687107188986 4.059986748044706 0 0
5.457688291111061 5.156363496110535 0 0
5.859954035489037 5.703470565919369 0 0
5.925231829105624 5.869889389745953 0 0
6.96096686282737 6.532404093720898 0 0
7.740927163376661 7.710305805761392 0 0
7.967955654390442 7.959696322512326 0 0
8.780524591788236 8.603288895553478 0 0
10.83336686013508 10.62009167402562 0 0
12.33963246479165 12.3002845229191 0 0
13.12548007638394 12.34899041479987 0 0
13.72256693863936 13.1745272979298 0 0
15.25245341243646 15.12589860698299 0 0
15.8247806862665 15.6041092997051 0 0
16.78270826163176 16.69875131162569 0 0
18.39344738295063 17.80785814817239 0 0
18.72101357740726 18.69685230854169 0 0
19.6446004132841 19.6406161968237 0 0
20.97620085202161 20.95994804771954 0 0
21.01401187827401 20.99407927347081 0 0
21.29768629405205 21.28846903336321 0 0
22.31825758881232 22.28382788994664 0 0
23.75790174337341 23.71333779938454 0 0
23.98860992549648 23.88741852357871 0 0
24.25608979275013 23.99379921917806 0 0
24.58666851246608 24.48862858284082 0 0
25.25921595823234 24.9830859559047 0 0
25.91064075621558 25.77903862856526 0 0
26.31225635654572 26.26214400817775 0 0
27.25095448034632 27.20130356304019 0 0
27.34082917235086 27.33734851186521 0 0
28.60519282413513 28.39550453030877 0 0
26
1.031708616986746 1.012746269472491 0 0
1.706444036481673 1.702207321334619 0 0
2.999575317060035 2.871861735563157 0 0
4.546408717898998 4.450846298615176 0 0
4.708782298640494 4.599338386456109 0 0
6.047292155775678 6.016399601425332 0 0
7.081556110783445 6.966483938049427 0 0
8.285593834880848 8.248764003359442 0 0
9.325968959410906 9.055205583777262 0 0
11.65644718852608 11.11894916512608 0 0
12.92713232747836 12.72884313654974 0 0
13.71656822726696 13.17708531488223 0 0
13.88297814119898 13.86219207227055 0 0
14.17998472771018 14.12302582003827 0 0
15.62583839332762 15.52763015798202 0 0
17.427570980441 17.08630122090281 0 0
18.19350364274636 17.52159865377164 0 0
20.09429445181697 20.02868964817141 0 0
20.80843396702927 20.80726116501249 0 0
20.96023691417777 20.85658085256024 0 0
22.11915588923277 21.91573457917206 0 0
23.048579538074 23.01520347677161 0 0
23.50602302391456 23.46746445534102 0 0
24.31778200218986 23.59066621326747 0 0
27.94954275779007 27.90556678105471 0 0
29.53871061911559 29.3022444370125 0 0
13
0.1693074740329585 0.450659654175972 0 0
0.6495654958427806 2.069528604522003 0 0
2.220551503252062 2.32400230182087 0 0
2.666315145304456 4.373860702090989 0 0
5.113620456104877 5.221550407562691 0 0
5.856559607770881 5.879782565862792 0 0
5.97274160340154 7.226692309580993 0 0
7.239495864634083 14.8882501772051 0 0
15.0896302100833 21.04786298763742 0 0
21.13694920987841 23.64938368283971 0 0
23.79875557574675 27.02437973873885 0 0
27.05066603855972 29.09086741523834 0 0
29.11485912574052 29.91814299596514 0 0
25
0.7744491337539141 0.3023419073605851 0 0
2.78059555747181 2.271858667176344 0 0
5.971003302902478 5.937443337670838 0 0
8.239692470345979 6.454579772565448 0 0
8.443913887894118 8.288025078675343 0 0
8.658009124884254 8.556687860352971 0 0
9.460057765840279 9.342489437278049 0 0
12.60385563530006 9.484071704805928 0 0
13.24653956498852 12.6226742947365 0 0
13.96659316619945 13.68919087913128 0 0
14.28761938021914 14.20798840341508 0 0
14.79178792830073 14.39311028987378 0 0
15.1921115084754 15.14887215401291 0 0
16.53846896404415 15.91086924679473 0 0
18.02185188400942 17.09491875751729 0 0
19.77625639191984 18.87277849678094 0 0
19.89476657028775 19.87549954108504 0 0
20.19808585907742 20.14101977669717 0 0
21.43570720886368 21.43293092301996 0 0
21.62611516209361 21.54124392274646 0 0
22.76102012681543 22.55194727986332 0 0
24.3804423387753 24.24067377679438 0 0
25.00703671069456 24.98894731825153 0 0
28.61200345556353 28.50902871873221 0 0
28.66513543173632 28.63261791113273 0 0
12
0.09271540597854205 0.04501961285998402 0 0
3.979585374301625 3.747434762270692 0 0
5.784868714380792 5.746805420949541 0 0
6.258238736851227 6.12136829884771 0 0
7.629350002933085 7.582116457813806 0 0
9.70039910837362 9.657064175159938 0 0
9.911427437378897 9.768965319019003 0 0
10.83651309173684 10.59101205416959 0 0
11.34558358677789 11.17690494431453 0 0
15.99350194854384 15.83941010186923 0 0
27.53386970169085 27.5001027509182 0 0
29.71280046107944 29.54772089994347 0 0
28
0.2991824961685055 0.1618405798231528 0 0
0.8801742359105762 0.7221654737612873 0 0
1.108484907352839 1.065218263506858 0 0
3.651805330825093 3.553921058785289 0 0
3.912335941122196 3.805671673698665 0 0
4.612495798423347 3.915263832924126 0 0
5.546151104852866 5.401816885239296 0 0
7.482699789661043 7.479715530967628 0 0
8.591628031730639 7.636236725090502 0 0
10.2129587844363 10.04849860267279 0 0
10.93784575251018 10.54486668260323 0 0
11.14888997815218 11.14526991386844 0 0
12.02947965330951 11.93779503063143 0 0
13.09216041352015 12.92259114282434 0 0
13.88380785763209 13.74717435436772 0 0
14.04038916429294 13.89775458108897 0 0
14.1374629072439 14.08644241731367 0 0
14.5941730436737 14.54498798395557 0 0
15.83309314189114 14.6125563143554 0 0
17.49638185222607 16.63180117490477 0 0
17.8761172245039 17.80984299511372 0 0
20.78542926098777 18.72145078163778 0 0
21.92627599725583 21.07352285328209 0 0
23.36994348874004 22.56247213892692 0 0
24.98317369174639 24.26294268980648 0 0
25.96486433551862 25.30321411076628 0 0
27.52826932337756 26.25228622555235 0 0
29.93531269705714 29.7630703675872 0 0
28
0.3159917265938077 0.6052905717711674 0 0
4.523420492907992 4.870494043871769 0 0
5.198744731382478 5.528324952009926 0 0
5.787508939756031 6.348312281545565 0 0
6.447343275687205 6.468713844289872 0 0
6.55321328558929 6.702110936670556 0 0
6.777172232097215 7.130536049855686 0 0
9.841417773258655 9.937370722763145 0 0
9.956522148685018 10.26579387014443 0 0
10.52276490965182 11.99211078770674 0 0
12.22187279831891 12.65261492985644 0 0
12.90780409378064 12.97237417299665 0 0
13.05652582494344 14.05328223131781 0 0
14.68590511837628 14.74859003520277 0 0
15.0105825902352 15.49996427732167 0 0
15.77110395246974 15.83889042644308 0 0
15.87758577650381 15.94132731680053 0 0
16.28124634746873 16.49056792282967 0 0
17.05877275070754 19.41749458841804 0 0
21.34650411035056 21.58339111253371 0 0
22.55435209295403 22.57638855491894 0 0
22.5916695123729 22.61289559303641 0 0
23.35025128837776 25.95953491928388 0 0
26.79912659438885 26.89085511576731 0 0
26.89537982327733 27.35693477998262 0 0
27.68387356499491 28.36302613375549 0 0
28.61499668063546 29.2455340609004 0 0
29.42160980585536 29.85227294663913 0 0
18
2.077422413741007 0.2737669993373268 0 0
4.315342214023192 4.011543128459913 0 0
6.939851510842592 4.571317260586162 0 0
7.907775155338495 7.186619164504318 0 0
8.596890493686589 7.964792336993455 0 0
8.909692950643519 8.722179029853999 0 0
9.318443799700841 9.305301926994346 0 0
11.1486628660519 9.788570604573392 0 0
12.24929727426115 11.29774789364034 0 0
12.75149350292184 12.49281884887075 0 0
19.09222037158424 13.37226227076611 0 0
20.48231293131931 20.0661775920987 0 0
20.80281676452078 20.64333779638994 0 0
21.46707201181673 21.09849802724557 0 0
21.97700672559411 21.72239346102487 0 0
23.44327659359865 23.35195433674585 0 0
25.52420896872076 24.42890570085525 0 0
29.48660517804834 27.73960566040545 0 0
28
0.3753265747319539 1.010814975205764 0 0
1.221587414787001 1.23114452920095 0 0
1.834035144268497 2.664881072119566 0 0
3.89220350873862 5.757149906922635 0 0
6.448890607570655 7.111243665219263 0 0
7.123274999717225 7.769718510381966 0 0
7.923740666811533 8.942116662662452 0 0
9.25051883582357 9.576094043653445 0 0
9.682314746593631 10.66283055967327 0 0
10.68474174615005 10.84037406707621 0 0
10.96271562413338 11.52164454022298 0 0
11.63169155081388 12.33610794877236 0 0
12.45541908030605 12.60991004607619 0 0
12.9217437362469 13.23725510731812 0 0
13.24908799534073 14.12138884499176 0 0
14.53469244488783 15.88508587943732 0 0
16.66267183254053 17.472011413832 0 0
17.83661516051403 18.0486352545753 0 0
18.04919854984668 18.45832947825103 0 0
18.46895921168446 19.27119406076073 0 0
22.32424053257687 22.39426653492069 0 0
22.45118905353088 22.95871772682951 0 0
23.02714849552763 23.59482154204255 0 0
23.67518237434665 24.27851177932459 0 0
24.76749326139532 25.0941171582205 0 0
27.65607175080089 27.78242028391972 0 0
27.91348334411498 28.08498904974906 0 0
29.47773451346917 29.48519826031071 0 0
21
3.80591886849353 3.900759631447313 0 0
5.304415007716406 5.450995338773782 0 0
5.592352118004721 5.953965162100459 0 0
7.56450142734303 7.753934507938915 0 0
7.82757292621407 7.930888797036439 0 0
8.252779363360895 8.591121037280317 0 0
9.632509085655787 10.20452453530039 0 0
10.51125876414656 11.47824799115986 0 0
12.5382682276641 14.02714622118522 0 0
14.19897172061904 15.29563043504003 0 0
16.19149908088971 16.27934787561911 0 0
17.29061509446971 18.1049301695252 0 0
18.32327119793054 18.4000155047707 0 0
19.18122537729563 20.32296723661097 0 0
20.64428740523573 20.77906062478238 0 0
20.85714865104432 21.4063513780305 0 0
23.89449859514409 23.96230578780167 0 0
24.96487405748788 25.10666974604359 0 0
25.12098974058607 25.71378320345277 0 0
26.28282084566569 26.46277963263578 0 0
29.16842906588619 29.5783943230427 0 0
