# Status file for ctqmc. Used to save all times t_s, t_e.
10
27
0.71007260800553 0.5595345928943516 0 0
1.923104566900609 1.898627881488833 0 0
2.411044849233541 2.402081666081584 0 0
3.60088953116303 2.990106681161232 0 0
4.343499158575018 3.907036146967954 0 0
5.27989411413532 5.118485806709569 0 0
5.826780667822161 5.75187576637966 0 0
8.428032125018788 8.351861302065124 0 0
11.80155011183482 11.68655636473911 0 0
12.98558150291452 12.92067620311464 0 0
13.69750304686779 13.05288101176773 0 0
14.26148190175988 14.20047306530817 0 0
14.45645962709715 14.41761887840197 0 0
14.53824266210731 14.48050643661871 0 0
15.01558060341127 15.00579354155693 0 0
17.92043593881796 17.90048473185648 0 0
18.78303230892232 18.49822625043964 0 0
18.93693752127733 18.86427001548022 0 0
20.27054209841187 20.16151037768797 0 0
21.02558177563187 21.00285698992239 0 0
22.32580027703374 22.26849901192703 0 0
22.38763650058126 22.37038986014561 0 0
24.56510518132415 24.49172046498564 0 0
27.02281219181197 27.01658120921672 0 0
27.28435342520156 27.26672965319424 0 0
29.03424767735813 28.98293345151683 0 0
29.3898711553194 29.37173430227894 0 0
27
1.530404999382133 0.1788539136115013 0 0
2.245077144974689 2.10780581354565 0 0
4.308518090802328 3.670794035673994 0 0
4.947080229320261 4.34439292504666 0 0
6.107855096031418 5.98955262892936 0 0
6.797959316240829 6.599413342111509 0 0
9.723516502556224 9.237352926062941 0 0
10.28240991601698 10.19986789983334 0 0
11.09872094525312 11.05097303379073 0 0
11.37241036174602 11.3518156060529 0 0
12.52266382116079 12.08019952807012 0 0
14.64450246249218 13.54182267257949 0 0
14.99294078254379 14.82623588935657 0 0
16.68384596184662 16.60186594119552 0 0
18.58659342617921 18.32052103974871 0 0
18.86557181397099 18.74539815476241 0 0
19.75613545802725 19.22287838110849 0 0
19.79811564240286 19.78152119887688 0 0
20.88058788692241 20.82144790211532 0 0
20.97025115233875 20.90661429310968 0 0
21.23880414372163 21.20252693530879 0 0
22.64216702697043 22.45402091801509 0 0
26.76563287919408 26.59442257813624 0 0
28.12562229885793 28.12182317907462 0 0
28.75647505808499 28.68698770754622 0 0
28.8765486100233 28.86233221122117 0 0
29.9159198300612 29.8961740809107 0 0
8
1.060364446419904 0.9316864057741425 0 0
2.079690322902239 2.052400203288257 0 0
2.758302155452474 2.407422300770699 0 0
5.882721549258802 5.660964280523264 0 0
7.698660080560765 7.672691651293535 0 0
21.38982953145673 21.2855220438545 0 0
23.12177326134178 23.09279909805366 0 0
28.38289627440786 28.12604886690535 0 0
29
0.05747212805210467 0.5868603999144364 0 0
0.6164170717429752 1.540323417528151 0 0
1.574882157008425 2.168200731592547 0 0
2.470724525885479 4.513215759729885 0 0
4.782849715889474 7.225538582496848 0 0
7.240421879435541 7.446474694774379 0 0
7.460696692506442 8.425072535013726 0 0
8.592002800175806 11.90170784418781 0 0
12.06359755255226 12.94034943114385 0 0
12.9744878820259 14.93729270374111 0 0
15.29299498714242 15.42187631259334 0 0
15.43770851677723 16.74121610390204 0 0
16.75086146882521 17.75829479295614 0 0
18.16247525318405 18.18837374447262 0 0
18.4473573404876 18.56391543840581 0 0
18.57803464034052 19.0129788646566 0 0
19.08017209088977 21.43705387986088 0 0
21.72149054996111 22.39976570473615 0 0
22.47148312098362 22.5612152539946 0 0
22.5678702306712 22.61145230547453 0 0
22.64524985258759 22.76289540380262 0 0
22.86404094337026 23.58860730711489 0 0
23.66773610877591 24.57600903861389 0 0
24.60435286609466 24.77232849040113 0 0
24.83890413411014 25.59736947882099 0 0
25.81670988358283 26.41488525014166 0 0
26.42416275447503 27.01205030498787 0 0
27.0651843508231 28.38976882907673 0 0
28.50788390243409 29.90069201308466 0 0
19
0.3580293819030693 0.2055494241283 0 0
0.4518109428278123 0.4308546419255968 0 0
1.231502936698495 1.09943100091553 0 0
3.099819133106978 3.037634556413219 0 0
4.215283247186421 4.156827163639401 0 0
4.396433089838232 4.321326995605851 0 0
5.294016127047975 4.695514501486656 0 0
9.045588231064192 8.775382504958639 0 0
18.10852568504591 17.60284059323357 0 0
20.79961342872333 20.59289961598764 0 0
21.30795430332648 21.24349265156735 0 0
21.80509979443868 21.7947752007687 0 0
22.75732506806407 22.72803923713792 0 0
22.87432200625329 22.79213118230961 0 0
23.20551719699106 23.03588555250345 0 0
24.09127082294678 24.08737229443925 0 0
25.80268638701422 25.80173733042556 0 0
28.84800357428082 27.84487824561382 0 0
29.47407057854632 29.39386004085446 0 0
26
0.4803966682887568 0.8588186384791705 0 0
0.868850043841904 2.925025421098557 0 0
2.93000932049659 4.47689674984689 0 0
4.484977315105975 5.495806896148748 0 0
6.32035836074728 6.810441254562141 0 0
7.928095810219615 8.637573064465938 0 0
8.780831646791048 9.031382267130027 0 0
9.354586257450421 9.706527900945684 0 0
10.90928120458328 11.22305051917953 0 0
11.42152597844441 12.71463604023026 0 0
12.81811371206707 14.07308580269918 0 0
14.09614914750644 14.30254283570818 0 0
15.14076595627631 15.18247641005773 0 0
16.39400196926174 16.41722913453673 0 0
17.02725462403133 19.22020175483476 0 0
19.34586449082009 19.38439900600293 0 0
19.77670019460259 20.0657849308767 0 0
20.18537423970437 20.98936578417724 0 0
21.20507373585392 21.23677937703066 0 0
22.41777100453624 22.7484909338282 0 0
22.78898495732362 23.68877485638803 0 0
23.71546617523207 24.19027758995012 0 0
25.42808450700115 25.52542783505693 0 0
25.62197208010509 26.3041472542332 0 0
27.1777392268019 28.33139091829697 0 0
29.16099251979654 29.16689654180673 0 0
32
1.905149711811439 1.342256822546606 0 0
2.078539668751751 2.035783503623089 0 0
3.278188503000581 2.437958812865885 0 0
3.455058764440422 3.446059616295513 0 0
3.647479349459638 3.582715754104661 0 0
4.021397422815469 3.981128173593801 0 0
4.580408522186141 4.540405529041667 0 0
6.371488817118537 5.265311059703202 0 0
7.491797085179571 6.575232110789595 0 0
9.609768509857107 7.737669621858107 0 0
9.661182453281008 9.614539685184946 0 0
10.06599984563002 9.697273574174437 0 0
10.26411795845994 10.16383725583815 0 0
11.88181386476476 10.27839371085014 0 0
13.80882678869117 11.92867620603505 0 0
13.95351226121481 13.95071415503374 0 0
14.03645984216349 13.97658433078096 0 0
14.63123697215174 14.62840860662087 0 0
15.25890370716109 15.24603200976114 0 0
15.6655180489014 15.27565410456783 0 0
16.49514093939366 16.40336612399625 0 0
17.53574399757279 16.61344346397729 0 0
17.82146097135505 17.74191853359399 0 0
19.43456882094317 17.97269366783353 0 0
20.08093836524397 19.78060174187276 0 0
23.31772743279937 20.47652315777038 0 0
24.73224303265464 24.71333609778558 0 0
25.60188001763603 25.39369770714427 0 0
26.14178745995483 25.73302849113296 0 0
27.38059323106199 27.2961803042223 0 0
28.17749847557395 27.65892383212321 0 0
29.96485235501431 28.90723776575032 0 0
18
0.09477459043310787 0.1882064611663132 0 0
1.518576350264869 1.920606260908376 0 0
1.962018319094692 2.114396862566384 0 0
2.717720551446557 2.746942201438812 0 0
5.916375053009359 6.048040560330155 0 0
10.0637754049673 10.62296851358479 0 0
12.12284658804198 12.39168886972998 0 0
13.05010310526695 13.53528709639158 0 0
13.54736053947813 13.5817771236006 0 0
13.77548827511573 14.19800511153696 0 0
16.35233764483949 16.40188578505184 0 0
16.43560514663227 16.45404665589644 0 0
17.79927443917926 18.52888652846408 0 0
18.55293086175206 20.5376020297737 0 0
25.49362095400366 25.60978512100506 0 0
26.98589246073099 27.09015361054322 0 0
28.09545955455391 28.22070989881274 0 0
29.97504881621392 30.05237701634568 0 0
31
0.2054101643714468 0.9158110786452092 0 0
1.16025721569169 1.530461143121767 0 0
2.481188212035859 3.055113753049201 0 0
3.112981622288702 3.583293057030963 0 0
3.826422469713589 4.857132431608875 0 0
5.427716503269828 7.681019383294764 0 0
7.721355185909696 8.246648997677635 0 0
8.327893486927925 8.622930975453617 0 0
8.634413220333995 8.954151514849439 0 0
9.242180541675221 9.732803401241615 0 0
10.27488963036055 10.85719901931116 0 0
12.45961376407756 12.46497047724957 0 0
13.37354982448117 13.48305923342228 0 0
14.11388401015041 14.19805351372469 0 0
14.29815481645423 15.21417373874734 0 0
15.44123155999381 16.1913138368576 0 0
18.75108810654655 18.94605124493651 0 0
19.16192353346911 19.24118719111755 0 0
19.27283560873233 19.30378641528484 0 0
19.90140625874917 20.07633098906117 0 0
20.67376883818671 20.69399540967865 0 0
20.76819374141771 22.34912710133691 0 0
22.60530654686136 22.84084026221591 0 0
25.46230651051932 25.4687661936611 0 0
26.42805645258324 26.93456635360277 0 0
27.22783549937514 27.35802923139468 0 0
27.96855938724445 28.42730804433012 0 0
28.6700879914156 28.96340162058988 0 0
29.24720416572585 29.73067594915469 0 0
29.76178242928819 29.79743262223307 0 0
29.81301430755672 29.99938347721947 0 0
21
0.0103515455242551 0.7167542251305993 0 0
1.283900351350458 1.443636228100008 0 0
2.84570843952925 2.872562718715531 0 0
4.584497414138727 5.281286290436934 0 0
5.657404999068571 5.783222139950118 0 0
6.002143635331386 6.338145318227995 0 0
8.966076701066118 9.305147441791405 0 0
11.16876118128716 11.17575033148603 0 0
11.77186965582638 12.45627120532041 0 0
12.62771753065447 12.66844294381951 0 0
14.13215576389686 14.51049304762453 0 0
14.67800045088777 15.09823947668373 0 0
15.52397272919827 15.60746342481695 0 0
16.61587381199968 16.98655850460516 0 0
19.05369481789241 19.78729139901272 0 0
21.1362672454371 22.37110070509402 0 0
24.50173421388459 25.06661680121572 0 0
25.23198764753471 25.47319421397997 0 0
26.4588691282426 26.56692241974541 0 0
27.98922495964953 29.56736712436188 0 0
29.58798919707215 29.66327254185933 0 0
