# Status file for ctqmc. Used to save all times t_s, t_e.
10
26
0.5746175923039156 0.2075979678557758 0 0
2.148180428871216 0.7004580150912219 0 0
3.291624299352862 3.212000672247521 0 0
5.516785992310449 5.068896976614901 0 0
6.293837490563431 6.203582369773073 0 0
7.892591949764125 7.214186260912022 0 0
8.398686454154523 7.942548735380464 0 0
9.678706476756364 9.65788210444533 0 0
11.22273070864088 11.19791017760897 0 0
13.29352134553225 13.28982130694076 0 0
13.76200006078202 13.44674671450426 0 0
14.99329452123755 14.93125238697114 0 0
16.32488874943719 16.10816905749491 0 0
16.68798237675197 16.45089372533531 0 0
20.04120490784873 20.02675626658842 0 0
21.15182027395461 21.078631769474 0 0
21.99395751729707 21.74601803597017 0 0
22.20677804914757 22.12632622609181 0 0
23.57993312019529 23.51009679317615 0 0
24.66279993606047 24.18155840465305 0 0
24.96273723962218 24.87032755013559 0 0
25.61346142725569 25.13658502337551 0 0
26.12453381432785 25.94746847490117 0 0
26.68326279386146 26.67463017413542 0 0
27.98535649059224 27.86018698114401 0 0
29.10738003297606 29.06256687093001 0 0
28
1.117740858224317 1.612747244529322 0 0
1.654806821744532 2.24745856996224 0 0
2.330116266727339 3.64907626170776 0 0
4.234893195200483 4.524201222343928 0 0
5.460121267508668 5.543722870617515 0 0
5.631736138385393 5.732192631745478 0 0
5.882350359503015 6.334835383281309 0 0
6.364746655759107 6.780969274318612 0 0
6.836032538323364 6.98175145936513 0 0
7.019085588129785 7.097154736750331 0 0
7.148774687562806 7.558834879106708 0 0
7.737573853082351 9.7651483553527 0 0
10.33849083472983 10.48212129499571 0 0
10.79904265871888 10.93789321716175 0 0
11.6283187114355 11.98680041558406 0 0
12.01386144259808 12.84191778636786 0 0
15.48241438020757 15.6805195905545 0 0
15.82244985841739 16.40237940023435 0 0
17.34832267490517 17.54884511365317 0 0
17.75889912952862 19.5192219145347 0 0
19.66266729543036 20.09994361041107 0 0
20.43302218106472 22.00533199737518 0 0
22.0099865079268 23.20642229023223 0 0
23.32760291578678 23.80684898423169 0 0
24.36588837153303 24.46606359640261 0 0
25.28163339595226 25.98078042215927 0 0
26.28343057540476 27.59353611591087 0 0
28.15897656075501 28.39893220608709 0 0
7
0.07993564241930073 7.376820901983021 0 0
8.112102554802133 10.42246513334718 0 0
10.52028284163422 13.32666264381735 0 0
13.83428628580307 13.89082056836715 0 0
13.97731369418982 14.10594481375305 0 0
14.11007327985855 23.57446474896588 0 0
23.70829180743561 29.84638153625135 0 0
26
4.87015939806918 3.16007860269238 0 0
6.262380643034019 4.872317239930279 0 0
6.62966763658087 6.543848946493085 0 0
7.670886159373293 7.580203228192545 0 0
8.883437668670338 8.597029538575793 0 0
12.01276862847715 11.37250218072236 0 0
13.56893608860963 13.07229319572838 0 0
14.11581546712918 14.10541662349778 0 0
14.32182605823628 14.19358438937064 0 0
15.02067442339496 14.80281508667366 0 0
15.61275415920551 15.46234756670182 0 0
16.76126904285675 15.65966404704862 0 0
16.9483557420987 16.93975203105737 0 0
17.23970080211933 17.10807596473431 0 0
17.58648521060134 17.33747539176126 0 0
17.9149470813096 17.88901212116474 0 0
18.9799119505205 18.93083279098063 0 0
20.55545641731916 20.40137300239321 0 0
21.45666460436627 21.27843947738709 0 0
21.9993845944825 21.9126607770424 0 0
22.63308567137725 22.44743361943948 0 0
22.74148588393151 22.71285414217031 0 0
28.48515531855244 28.47616570638824 0 0
28.79402079279246 28.54727844709052 0 0
29.77036592007489 28.9848785221431 0 0
29.8971920806967 29.81688596075753 0 0
10
0.08179022169095518 0.01513980495781608 0 0
1.591612401776421 1.528556873365547 0 0
3.700262613872194 2.644510896841215 0 0
4.501447737873616 4.242086268676737 0 0
8.89964912413704 8.887904665761912 0 0
11.81715638035335 11.46059137100394 0 0
20.0379952931514 20.03386705694294 0 0
22.83130911184759 22.59489828001957 0 0
26.13898969295304 26.13894714856405 0 0
27.32561388382784 27.12085758706032 0 0
31
0.2542572768089109 0.1928854444596304 0 0
0.7547033087729673 0.408814921533613 0 0
2.936344551038559 2.274538842945242 0 0
4.86745632199403 3.156787794742119 0 0
4.973158144810985 4.947329359680208 0 0
5.019628901829205 5.002542491198232 0 0
5.228223422807652 5.1762277947856 0 0
7.368147076953206 5.769261128712465 0 0
8.617449256941111 8.370180083976486 0 0
10.68234896567327 8.651427132607783 0 0
12.60982378141589 11.70903930517528 0 0
13.198437092772 12.97502426424156 0 0
15.48835465097335 13.80937925013247 0 0
16.93372320933628 15.66116748927336 0 0
17.46805451388781 17.07524144897209 0 0
17.62358811971328 17.59612649424107 0 0
18.87729687127806 17.86247368208292 0 0
21.36765361880796 19.22745503132747 0 0
21.48300350761849 21.39319920984882 0 0
21.8288451197704 21.80417433725086 0 0
22.40170623042036 22.38411730150351 0 0
22.47926235893781 22.4645096200734 0 0
22.93323383965793 22.78703116747717 0 0
24.24358659768315 23.07403978292828 0 0
24.93512863513557 24.65189857422589 0 0
26.5819962104888 26.08794602427574 0 0
28.14007028043184 26.81595864957772 0 0
28.25142813519218 28.2063246386406 0 0
28.7225852427058 28.69631340914874 0 0
29.05926387907359 28.98006314795364 0 0
29.90964253437071 29.79967579617766 0 0
36
0.4927214962564958 0.4908683910986102 0 0
1.039155654372766 0.5311456002693031 0 0
1.745406610623638 1.231729784102926 0 0
1.943298084113818 1.902591239364213 0 0
2.675340508560539 2.113732064022624 0 0
4.250038570233767 4.158387844539917 0 0
5.148134433169469 5.133283200076739 0 0
5.736040263672043 5.531844954403624 0 0
6.00884004286071 5.811388510628763 0 0
6.462809389081763 6.314570678141955 0 0
7.025633724027073 7.016924790116921 0 0
7.291729875279671 7.211121312249426 0 0
8.132045446161804 7.79754321726913 0 0
8.254732417847118 8.145415569682616 0 0
8.894109650854237 8.835677350241593 0 0
9.055432897400159 8.965954159894832 0 0
9.548781749736607 9.544812824707151 0 0
9.876880277158721 9.74995820745016 0 0
10.86571270417836 10.78558628289221 0 0
11.78447324215653 10.92514755821206 0 0
12.25526443066858 12.18151441874838 0 0
13.0977604203913 13.0957923945413 0 0
13.12757911209748 13.11454497916525 0 0
13.14681719419128 13.14274327663838 0 0
15.97136364296632 15.90321723775009 0 0
16.99391510934844 16.74117195826348 0 0
18.11620271343089 17.60697086295014 0 0
19.15692004873979 19.07003012992379 0 0
20.16111266281324 20.15954555172501 0 0
21.0686879520181 20.55459531556569 0 0
21.55137028997822 21.34907917799554 0 0
23.70901942337371 22.72690548487331 0 0
24.74501384145491 24.15830652881749 0 0
25.00348710077654 25.00259906750748 0 0
25.39463324633904 25.31940221614169 0 0
28.64736530278286 25.67345285505342 0 0
25
2.497950588565761 0.6828134019520817 0 0
4.928613682455582 2.631205003689142 0 0
6.129751304734754 5.480534314612129 0 0
8.478425712657813 6.141021411549053 0 0
10.08873100909451 8.925103570631661 0 0
10.38547597426165 10.14101023194741 0 0
11.42508311469316 10.73242534139615 0 0
13.59366068381994 11.68437511492553 0 0
13.72509616883689 13.65377104964243 0 0
14.60263883699955 14.01272387174177 0 0
15.69494606739833 14.76390185446869 0 0
16.52207640779841 16.35415998467253 0 0
17.16803945182899 17.13168222463477 0 0
17.8729573395355 17.65407028070976 0 0
18.46931179117739 18.21825077547406 0 0
20.42962263388305 18.79115857697622 0 0
22.43524918808259 20.52599662924688 0 0
23.00076124559197 22.80521561335527 0 0
24.07743569706271 23.26074304444762 0 0
24.13758389678038 24.13194429179158 0 0
26.36687705021814 24.69834242050544 0 0
27.55213975037478 26.39830051434656 0 0
28.67623117272945 27.70199692790752 0 0
29.82340009539319 29.3055322269928 0 0
29.97974333322586 29.90438847627257 0 0
30
1.274486795830067 1.410289641360326 0 0
3.123057702278677 3.594198783954697 0 0
3.881292336828855 5.230918637491317 0 0
6.016463452730526 6.294446388977589 0 0
6.672848269992135 8.339315543280586 0 0
8.49462653203236 8.515438148510484 0 0
8.572741764241457 8.822390104898142 0 0
10.85460476132349 11.88920768561562 0 0
12.20077832789051 12.32408000351742 0 0
12.9987159809628 14.52483395930403 0 0
14.54372423188402 14.61173522215165 0 0
14.62571633095824 15.22255369613424 0 0
15.66418404090954 17.08012911723512 0 0
17.17855258334041 17.24785792152287 0 0
17.32766306702548 17.46740653313965 0 0
17.53530041136761 17.83162925079694 0 0
18.886689491045 18.88949226168023 0 0
18.98742809201939 19.47478586092158 0 0
20.04663560212695 20.30373483879469 0 0
20.3354610388099 20.46760951495837 0 0
21.79678543468349 22.30486366580343 0 0
23.08891611056071 23.1684202277395 0 0
23.95563706438267 24.2223647909728 0 0
24.61501754439506 24.79058777876696 0 0
26.66591936878454 27.38539995797566 0 0
27.40215275133395 28.52544349658977 0 0
28.59048768184818 28.67376142371721 0 0
28.80007872799197 28.87519335594799 0 0
29.0091279694596 29.13463777402398 0 0
29.29789804539407 29.71960224626248 0 0
26
0.03963325670810391 0.6133966788674047 0 0
0.6985585338406756 1.114400786193024 0 0
1.319997684589332 2.064645660279576 0 0
2.573216513187901 5.030048897733079 0 0
5.227638041532884 7.013844504434945 0 0
7.26336478398707 8.175298961459383 0 0
9.160078225275713 9.558439454490255 0 0
9.650449487310429 10.07439939002183 0 0
10.50210968182869 10.82456860428237 0 0
11.35193308446734 11.50794442688624 0 0
13.37447044239554 13.38862205623067 0 0
14.70394931223118 15.32926600170201 0 0
15.61983152472056 15.92272292926905 0 0
16.41462676393503 16.74201986257531 0 0
18.65052735513475 18.83191114764423 0 0
18.9499266547411 19.24441050100279 0 0
20.38222474731309 20.73167928028678 0 0
21.07019969710508 21.51863638246355 0 0
22.72024603322845 23.07520243507515 0 0
23.12825248234097 24.90889989806407 0 0
25.85877054348233 26.28310168371172 0 0
26.39870912147501 26.56294346110003 0 0
26.74935985193827 26.89383778804768 0 0
26.91339258485656 26.91604511501778 0 0
27.00487679407483 27.5437299904672 0 0
28.47028195290099 29.37592228258693 0 0
