# Status file for ctqmc. Used to save all times t_s, t_e.
10
25
2.215924937000687 2.209687530718759 0 0
3.019119445221897 2.869974905720747 0 0
4.832761592757356 4.654441550849119 0 0
5.279705051001607 5.223741833727136 0 0
6.732228346570486 6.235057140914698 0 0
7.232093065979497 7.224585235170436 0 0
8.606877737497676 8.604355893809164 0 0
12.15805101672328 8.61936364281263 0 0
13.58903067804029 13.57890795316744 0 0
14.52720305431119 14.42894327011217 0 0
16.76581445757865 16.74284249240731 0 0
17.02757118156191 16.95399434573093 0 0
17.58590682445563 17.38832903322001 0 0
19.47640031197054 19.32407026559028 0 0
22.56681702658297 22.23220686233989 0 0
22.73523451534043 22.73408948942942 0 0
24.26229027112227 23.74746017071445 0 0
25.07761642438891 24.47796124205138 0 0
27.04834142330327 25.231053121411 0 0
27.12270527296608 27.11495373696826 0 0
27.45716595672112 27.43609177392846 0 0
27.86326449345549 27.7441807802235 0 0
28.17483902326659 27.89381534990875 0 0
28.39195286544171 28.22384769617143 0 0
28.4765515270324 28.43452308456836 0 0
30
0.5441144395081565 0.3716066200061512 0 0
1.463930419457153 1.432515390527124 0 0
1.745841074466865 1.49607319738567 0 0
2.385867930723558 2.323404017710871 0 0
4.667829094536758 4.112654711676483 0 0
6.777012645956831 6.752668184203517 0 0
7.922844467516966 7.893078453463271 0 0
8.103681968522237 7.977837201310156 0 0
8.355397876384737 8.145163156513341 0 0
8.601963872486918 8.403803429446727 0 0
8.889740520481693 8.620918649520721 0 0
9.675617841618076 9.594629206695986 0 0
13.46134867616361 13.26623032575166 0 0
13.573071814403 13.46617606560615 0 0
14.30960524377222 14.20270447311385 0 0
15.75699766105624 15.73594703956344 0 0
17.61543789480159 17.15859976155457 0 0
17.68671358171368 17.65885605440367 0 0
17.97843352343952 17.96619008539789 0 0
19.26704826373148 19.24251516894813 0 0
19.52951536790341 19.50624141746465 0 0
20.37791202355655 20.0751088127581 0 0
20.849553921513 20.40056038783541 0 0
22.36275887770532 21.86440870388655 0 0
23.28776615087746 22.6430215714457 0 0
24.79085166391856 24.5368620923977 0 0
25.27894444835948 25.19955879554371 0 0
26.0660572215855 25.5544906074747 0 0
28.2692048156905 27.24083338864774 0 0
28.73465520349423 28.62332825978292 0 0
13
3.686854888940675 3.614285749098901 0 0
3.959228185619899 3.763448595505758 0 0
4.299768829010785 4.17239454680484 0 0
7.147570514679806 7.042979571847058 0 0
10.179627910694 9.838982898297276 0 0
11.2107327943199 10.47579697663811 0 0
12.73487544712566 12.19540057736122 0 0
13.93762819599238 13.01619719133362 0 0
16.6081978856105 16.50169158309716 0 0
20.04427435358201 19.89727912003344 0 0
25.92727711409457 23.97559051620145 0 0
29.06050683574319 28.65984930623191 0 0
29.45702524669084 29.43031976212208 0 0
23
0.8607040445080635 0.7329009048957467 0 0
1.983897755334807 0.8826732368621375 0 0
2.0993733615972 2.071292734406242 0 0
2.713151468487655 2.677997422748866 0 0
4.210503075855752 4.146207851886524 0 0
6.374574514758391 6.23369190646696 0 0
7.38523986880167 7.355103282193057 0 0
7.604889007894249 7.539150351574956 0 0
8.709851851486681 8.372041964298377 0 0
9.237406909732888 9.23276994157494 0 0
11.20826396714729 11.1971549753607 0 0
12.11610239903232 12.09298512778646 0 0
12.87372341052049 12.86352219589865 0 0
15.40940476770644 15.24427935068175 0 0
16.98051527592032 16.93437166804994 0 0
17.3419232808326 17.25387614778712 0 0
20.2621743322671 19.84328332272228 0 0
21.62702471105527 20.98126757541323 0 0
25.47268480096602 24.89742982746188 0 0
27.30629471479011 27.27458021174639 0 0
27.85593106157554 27.79076730645347 0 0
28.80018071984376 28.04961272234259 0 0
29.38660045657133 29.3572386975661 0 0
6
0.4751616585207081 0.4388240089470491 0 0
6.014869256263769 5.72625505429922 0 0
13.70267922034867 13.69756218915433 0 0
18.11781698540147 17.55975519235485 0 0
19.51852264612695 19.42550540583973 0 0
19.83957675822861 19.81537278895845 0 0
29
0.1722856383398309 0.1676741022819453 0 0
1.4461955460485 1.407259254260116 0 0
2.605585912116891 1.89351661180146 0 0
3.388441763809132 3.28960890105115 0 0
4.708533852126968 4.633481354714454 0 0
5.646185789265651 4.881999183699076 0 0
6.998540943856811 5.921556420285716 0 0
7.924426021128389 7.574409217531066 0 0
9.116577250628952 9.064445648195695 0 0
10.36226830093851 10.25127480624791 0 0
10.69689269197217 10.49976377934641 0 0
11.65568382144344 11.36861625414241 0 0
13.40490454840142 11.73021703912337 0 0
14.83589499717837 14.74874241126625 0 0
15.00996434516801 14.96038418228501 0 0
17.26944225420982 17.0918247274001 0 0
19.62106598474165 18.01532552067842 0 0
19.71824337226833 19.66098217695229 0 0
20.55003421605422 20.35095739761757 0 0
20.91587976371035 20.87630497730319 0 0
21.41351659580794 20.95944397112813 0 0
22.56434333282945 21.52069564075308 0 0
24.98865757951661 24.90507750459727 0 0
26.42987167991805 25.8604286294344 0 0
26.61586071496911 26.51516125652431 0 0
27.12721114284661 27.05976873622075 0 0
27.64850922378207 27.46664399753994 0 0
29.84507355982673 28.3811821634905 0 0
29.95132217336729 29.94312183111859 0 0
31
0.06182246064611618 0.2988146304731067 0 0
1.187993040709667 2.098233710128851 0 0
2.108490188421111 2.155473202103719 0 0
2.206103547854748 2.944860022721824 0 0
3.111208078507694 3.431788859168647 0 0
3.716907734170921 4.29988491566868 0 0
4.3510437193648 4.596338329222239 0 0
4.795518303585041 5.289556486743721 0 0
5.573998796517757 6.754598169643651 0 0
8.217064604846183 8.247451395472634 0 0
8.327667245911702 8.376832310650098 0 0
8.378952144087656 8.754096083648179 0 0
9.863065013081259 10.13569140778048 0 0
10.23824312450049 11.07643984860909 0 0
11.34694520456998 11.68271667861428 0 0
12.1000777982902 13.10077617863801 0 0
13.23635476923689 13.43842843559726 0 0
16.52078169957887 17.01601543510244 0 0
17.1038454463287 17.11007564713519 0 0
17.23004805754205 17.36495105741995 0 0
18.57599463326578 18.64490339393224 0 0
18.74216114967569 18.92780567244635 0 0
19.23414345232587 19.74098124909106 0 0
20.03749080447662 20.34853688616426 0 0
20.36064369761645 22.37236792238321 0 0
22.47975118347664 23.17824257021455 0 0
24.0359389748158 28.35511073074593 0 0
28.63856765737886 28.78458962191821 0 0
28.7877214429912 28.94368085480157 0 0
28.99734107068849 29.15402714962559 0 0
29.19768876529792 29.34564562688173 0 0
25
3.402757259545415 3.518727425809096 0 0
3.844519305020536 3.86455524990948 0 0
3.942297067187838 6.121372625786717 0 0
6.260885389949927 6.609769684647139 0 0
6.736809773555702 6.885246679484631 0 0
7.149128382512573 7.251793781547538 0 0
8.808886314255904 9.125599120221718 0 0
9.194544844094523 9.600611859596356 0 0
11.31171437137535 11.43350524482596 0 0
11.82810964542408 12.84517848133981 0 0
13.41931546996599 14.17241930308119 0 0
15.28526696175809 15.57143007913924 0 0
15.68618792639571 15.96134976938514 0 0
17.85462425874412 18.06317352925757 0 0
18.21957940998198 18.41832300618944 0 0
18.56624382055134 18.77246513534706 0 0
22.49224559059464 22.54029391535339 0 0
23.83687472630582 24.07131590305693 0 0
24.07389741263514 24.2638319798521 0 0
25.20979217711286 26.12253399576196 0 0
26.29756567845215 26.31222944520202 0 0
26.58405525453715 26.70137564190857 0 0
28.12655230766588 28.32766416316603 0 0
28.72803519652001 28.87012002674297 0 0
29.49016588537579 29.95411035877532 0 0
26
0.9971255999520514 0.06231885300197726 0 0
1.363535888385591 1.04020847904673 0 0
1.448671366623676 1.369721743866606 0 0
8.109980326190254 2.224990489441882 0 0
9.601335345142628 9.595042890474701 0 0
9.888712643410207 9.837855270349952 0 0
11.11107470113802 10.95423877010265 0 0
12.09179095427878 11.52058970428807 0 0
16.19274929600979 13.35082590976571 0 0
16.93892346151652 16.77290514288863 0 0
17.37907012894037 17.26433682617061 0 0
17.93162336772898 17.90404687714415 0 0
18.48739763787471 18.44145457278106 0 0
20.61217366671732 20.52021748710604 0 0
20.88201365530791 20.62531146218761 0 0
21.95867181712146 21.32677378953518 0 0
23.57782123409465 22.53354112957321 0 0
23.58564541411389 23.58032191078323 0 0
23.68425054401539 23.59225027031356 0 0
24.21151742248797 23.97180358844941 0 0
25.09031272127793 24.92617085712844 0 0
25.39458626385074 25.37710922439833 0 0
25.83970630586135 25.7636437226907 0 0
27.60198719271752 26.20190305897631 0 0
28.18641257547922 28.16335958333259 0 0
29.91987586983778 28.53486345491349 0 0
12
1.300874011286858 1.343782628221096 0 0
6.472448431962006 8.276892593605384 0 0
9.626723080704535 9.872533208662682 0 0
11.07662589724141 11.34912672687148 0 0
14.90017327380057 15.84926416887983 0 0
17.33167610854148 17.75996547419876 0 0
17.91002099369294 17.97415471292131 0 0
19.84208267544391 20.26503445710662 0 0
21.98460957071736 22.3300969834164 0 0
24.12786834991108 25.38389605521871 0 0
26.50229675299882 26.72393848811046 0 0
27.81046407770286 29.06102103208394 0 0
