# Status file for ctqmc. Used to save all times t_s, t_e.
10
27
0.7493513830035035 0.6213848723964475 0 0
2.174576726475614 2.151682415482473 0 0
2.894750039179027 2.800272136073795 0 0
4.659350409171696 3.435861902819329 0 0
5.02037057278103 4.879239427251738 0 0
5.693700612829795 5.147594500506079 0 0
6.860930102528214 5.794267500305051 0 0
7.590716095198277 7.497441624693277 0 0
8.480326668893385 8.296121320878497 0 0
10.16884581154014 10.08878858688348 0 0
10.66106572138824 10.55708988929856 0 0
10.81226838453737 10.69967432823841 0 0
12.86791899014807 11.59180108640949 0 0
14.32873033262631 14.16812163468919 0 0
17.63501516284132 17.38215464804679 0 0
17.89266412138295 17.87505208850945 0 0
18.27991075310574 18.02093021909686 0 0
20.02817310396598 20.0245714805567 0 0
20.11198096325944 20.1094341430809 0 0
20.70282948509017 20.69024133247493 0 0
22.03989207823309 22.02251856637932 0 0
22.25625913272895 22.14363319869506 0 0
26.56393495766478 26.55954894614417 0 0
27.10532389479717 27.06154868347418 0 0
27.70324303371495 27.67854814733762 0 0
27.9516754335893 27.89791934675301 0 0
29.5993989220211 29.48860334591183 0 0
25
0.2854796095777872 0.2757090429970623 0 0
0.5704882879123421 0.5292848225835474 0 0
2.06561421266716 1.992697642648945 0 0
3.158937507403115 2.945404594273617 0 0
3.363931601616331 3.346676546739354 0 0
5.954336924738713 5.921743671581516 0 0
9.602593912883508 9.594426567263573 0 0
9.718361844856508 9.694828118836963 0 0
10.8948340129356 10.86757849139315 0 0
11.38012668140481 11.33032394984473 0 0
12.69058611092868 12.6635261078474 0 0
12.84223126506568 12.75427096459732 0 0
14.29261819509447 14.23108277352989 0 0
15.42655731996682 15.22594020415724 0 0
20.66307557323167 20.3485435306748 0 0
20.99302532883894 20.9747120434386 0 0
21.18390374577901 21.08194558378899 0 0
22.87208958482008 22.82309451481244 0 0
23.13711933121452 23.09572831578337 0 0
24.61308923649071 23.64935447906763 0 0
24.76839252059728 24.76294622128042 0 0
25.17790039989606 25.06536457880909 0 0
26.06251935106309 26.05522011408361 0 0
26.34321516593315 26.33547633604372 0 0
27.99944198652724 26.71388847145745 0 0
6
9.642033359193269 9.491589101414023 0 0
10.01329674348941 9.698456181760198 0 0
10.32106901881947 10.26288055967582 0 0
11.51480134560442 11.48992443878219 0 0
17.01300139991654 16.97875568549184 0 0
26.54184322039887 26.46202339108208 0 0
33
1.529061411771671 1.524085850356684 0 0
3.307395016169123 3.196819542546161 0 0
3.636672110154443 3.581457629746152 0 0
3.831203564158152 3.703372956670638 0 0
4.089435436319773 4.002926177744516 0 0
4.691478514596181 4.665946191658339 0 0
5.163654181143353 5.161316582237125 0 0
5.703215027755187 5.207203146033749 0 0
6.756292466311693 6.597967091273034 0 0
7.298982624165748 7.221665234310038 0 0
8.086351271967423 8.040176379741858 0 0
8.985285624509702 8.944256129518594 0 0
9.209194581202331 9.183719802670726 0 0
9.361167934453936 9.331257379841094 0 0
9.620790477612752 9.613044895028143 0 0
10.87030640199014 10.80330374128973 0 0
12.78767750954198 12.76217370776995 0 0
14.80189386936009 14.75248336899155 0 0
15.01423961341674 14.82100958717737 0 0
15.57514073178305 15.51391932102127 0 0
16.60292184441896 16.51818619857716 0 0
17.15532662899893 17.04828172557827 0 0
17.68630540438387 17.67096234915051 0 0
19.29769380651615 19.09654824938726 0 0
20.4761986721342 20.45162259280098 0 0
23.06844947743648 23.05618101420956 0 0
24.05816324426087 24.05611869276597 0 0
24.71844664188198 24.60043953953976 0 0
26.31063423716092 25.79514391782451 0 0
26.45502635600677 26.35728901829093 0 0
27.20023750811782 27.19951954228135 0 0
27.41195129990966 27.29461095752972 0 0
29.43226688408516 29.42325182552049 0 0
10
1.220391614260549 1.163908167313789 0 0
6.571181075868289 6.525269004334518 0 0
7.028102623024275 6.923081552708408 0 0
11.21218305585559 11.2042476378874 0 0
12.73999196913856 12.36111528325921 0 0
12.85738631888043 12.80857088029949 0 0
13.75800229040853 13.69503497664261 0 0
16.4599450005098 16.44257372575575 0 0
24.51034719847411 24.50562219465865 0 0
26.14167982210936 26.11821653712403 0 0
25
0.9829651811432069 1.059296093201904 0 0
1.257409717905313 2.086956031687818 0 0
2.225847649777335 2.391877685077664 0 0
3.232343505863063 3.561211046796414 0 0
3.703785539630785 4.150200869910544 0 0
4.202234453911081 4.633191225040194 0 0
5.049388892361391 5.122955672666254 0 0
5.192075058128958 5.66709429622102 0 0
5.823613430197298 5.848690530180947 0 0
5.951666676176115 6.110238419095563 0 0
6.201488820254696 7.5243622068261 0 0
7.540431905051031 8.489611133281496 0 0
10.50366764343221 10.50831199448701 0 0
10.61293305524475 12.57719373151981 0 0
13.22407687578838 13.76799986151727 0 0
13.8314122076519 13.90370341568435 0 0
13.9055219164336 14.89749264033959 0 0
15.41476595311575 16.18763151149819 0 0
20.60211242734663 20.73187697720607 0 0
23.52320196117509 23.82242667577015 0 0
23.86275547410266 23.8805237910287 0 0
24.14539921065112 24.3361646077844 0 0
27.7849486585032 27.8151572927552 0 0
28.22809556866725 28.32797441361123 0 0
29.8971991158754 29.95678079955994 0 0
33
0.3072468754655636 0.002926590357962056 0 0
2.32011143467891 1.328670943913468 0 0
4.056213897504452 2.669869970859528 0 0
4.274774805179893 4.147987334192486 0 0
4.349838068749528 4.330990816392361 0 0
4.772237656594259 4.752596675437382 0 0
5.764610070578764 5.59858422836512 0 0
5.891356485442902 5.858661811916308 0 0
6.11821311422819 6.034969970854318 0 0
7.186051871119733 7.052676277241841 0 0
7.827146225703121 7.456857374844668 0 0
10.10934884527514 7.93379511312669 0 0
13.28821948908756 11.12300712782295 0 0
13.5651280237495 13.55333786175571 0 0
13.62196204555692 13.61701436046897 0 0
14.65418850870873 14.51077722639133 0 0
15.69519987276365 15.54064611740168 0 0
17.33409445090325 16.02937584804928 0 0
17.80537720631767 17.70206765015165 0 0
18.24295869941425 18.2288884455352 0 0
19.38849719308162 19.17708445979617 0 0
20.2616786871113 19.49681294824448 0 0
21.94780508815428 21.0355509609926 0 0
22.85923180703128 22.82726570283354 0 0
23.645481321084 23.41456110141618 0 0
23.80344239662514 23.77580812020201 0 0
24.82887183828886 24.48795661182066 0 0
25.05413406162103 25.04857808875862 0 0
25.18945305822895 25.1270421944299 0 0
25.83483090853992 25.75619841639389 0 0
27.74158715863442 27.61435463705297 0 0
29.23526524176124 27.87437099796335 0 0
30.0426201176315 29.36575740066961 0 0
18
1.629035518181348 0.2684010907888137 0 0
2.776761487496751 1.757186536772298 0 0
2.811280567818144 2.798524788952244 0 0
3.198623351213257 3.174211305922316 0 0
7.969234440168721 3.273484911993856 0 0
9.419272986038241 7.975694318911141 0 0
13.89076573628617 9.549028757113614 0 0
14.22638761838379 13.90148445776381 0 0
14.65560106366515 14.25352737588053 0 0
16.29953015257281 14.99000125603269 0 0
17.1790699589055 17.09995236653974 0 0
18.08601791071241 17.25313011821329 0 0
18.43585171919499 18.1046728449762 0 0
18.64552519196228 18.6095647340129 0 0
24.35708476157948 18.72037195591148 0 0
25.11293279527388 24.88009445673931 0 0
28.90014895259812 25.19227708557537 0 0
29.84755966270812 28.91192913279921 0 0
34
0.8019511158279649 0.878461523463109 0 0
2.363984371237445 2.550261495698078 0 0
2.901537763162251 2.907855579811031 0 0
3.008703135109229 3.01179247236058 0 0
3.02376417346425 3.258073897351931 0 0
3.288585065384359 4.633971831219086 0 0
4.901243853518126 5.102033709566189 0 0
5.109152002114274 6.244386127458872 0 0
6.345322379578095 6.693030742426392 0 0
9.551611660377063 9.895553073536167 0 0
9.899691325852762 10.21919067155626 0 0
10.24324755860642 10.66157120437863 0 0
10.67470952664667 10.78012986633946 0 0
10.83325097969979 10.88524039199024 0 0
11.1755308245881 11.18304416939249 0 0
11.38791199908357 12.05007945961517 0 0
12.1641340546058 13.00395795251545 0 0
16.81616361883384 17.17167728506162 0 0
17.48538427113904 17.70688872465113 0 0
17.78367912190894 18.13614795916384 0 0
18.20968758112305 18.42347283779619 0 0
19.57104405021375 19.61376662954789 0 0
19.69767653941888 19.69774628443877 0 0
20.11639861564267 20.33300575000278 0 0
20.51378680909702 20.55443835178504 0 0
20.87152385135504 21.88480627719738 0 0
22.11750871444019 22.14846136739722 0 0
22.29991101228553 22.75115402107351 0 0
23.51740959003977 23.82150099873934 0 0
25.7137601759535 26.11479525479503 0 0
26.54993474720293 26.63342097276655 0 0
26.64242887720768 28.73131650666857 0 0
28.7420754001421 29.04784566413223 0 0
29.10239769386669 29.5537961363874 0 0
20
0.5998434202291487 0.2069658606531668 0 0
4.63777524940392 2.422798655973251 0 0
5.806666198209226 5.30474148179362 0 0
8.694328182767142 5.823380764997794 0 0
9.589834273859376 8.948445666431752 0 0
12.37815309204128 9.892866111352298 0 0
12.6982722973093 12.68284924336008 0 0
16.78773268976792 13.31220617076359 0 0
16.92681289270194 16.847517521739 0 0
18.56513351557032 16.99133162724186 0 0
19.02980491176023 18.64510911833315 0 0
19.16309113022496 19.09430987624392 0 0
21.26195731975602 19.90625361588778 0 0
21.67173912722001 21.51502756492541 0 0
22.88954854480511 21.87818809485249 0 0
23.94508365289215 23.00293426328855 0 0
25.26378934199846 24.7749628148023 0 0
25.52873931230957 25.30797847270367 0 0
26.12205948298084 26.08515703959994 0 0
29.99423354883077 26.48393293681845 0 0
