# Status file for ctqmc. Used to save all times t_s, t_e.
10
17
2.445123255706367 1.017428420970131 0 0
5.712888748604579 5.646129556989468 0 0
7.016316527772797 6.833539620804529 0 0
8.343944420437047 8.306595525356732 0 0
8.544465166213669 8.495530806247446 0 0
9.476352054030311 9.18122456070199 0 0
9.849814554776577 9.553342964589746 0 0
11.66833150285439 11.53150976507862 0 0
13.75232167688774 13.11227011475739 0 0
15.32191626475029 15.02134939348979 0 0
15.71291191856931 15.34672694113882 0 0
19.23598819270779 19.22651004463848 0 0
21.74348294521832 21.63806103639616 0 0
23.04920842800107 23.00879023126306 0 0
25.89283583598791 25.56665466275343 0 0
27.94193693714603 27.53146864523028 0 0
28.54462039579197 28.53161742552556 0 0
24
1.180552554765913 1.173095288783655 0 0
3.717753332767257 3.643655326992653 0 0
6.667543266354543 6.630085009913537 0 0
6.878444034566829 6.82170674916468 0 0
7.185465378319756 7.127330877001118 0 0
7.287227588994279 7.256442707404682 0 0
9.245484085801897 9.061831751773791 0 0
9.304866959991042 9.280511782060671 0 0
10.20098208136348 10.16485184420896 0 0
11.45038715272317 11.29123218573914 0 0
13.13250699608336 13.01422033634477 0 0
13.9908563468511 13.97113880425811 0 0
15.38729579075342 14.09987527901075 0 0
15.81713197962427 15.77426903968751 0 0
16.24686182500797 16.16836809975444 0 0
16.58007750399977 16.41837856317409 0 0
18.38738208185093 17.43277875711028 0 0
20.10739773787999 19.93801736852413 0 0
21.96036450833494 21.94468679231564 0 0
25.43323663745189 23.54887859622614 0 0
25.62540146339561 25.55826337874027 0 0
27.70713138868864 27.67942084555612 0 0
28.04403144364985 27.98044239203107 0 0
29.66353846492799 29.46898174777511 0 0
9
1.632929588729615 1.534789031742239 0 0
2.917041736633465 2.869374407629188 0 0
4.185672273691445 4.184321284152003 0 0
15.34457320095353 14.57229008085301 0 0
17.64399742939606 17.26014279745167 0 0
18.61768585400511 17.72665174126337 0 0
22.04136073089073 22.01380881276743 0 0
22.82159390596709 22.70189968853525 0 0
26.75454050661941 26.71028206619233 0 0
20
0.2258212933825234 0.1482188782760261 0 0
1.496696882138224 0.6036729849451632 0 0
1.959162495471627 1.854269369541848 0 0
2.587013325086724 2.380509766594185 0 0
3.580181301034064 3.572374641446382 0 0
4.02925928197349 3.995052586283494 0 0
5.594822190661189 4.466591509022184 0 0
6.391711740366592 6.376979976006047 0 0
8.176976415477723 8.157571666184127 0 0
10.91462533056184 10.87282186832646 0 0
11.7629997611049 11.76145240226019 0 0
13.73331171259939 13.40779087900229 0 0
15.20560829980467 15.15769384780462 0 0
17.02283367553751 15.54919136301855 0 0
17.71911702727293 17.31231166553702 0 0
18.6298197411313 18.55337489596832 0 0
18.8255826702435 18.6331147648804 0 0
22.64763670006825 22.51158173197677 0 0
25.5221752621795 25.32491860295383 0 0
28.19195303066207 28.06126249892877 0 0
11
3.992246284202825 3.806521936976427 0 0
12.2090397586637 12.17904608988257 0 0
12.52839528044855 12.51415142057295 0 0
15.86259721605463 14.74129939495622 0 0
16.21904709522742 16.19529935885384 0 0
17.16178979194158 16.98919559119419 0 0
23.90232201986203 23.80419535173475 0 0
24.16093805336947 24.12905802384373 0 0
24.30081309801142 24.26250191611597 0 0
25.63268606952415 25.39495580171793 0 0
29.82168754134494 29.81475070579515 0 0
27
0.2218656385740238 0.85784767323843 0 0
0.9275748629044471 1.776233210640998 0 0
1.940949569923651 3.798426658477555 0 0
7.053734137432099 7.311378378012984 0 0
7.711430586869423 7.819797264426282 0 0
8.30728057007869 10.06569283270587 0 0
10.07480156351392 10.43654791959767 0 0
11.72210750102289 11.89872905813961 0 0
11.89962617224834 11.92647255070164 0 0
11.94612660720674 12.29172627086387 0 0
13.24944520885006 13.8178168877249 0 0
13.91053116614357 15.20889294078866 0 0
15.33697224354908 16.85772840587605 0 0
17.01061060927071 17.02712829423569 0 0
17.06936387002745 17.8482597947682 0 0
17.96308542139669 18.46853527809992 0 0
18.82368656314067 18.86193213698769 0 0
19.31083888538455 19.83252480368009 0 0
19.83648248961293 19.88510552676229 0 0
20.0594747145032 22.01328497940488 0 0
23.75547623573208 24.5085161219649 0 0
25.01160492801572 25.03045723120413 0 0
25.16389302465967 25.34348446377702 0 0
25.46014872410234 26.28169275858662 0 0
26.46825403650409 26.9747966619305 0 0
29.03298808393133 29.24846196074834 0 0
29.40348349260091 29.72603798120288 0 0
30
0.6925139486157339 0.6439334824879996 0 0
4.603216944448883 0.7222331007116605 0 0
4.992791384208846 4.897686347149873 0 0
5.817444223653459 5.729047833795261 0 0
6.444014525744125 6.161159013018588 0 0
6.742743174924069 6.718494306549781 0 0
9.14570552214513 6.905157821239578 0 0
9.602187386420249 9.567302852145444 0 0
9.955513862646816 9.9123853246821 0 0
11.62031640392759 11.61600172686948 0 0
12.2893481809255 11.71270654884414 0 0
14.52494432153303 13.73396745494341 0 0
14.61559232675656 14.59720439038642 0 0
16.55463746490185 16.37575665346077 0 0
17.11816109784429 16.764052323774 0 0
17.5885404073918 17.5524549217791 0 0
18.12425313135167 17.69506566670852 0 0
19.39652736378134 18.35396783416677 0 0
22.195183967143 19.42019703980933 0 0
23.00757140359295 22.72484464410445 0 0
23.53347048171359 23.15247222538448 0 0
24.15044058187759 24.05909373898984 0 0
26.24504018679184 26.0437438209246 0 0
26.6457481852693 26.59351973215085 0 0
27.23896447629574 27.08328483901617 0 0
27.68596648481394 27.5957132352221 0 0
28.21297081117036 27.90706642773981 0 0
28.98449994641318 28.71682457308022 0 0
29.03797939086268 29.00990229124315 0 0
29.59709851337777 29.21577143485681 0 0
20
0.4181919983054776 0.5366118340536161 0 0
5.181586793909982 5.337896687771538 0 0
9.984907550738415 10.12847144154935 0 0
12.54818012872373 12.7306465237889 0 0
13.73485390838302 14.07787572434927 0 0
14.12814087678455 15.45460503709126 0 0
17.29064146525038 18.92035021685124 0 0
19.25318591772917 19.28460746514423 0 0
20.54651390332888 20.64173971107223 0 0
21.46009835300895 21.46462308525919 0 0
21.96936090461907 22.31377599531168 0 0
22.96891318877582 23.0654527901789 0 0
23.40067838757229 24.22449827237373 0 0
25.37179379959666 25.45767935469493 0 0
26.04380354049504 26.36079769030692 0 0
27.04722350171981 27.14519361089854 0 0
27.50991677748319 27.81031076118127 0 0
28.46408727858839 28.58699452512203 0 0
28.9340347049035 29.2496343497263 0 0
29.35317044390821 29.65210503466227 0 0
31
0.05147780048098127 0.3973070506783678 0 0
0.5170551373544285 1.001967282378004 0 0
1.069955533934969 1.6874701425972 0 0
2.240513588789771 2.35877726453813 0 0
2.51769114409919 2.854399278835661 0 0
3.563766912289997 4.552663787533379 0 0
4.55742127165816 7.011663845734557 0 0
7.012255036058687 7.082486529054766 0 0
7.162983170265572 7.66660183202911 0 0
7.792432981657745 7.813133324865938 0 0
7.993253533673392 8.219466947873416 0 0
8.355786668150447 8.380262228700646 0 0
8.444610312630795 8.621820732120383 0 0
8.650616174813811 8.916253141674966 0 0
8.95161209356317 9.113622682829062 0 0
13.48605027101748 13.75271447713494 0 0
14.45976179770074 15.36338221246192 0 0
15.47295095678967 16.1356672430238 0 0
16.36654401278632 16.6756350199361 0 0
16.83361436279849 20.72503349929581 0 0
22.49852081710152 22.72266733480533 0 0
22.81671551683884 23.20309831854675 0 0
23.28777930998971 23.64751809106224 0 0
23.68625051933158 23.79832627444078 0 0
24.28605887554934 25.28812340141682 0 0
25.36903138762431 25.57892570151307 0 0
25.67234382574797 25.85485557933197 0 0
26.04672137170304 26.25863125065239 0 0
26.41103515640755 27.2898131600046 0 0
27.41927988184562 27.87512299874874 0 0
28.12984761995111 28.19113489069638 0 0
20
1.898468179731469 2.687916618816686 0 0
2.936299378156803 3.091945621755895 0 0
3.505559397598005 3.521020042758927 0 0
3.561555648252455 4.425494551685906 0 0
4.590242408838898 5.839171818924466 0 0
6.751791693561057 7.132791941121956 0 0
12.1490219043602 12.45663391448266 0 0
12.73775068396495 12.81420109132219 0 0
12.83033188881886 13.38304916082929 0 0
15.06432250556577 15.72572345523963 0 0
16.82945175605877 17.02318117153673 0 0
17.76791846201223 17.86092401167345 0 0
18.93381935390774 19.03000654455265 0 0
21.6379879860492 21.84428610165982 0 0
23.03771648477166 23.09426041425924 0 0
24.23276492677748 24.55766027498978 0 0
25.33057943323653 25.79847991453101 0 0
28.01939937718084 28.17406846537724 0 0
28.20664373253701 28.22702091492008 0 0
28.32006613520661 28.54805930880815 0 0
