# Status file for ctqmc. Used to save all times t_s, t_e.
10
42
0.1989881207547651 0.1591868274239694 0 0
0.5790920113200615 0.487032634885623 0 0
1.064267520849626 0.9600178169299212 0 0
1.682452359479617 1.617291133518648 0 0
2.373574110115 1.869414738494087 0 0
2.86782923526586 2.540113628698961 0 0
3.059575368744897 3.050855327202927 0 0
3.518336174019804 3.484155874686416 0 0
4.419307087571692 4.402715995074924 0 0
4.871711703799873 4.813320073579068 0 0
6.132126680431121 5.797578303046733 0 0
6.284352634472449 6.258690408987986 0 0
8.695073032830408 8.689894726923773 0 0
9.213073896989277 9.000791892906827 0 0
9.551382218415648 9.377203904226997 0 0
9.87893388139612 9.573061679606754 0 0
10.33361027599926 10.29736839868916 0 0
10.59290673599225 10.54465496760589 0 0
10.8448157004595 10.65534695328142 0 0
12.56461860669353 12.49137077450282 0 0
12.67617224000919 12.58322149554112 0 0
13.96601430853028 13.96317466452738 0 0
15.24036123054086 14.42240817123273 0 0
15.27290088042841 15.26480199917248 0 0
15.50083263421899 15.37395143370443 0 0
15.86314579226192 15.7670534275422 0 0
16.02627427381842 15.9779554008813 0 0
17.84940657143247 17.20967828985368 0 0
18.62456977039418 18.23419055489122 0 0
19.22457919497451 19.12799135978219 0 0
20.21348371943171 20.03735385821934 0 0
20.31408694611164 20.27286237755006 0 0
20.59538899252501 20.46644992549057 0 0
21.5231497967181 21.19620090175975 0 0
23.77891869111537 23.4984779870668 0 0
24.33019313304372 24.24941010556207 0 0
25.13823334015411 24.846545054342 0 0
25.5693389369731 25.54368908276835 0 0
26.4879187183791 25.86590723469338 0 0
26.78506956434458 26.7668971874996 0 0
27.77476471470158 27.08173034593972 0 0
28.60730488323248 28.53017204492641 0 0
24
0.8649927720487395 0.3884613705606454 0 0
2.104099548592067 0.9667095798237584 0 0
2.842644387905524 2.792359000253727 0 0
3.046813489200142 3.004053049714194 0 0
4.817161400465804 4.733421444384939 0 0
7.4166545959293 7.159562627083346 0 0
8.40660887173004 7.554538159585685 0 0
8.561645366542981 8.432657439448823 0 0
8.971707393580623 8.967771860711604 0 0
9.851742961076242 9.732265296994306 0 0
11.2371356317174 11.16218254379158 0 0
13.80380592973541 13.57986607320475 0 0
14.81737703728036 14.25960332538529 0 0
15.25836836038414 15.13404041289073 0 0
16.10926341631981 15.89796672584559 0 0
16.43483762373052 16.40420805983583 0 0
20.151809974923 20.11461100635427 0 0
20.51591972894684 20.39745863432189 0 0
20.76050395111409 20.59578030108602 0 0
21.81726655416096 21.8074533134788 0 0
23.72662673044795 22.30592646212606 0 0
24.81720784442069 24.09050005418854 0 0
27.26259084212773 25.91729521250733 0 0
29.74591321380052 29.69189943291811 0 0
9
0.05041813307031973 2.607147534099784 0 0
2.616851507532616 4.02882652867441 0 0
4.160678005694751 4.346771987914866 0 0
4.348130568478972 6.880463900404729 0 0
7.059032576617858 7.115039152327029 0 0
7.16654488310779 8.425768954005399 0 0
8.753010958646488 21.03726985233931 0 0
21.09954519261369 22.73886777167934 0 0
22.82314619552801 29.96571656696908 0 0
31
0.4334100711952971 0.244331699991239 0 0
1.835519477669546 1.819179029218332 0 0
2.131194275698236 2.120718796320162 0 0
2.367196181423119 2.277602899619818 0 0
2.556630961025885 2.55152957147715 0 0
5.625189159381137 5.550585680351139 0 0
7.144405293268393 6.051199553776721 0 0
8.604512348248116 8.540814198727993 0 0
9.939088911457583 9.8856466268241 0 0
10.72093780853229 10.50703697370742 0 0
10.85814701961868 10.83028711887491 0 0
11.35238711921164 11.31096238914649 0 0
13.51612130046228 12.39975127420304 0 0
13.91141337186852 13.58025073675949 0 0
14.84176748956688 14.52495657371227 0 0
15.16952012976152 15.02360609587419 0 0
15.70711154156303 15.38096681609595 0 0
16.22257036858952 16.21416446116302 0 0
16.99253389096727 16.97137293459612 0 0
18.4293343331324 18.40334234124153 0 0
18.90485014053234 18.72048299100356 0 0
20.2618445792268 18.94799463360963 0 0
20.75427420884598 20.67122200498676 0 0
22.95641561945901 22.84838965198859 0 0
23.43700908224636 23.1661003422502 0 0
24.5811037020355 24.54923058146838 0 0
24.64491878848612 24.60418626951849 0 0
26.54976568532238 26.46058770815226 0 0
27.69202462935347 27.68630168555778 0 0
28.22009886871496 27.86829860475706 0 0
29.69900326426006 28.50700018618287 0 0
13
0.1062560651018067 0.4994803258922943 0 0
0.5832607076118081 1.053357363369477 0 0
1.285926383513249 2.613074691943461 0 0
2.76046660209543 7.869031618485638 0 0
7.945181321776816 12.97250801287768 0 0
13.01473123331254 13.72410023295393 0 0
13.9405681469869 15.95889112000897 0 0
16.11131021411543 17.52063197971907 0 0
17.67758403211626 22.75401547505493 0 0
22.82611026128249 24.81216648993394 0 0
24.84801124611461 28.53504602420717 0 0
28.78689787965954 29.62876520803729 0 0
29.90216775848924 30.02292002491878 0 0
26
0.1113473732130288 0.4130731354279412 0 0
0.5563361705646522 0.6046448571623657 0 0
0.6079201037548295 0.6554104770979974 0 0
0.9067412404132082 1.855750619455214 0 0
1.861343256073704 2.956682897604903 0 0
3.114852472269014 3.827612262622148 0 0
4.309141764992718 4.468047808122852 0 0
4.513614598990857 4.992865005752346 0 0
6.79144521838005 7.194301215684581 0 0
8.058978028471092 8.823224017569666 0 0
8.879107008702661 9.351819685964571 0 0
9.390187677005612 9.602895997311208 0 0
10.48872294003732 11.05522803906364 0 0
12.23545457430383 13.30421880383229 0 0
13.33687444796202 13.88489186018159 0 0
14.4512900903734 15.41968976484495 0 0
15.43555554216509 16.55722730666735 0 0
17.22741689679384 17.7707878345243 0 0
18.46115905757878 18.95769545319552 0 0
19.18291082568409 19.20376796572494 0 0
20.03660126680587 20.75764151248798 0 0
20.81791332219366 21.03495148729543 0 0
21.21423592826406 22.32005007083077 0 0
22.64169712313363 26.66309417340282 0 0
27.08740323082171 27.8765488679667 0 0
27.93544789776261 29.04253404612345 0 0
31
0.5414375105220737 0.1200638441205051 0 0
1.24074279889353 1.157201861999954 0 0
1.433201682383051 1.364550231052112 0 0
2.023380040720116 2.001522553860278 0 0
2.431448038240205 2.418328825031117 0 0
4.100704058057524 3.655199606572671 0 0
4.440280921265896 4.24888741784819 0 0
4.936838910678945 4.803746678247383 0 0
5.942691440891441 5.356827192841616 0 0
7.01028230320867 6.961560412220595 0 0
7.275785506140865 7.204173724345923 0 0
7.56829480992062 7.533859588145663 0 0
7.90957551924927 7.570766095485275 0 0
10.25807128723849 7.974352798847579 0 0
11.64172079156689 11.18100916516457 0 0
13.53552297651098 12.15567861706166 0 0
13.64775989114073 13.57084331671139 0 0
13.99996224820643 13.77117932669816 0 0
17.21734103602293 14.49459133740227 0 0
22.41531745109121 20.17336834066537 0 0
23.38876455516215 23.38847609414015 0 0
24.06315688045958 23.84756748766738 0 0
24.53540834342988 24.49024664520967 0 0
25.06903087453318 24.70499193534917 0 0
25.28856713289601 25.22476521899602 0 0
25.48186019747111 25.31344806598826 0 0
25.82064720544348 25.6763621069989 0 0
26.67861866550877 26.16871306838828 0 0
27.74546214404688 27.11164761238055 0 0
29.19882167251498 27.80945071259765 0 0
29.8258783119678 29.74607657380599 0 0
18
5.259788174727097 5.315119438794064 0 0
5.397034402170032 5.500792766387328 0 0
7.036532376978482 7.062262953454242 0 0
7.853483207745978 8.05220761562695 0 0
8.485475751300937 8.615838032852098 0 0
9.653042447770609 9.842120673964544 0 0
10.24828288226796 11.21840297628353 0 0
11.27278109762047 12.0007414904534 0 0
13.21732467637939 13.27518215198679 0 0
13.27645267614298 13.98289064201617 0 0
14.71677762339959 15.95542815052351 0 0
21.503177930804 21.54757339680225 0 0
22.31409045079419 23.27820003559171 0 0
23.28760213295973 23.67962459321211 0 0
25.63654720529921 25.88262529532053 0 0
26.37739451332082 27.64317735647725 0 0
28.55765423906046 28.92229315964768 0 0
29.65618070762061 29.764608688087 0 0
28
0.2939582676206101 0.09852232702178654 0 0
0.9719518679379265 0.8775192392716897 0 0
3.917445548210543 1.811513999064567 0 0
5.600429380128711 4.398634364212689 0 0
7.681861607625203 7.212952851852202 0 0
7.85416062685294 7.754283703176475 0 0
8.540016065272347 8.191460891709145 0 0
8.967519324312892 8.889607012072265 0 0
12.4965696303418 9.565977653506337 0 0
14.40774340952832 14.31478856108665 0 0
15.4290770102829 14.52322430156425 0 0
16.19009916292045 16.08902446643975 0 0
16.72048806723803 16.68028040019791 0 0
18.39904307397135 17.7301062151824 0 0
18.91833395914203 18.7858968983461 0 0
19.10159344929627 18.92951095078656 0 0
22.5152090714646 21.65270263154101 0 0
23.1659385228155 23.03734804511351 0 0
23.36825664957411 23.20644754945964 0 0
24.26337405743109 24.20841987841631 0 0
25.94386751625446 24.41395701073027 0 0
26.46499862089223 26.35611418104052 0 0
26.76072674396534 26.72377156038529 0 0
27.3541850071466 27.09825924853029 0 0
27.61022125261344 27.50030021597631 0 0
27.8845089680528 27.62693048657093 0 0
29.08638352962606 28.34779979600107 0 0
29.94544466605394 29.91251391244527 0 0
20
0.4484275124953004 0.4150242189892559 0 0
0.6804728105997526 0.6740039036385796 0 0
1.834095834818407 0.6815926845303402 0 0
2.090588675528538 1.945046730821867 0 0
4.524421518701336 2.319793019868922 0 0
5.279239306983794 4.554359768864942 0 0
5.665628847455993 5.336406724469764 0 0
12.02959353832806 8.373153183760138 0 0
12.46822048805151 12.28739421218861 0 0
12.93406401411335 12.5118573216481 0 0
14.04050453321133 13.05731795526053 0 0
17.34942874181343 15.66071043512537 0 0
18.15273149892898 17.94524643487278 0 0
19.50364940819379 18.55626050283544 0 0
23.58388856956219 20.29341264731758 0 0
27.48695041070199 23.61753059077594 0 0
28.35493518839576 27.52571452840893 0 0
28.64136911826533 28.60703827623554 0 0
29.20630347172351 29.14874660706221 0 0
29.7827024811867 29.46274960851578 0 0
