# Status file for ctqmc. Used to save all times t_s, t_e.
10
27
0.371401401312903 0.1935256092174331 0 0
1.133005888329152 1.131951921240195 0 0
2.609155583768855 2.571742941514754 0 0
3.067962069311092 3.034403068960322 0 0
5.376318834165876 4.999424504146829 0 0
6.494549012155617 6.466819950329072 0 0
7.044452283841221 6.91254970361143 0 0
8.69555696970845 8.26216584575114 0 0
10.22243125933116 10.18906256481667 0 0
11.84943757927179 11.40438512994488 0 0
12.13616709580624 11.92363918246554 0 0
15.76094098735015 15.74602251056617 0 0
16.62491893082582 16.58891437290643 0 0
16.66505209993527 16.63341857729106 0 0
17.01693899784549 16.92864913880585 0 0
19.52030313639623 19.38177815193187 0 0
21.30268879575711 20.92875271318193 0 0
21.47128431983093 21.41332230259614 0 0
22.57210570978609 22.36823891354312 0 0
24.39452906488998 24.09973533222715 0 0
24.94855815708682 24.74095137514855 0 0
25.02742924462138 24.99144614780482 0 0
25.43545137792597 25.4197750217462 0 0
28.30359191331993 28.03032246154065 0 0
28.74445208555231 28.6741871370429 0 0
28.81816867909909 28.7769468187593 0 0
29.31152318900646 29.25288822399002 0 0
26
1.285129275386054 1.466185727644206 0 0
2.426046178873269 3.267276149113664 0 0
3.423970148123811 3.754268847271164 0 0
3.834656813678629 4.222302758299014 0 0
4.676276847517304 4.683696145776749 0 0
4.977569736496167 4.991353130779947 0 0
5.132078576092653 5.539561430177252 0 0
5.858156402915596 6.706084704392454 0 0
6.822820901343071 11.49609619156067 0 0
11.56455534069756 12.46814252642832 0 0
12.50246991940336 12.78072185812156 0 0
13.41635790172761 13.60911663037578 0 0
14.01539111537058 14.09871428296714 0 0
14.16890873549624 16.33278115502613 0 0
16.33294441176886 16.43770404802763 0 0
16.5341595810555 17.43526396921234 0 0
17.44580237485277 17.5444565096652 0 0
17.58241211929251 20.2144213346614 0 0
20.21814672440759 22.762047653546 0 0
23.2754369769581 24.63282113870568 0 0
24.81240429082071 26.00756352072707 0 0
26.04797502284352 27.03619816414242 0 0
27.13809467871912 27.3325088402289 0 0
27.39025656568324 28.48781046752823 0 0
28.52236404021139 29.76400037591529 0 0
29.95082805362575 30.03512988610887 0 0
8
1.18968908299555 1.393663163237786 0 0
2.073035331287333 3.831090145533817 0 0
4.167445056238289 9.015849575696778 0 0
9.43800135435065 17.37101937360267 0 0
17.42521636212901 18.14242158570558 0 0
18.15063652665799 23.25461846859119 0 0
23.63085438559772 23.64053966680394 0 0
23.82845056748798 29.93908872237198 0 0
24
1.642448143404941 1.487980383389682 0 0
3.162463956611921 2.455878153643825 0 0
4.357168322241766 3.803417321933995 0 0
4.605222204342811 4.550071710865243 0 0
4.893482159416672 4.805495575191074 0 0
5.041655378625943 4.940657507356462 0 0
6.544641477417565 5.242744595552783 0 0
11.67570469810659 11.65748904222515 0 0
13.212197703595 13.19812117456405 0 0
14.28297645518793 14.23313506485691 0 0
15.07100819583239 14.44089835233638 0 0
17.08927803674811 17.08020463850751 0 0
19.1795421443515 18.47493048156172 0 0
19.66261433214611 19.44829739771548 0 0
19.87276137604505 19.82294517365562 0 0
20.8992727018254 20.70924723021014 0 0
21.88497834525824 21.09428639918497 0 0
22.54064040471033 21.94102581995672 0 0
24.10306475892743 23.94466049281673 0 0
24.50462634206443 24.43856664965864 0 0
26.21205177930153 26.19997951001869 0 0
27.24844193338736 27.21658224839392 0 0
29.29646110797791 29.19100105940426 0 0
30.01051065027535 29.72412484451499 0 0
6
1.502514236927983 0.1458033393623701 0 0
2.356959771013092 2.270741488537634 0 0
14.43303994868513 14.40899510170788 0 0
24.16120420820564 23.31372138907725 0 0
26.78780760167546 26.77662374507753 0 0
26.87813047807038 26.84773993983428 0 0
26
0.1514317122741055 0.1482437665933283 0 0
1.402678116710261 1.16320475001439 0 0
2.727859686167838 2.684758319386382 0 0
4.202175047946561 3.099478317957238 0 0
5.257419480852173 5.235982583321749 0 0
5.568022050688892 5.567093300223652 0 0
6.527553382984656 6.384045593555009 0 0
7.212072257023744 6.977189447136945 0 0
7.752372572177675 7.249184474541951 0 0
10.64938853240161 8.549518055821016 0 0
14.97976096676475 11.20481954456812 0 0
17.37654875675747 15.71026475652139 0 0
18.18194618866796 18.02332541252421 0 0
18.26369146435553 18.22222802570102 0 0
18.70370989033779 18.50205446797097 0 0
21.28821166980657 19.96718094472448 0 0
21.65432317849586 21.32920232639132 0 0
21.73862973063184 21.73832204188129 0 0
22.13153201943024 22.12882136411753 0 0
23.12915672856253 22.35248205813028 0 0
23.84583849560464 23.8433199335524 0 0
23.88926862168979 23.88647915566354 0 0
25.00893836016355 24.96162393564286 0 0
25.49333507438754 25.38939558465038 0 0
26.33691771677423 26.33486608806045 0 0
28.01273748632144 27.10388789479301 0 0
36
0.3957330704089408 0.3195566979824775 0 0
1.121561424506013 0.622599247968373 0 0
2.500920690266102 1.223664666447534 0 0
3.936289336957786 2.555890025621028 0 0
5.60253972694855 5.382391960415939 0 0
6.510452929507565 5.769004277149841 0 0
7.2403321067394 7.007274275751854 0 0
7.608572469754449 7.255534655610369 0 0
7.987976262177486 7.699913756450312 0 0
9.733705009705675 8.426443403825983 0 0
11.22073790813237 11.21629738062118 0 0
12.14406874016466 11.55786022131954 0 0
12.3821786204573 12.24243425256472 0 0
13.01519803141269 13.00603390097251 0 0
14.77181774943019 14.67041298059731 0 0
15.24283017450027 15.22467472856503 0 0
16.08038039565169 15.43092355339343 0 0
16.38301403747027 16.26249734227744 0 0
16.69534042361015 16.64046424664248 0 0
17.2365982285882 17.21282023743863 0 0
18.0756949322248 17.65686604540607 0 0
18.39915193785481 18.18916767845274 0 0
19.3658675755496 18.62182608446535 0 0
19.69051787401381 19.67748782338744 0 0
20.14782693250726 20.0557903764522 0 0
20.2353633092462 20.18420598444889 0 0
21.12578040739463 20.66003330784607 0 0
22.27148948033276 21.51136049649013 0 0
23.01849508707851 22.6826913964532 0 0
23.03827906242867 23.03090512880892 0 0
23.59689693274927 23.52172857136641 0 0
24.71880391675419 24.44090479880693 0 0
25.58668972684359 25.18283811514939 0 0
26.07929260370483 25.68288433605367 0 0
28.12899165131316 26.2140686155767 0 0
29.93797028112551 28.9304196118497 0 0
19
0.230314700554402 0.2658114888490503 0 0
0.7938015861288226 2.04809548066609 0 0
2.134716816945134 2.968761428850592 0 0
3.016422318364544 3.235960922487959 0 0
3.292319514010144 4.114164001649172 0 0
5.004352019722532 5.213269567680302 0 0
8.92618036130129 9.936021146203114 0 0
10.99754600191435 11.81450905559776 0 0
14.47551061994661 15.00244514740378 0 0
15.19391465145858 15.20479359462506 0 0
15.848294711985 16.15769455626701 0 0
16.25897089712741 17.11530979072558 0 0
18.3384425822295 18.5542017224422 0 0
18.81678933439389 19.63931707658647 0 0
21.0502499049566 21.89541681268973 0 0
23.59274426557127 23.66201454993118 0 0
26.25669690898344 26.4631273041959 0 0
26.90521152021327 27.9652523426683 0 0
29.92453408149306 29.99684939834378 0 0
24
2.277535333811533 2.16533375285373 0 0
3.665329278415001 3.069639450317479 0 0
4.987977375552789 4.878351933991708 0 0
7.003088106664586 6.777023844236716 0 0
8.918485877048765 7.592238053712571 0 0
10.32621553881727 9.487404364985833 0 0
11.68972495743428 10.40319335137252 0 0
12.05734162212418 11.91117132372331 0 0
13.57360576444034 13.39643973025736 0 0
13.81742533075684 13.78325350014964 0 0
14.45783438791809 14.07049287390916 0 0
15.46312645149221 14.8157569517129 0 0
16.80009120159241 15.52891104740839 0 0
18.71107660517552 17.06510829405487 0 0
20.47566266527921 19.10729648871259 0 0
21.23645017400221 21.12266746088758 0 0
22.3546446276841 21.86412814448918 0 0
23.31595025732302 23.21728603244514 0 0
25.61547368385044 24.94116506620968 0 0
27.12582677468944 25.65251449321763 0 0
27.80321163443922 27.25546290426577 0 0
28.8320099431577 27.91327077151857 0 0
29.50468748984276 29.43380194028564 0 0
29.73132210382773 29.63572540838024 0 0
17
4.06264866292249 1.242034429603581 0 0
12.51851344277888 4.161402096682867 0 0
13.45094744322657 12.58304881871046 0 0
14.31845374507099 14.06114686669492 0 0
18.34722209036407 14.84526266601171 0 0
19.05316558886453 18.38298038245405 0 0
20.03020312616054 19.27347135705755 0 0
21.03126054005787 21.01797973408867 0 0
21.90592999698714 21.36309947110698 0 0
22.05379005696519 21.91174815762458 0 0
22.88619619658188 22.77076146062793 0 0
23.99447307082311 23.2040528751513 0 0
24.40448278034462 24.39660592652578 0 0
25.20010765555088 24.44893675861778 0 0
26.44243981384911 25.47863631676537 0 0
27.94272140958754 26.78006765438317 0 0
29.40451231309914 28.14709381898552 0 0
