# Status file for ctqmc. Used to save all times t_s, t_e.
10
24
0.5235899015015839 0.1826660532454056 0 0
1.066666549478813 1.037240978066414 0 0
2.130191820809861 2.1080512544411 0 0
2.557353077975089 2.234747769001327 0 0
4.096567048858866 3.191972793331351 0 0
4.948918388108515 4.947555073591344 0 0
5.104690427607006 5.100928752882865 0 0
8.059793220447855 8.025592193834719 0 0
9.096290552661303 8.969229349753675 0 0
9.634256434759411 9.484572095135206 0 0
9.866856576205514 9.841898912050633 0 0
10.05656912420488 9.92813005558823 0 0
10.77696665992829 10.1729804019003 0 0
14.06407182616697 13.89437970307303 0 0
15.97887012955301 15.80209458855484 0 0
17.09475598498433 16.07438348851957 0 0
18.10708222386698 18.08763438713383 0 0
19.76366565588861 19.69520527599136 0 0
21.91912262123585 21.78656425281451 0 0
25.20448315667118 24.76379988886492 0 0
26.1590037900266 25.62609556578698 0 0
26.70944213941179 26.34891523431327 0 0
27.10195006771462 27.10009322278275 0 0
28.52340294359216 27.9621602941647 0 0
26
3.890113817354171 3.871839124301829 0 0
4.001420279520978 3.94025048968088 0 0
4.896556878039868 4.53628749818253 0 0
6.304123363661283 6.127311603094137 0 0
6.690334419665308 6.680666522986157 0 0
6.994849079241815 6.70609353906008 0 0
8.247184749522788 8.041165460721842 0 0
8.582767514601697 8.454555588735303 0 0
9.378115832784129 9.316356454277084 0 0
9.54097584510184 9.426111759539445 0 0
9.993462122997522 9.978553739212643 0 0
10.48342744920197 10.27422959218249 0 0
10.90174135447256 10.83881853560749 0 0
11.31958710547832 11.31439980998671 0 0
12.73412776618656 12.7180023228919 0 0
12.9996098245654 12.85919026822825 0 0
13.5819135250603 13.55259428092887 0 0
14.41270648343868 14.36776806618224 0 0
16.83922802180225 16.71567960548786 0 0
18.60500197199947 18.47738486087794 0 0
18.91272216533697 18.900589926583 0 0
20.44105726611287 20.40345819566004 0 0
24.6616845038686 24.57559694295217 0 0
25.11765021056553 25.03530210301298 0 0
25.72985375938828 25.59664451161222 0 0
27.35698906040315 27.34893012098014 0 0
12
0.8496206441892902 0.7786997207883424 0 0
1.2564572779928 1.003860389863589 0 0
1.585210440242747 1.557251358150351 0 0
6.866802445723302 6.827307210518076 0 0
14.86113058747731 14.65736927954539 0 0
17.14958611941875 17.00678531044004 0 0
18.29591074437622 18.27977445151614 0 0
18.62356614476404 18.59433097892036 0 0
20.8328174852187 20.82397550580945 0 0
25.19408624717404 25.14071203791296 0 0
25.29447946998518 25.29397588514994 0 0
28.66042647897469 28.54615914874976 0 0
27
0.758797527043042 0.6163780070600217 0 0
1.525635899120739 1.515540334964426 0 0
2.072500588706252 2.054953261515312 0 0
2.819928071758836 2.781507080853216 0 0
2.971418589656659 2.959388438520585 0 0
3.964537370542139 3.896429624711679 0 0
5.614713404801835 5.063859301365794 0 0
7.656314712711803 7.454344614271636 0 0
8.280001763034237 8.198601604065772 0 0
11.9403728583118 11.84597934152814 0 0
12.50302721788178 12.49223289068599 0 0
13.06957623233446 12.98515128956675 0 0
13.37650129531234 13.36811607358328 0 0
14.63868713042227 14.55314951511989 0 0
15.54929308420204 14.81831601935465 0 0
15.886099743372 15.73350271063782 0 0
16.16711433611795 16.13396628238938 0 0
17.5951793047861 17.55957826980796 0 0
20.71811392744289 20.13315250215991 0 0
20.8279981535845 20.78681180538545 0 0
21.63151877067339 21.59164978989375 0 0
25.53095524196677 25.45348712116591 0 0
26.61214163022492 26.61186480624164 0 0
26.78946846824752 26.71430914771476 0 0
27.25020915380301 27.01059360070119 0 0
27.56649844613598 27.56291455058847 0 0
28.0078112603518 27.95413326490385 0 0
11
1.563367738010633 1.512824228056228 0 0
4.185180545458728 4.162594230810864 0 0
8.385051527912955 6.519724318698906 0 0
8.750147345965662 8.516506657438748 0 0
8.918605440071484 8.763244997558242 0 0
10.06723308183555 9.132811152891254 0 0
13.40762036840328 13.16409013924763 0 0
17.19542809249126 17.17721680599835 0 0
22.08047869292388 22.03843723246395 0 0
23.47568236135529 23.46025050842947 0 0
25.40695776044274 25.19608306645669 0 0
26
0.4887339875711305 0.8388751397115989 0 0
1.31826970160922 1.331097491951228 0 0
1.752797416816011 1.954538337435177 0 0
2.006555329210891 3.544700120532729 0 0
3.70311498513881 5.751848392616972 0 0
6.685039500781951 6.898703027364372 0 0
6.944445609425066 7.354986424922944 0 0
7.360949491982606 8.404559005871144 0 0
8.871786809706371 9.240555817300702 0 0
9.353152067787294 10.88558817090543 0 0
10.90360561693345 10.95852326348229 0 0
10.97707499220918 11.26403385124234 0 0
15.79675759137793 16.21360498727351 0 0
16.25476643791493 17.10477448927715 0 0
17.37509705299719 18.00656497174374 0 0
18.43905052986984 18.79493291602987 0 0
19.22560043454754 19.30762953402254 0 0
19.38609521491332 19.43667485527238 0 0
22.04548175976198 23.49997532278536 0 0
24.03532442167417 24.16388881359239 0 0
24.35642884098042 24.72008431332948 0 0
24.77682562665724 26.3145467807566 0 0
27.3178108282568 27.47144454349822 0 0
27.58548910811884 28.46523029424592 0 0
29.18894450668539 29.76483448816342 0 0
29.82052679990774 30.04695769141514 0 0
33
0.9909626226213475 0.6506141072185514 0 0
1.806600910533359 1.734148190925759 0 0
2.232994159537139 2.02403082096433 0 0
2.52692828482014 2.323006081815475 0 0
5.094739913453181 4.382600272203148 0 0
5.338593676282772 5.296387396810651 0 0
6.499717284644983 6.349652073872251 0 0
9.001883839828942 6.807920220350976 0 0
9.794784929885449 9.778916293320279 0 0
10.59073644321139 10.05633736689706 0 0
11.60514827971534 11.0476814772382 0 0
12.67075311458256 11.91028442790411 0 0
14.57580377170169 14.07419394730606 0 0
14.62728620348444 14.59987534110013 0 0
14.95210688044646 14.93328854753605 0 0
15.27319273557132 14.97837657895275 0 0
15.68598190481376 15.62070027826698 0 0
15.88110546142611 15.87043331574943 0 0
17.97772979020016 17.23562413668618 0 0
20.18167955971095 17.99213772422428 0 0
20.45180148505241 20.4338251596835 0 0
20.69556370951655 20.68954512644616 0 0
23.29355476102422 20.93955995932539 0 0
23.70754295446955 23.43061345602408 0 0
24.41368143923306 24.23100785367692 0 0
24.76858579433459 24.76141395814696 0 0
26.45945673781906 25.08521522151866 0 0
27.42863077639063 27.32709483929171 0 0
27.73477120855559 27.68156219207114 0 0
28.03972863532282 27.99672513555252 0 0
29.31521663795264 28.21742138931374 0 0
29.67705951069663 29.3754417822279 0 0
29.98544387230444 29.74152660476871 0 0
17
0.2092720339430123 0.4191723929203515 0 0
0.7008529505518767 0.7318417751099062 0 0
4.618255581308784 4.645626369068241 0 0
4.759504418090417 4.865458936834013 0 0
5.251882810616372 5.616449826642105 0 0
10.89035646381103 10.96156868007418 0 0
12.56254887384697 12.76875188534313 0 0
15.34281618585495 15.34675672620782 0 0
17.60581173616223 17.87425396806662 0 0
17.88045170120605 17.90086243253862 0 0
17.93882562491047 18.34603675130906 0 0
19.8270820579558 20.13876515764773 0 0
24.98159855186268 25.48502161828677 0 0
25.51039640201904 25.83091697754664 0 0
26.41881079557663 27.07620089510142 0 0
28.61777233716453 29.2706019174019 0 0
29.32292957756806 29.49079431803835 0 0
28
1.654364184894396 1.545367282740415 0 0
1.798345433546702 1.73448563292308 0 0
2.194164124653134 1.854074342279361 0 0
2.723808566146846 2.557032737425715 0 0
5.697274089100334 2.822510393130999 0 0
6.881439714187988 6.812025346882535 0 0
7.704773103974056 7.665104770125694 0 0
9.046379077145716 8.867944725356862 0 0
9.977299942768751 9.976666894896237 0 0
11.18928592565084 11.02441988122394 0 0
12.44269946005988 12.4147404781575 0 0
13.1326484328498 12.88815828521694 0 0
14.47983567981479 14.45277827497683 0 0
15.09962496280544 14.6293709341321 0 0
18.28665903479501 16.04928088408713 0 0
20.04183168041868 19.69604410533964 0 0
21.82086329116126 21.76218580058134 0 0
22.00190262674491 21.87084433830293 0 0
22.32992857007574 22.00630149093953 0 0
23.23588766372352 22.59334324656652 0 0
23.67946964788618 23.25448441756931 0 0
24.72949779887233 23.97358719277612 0 0
25.01571347231847 24.78432012842666 0 0
25.79849408879204 25.34396330235169 0 0
26.17497911366634 25.95958586843342 0 0
26.63079262344877 26.45847541693821 0 0
28.64591917044611 27.92056758132983 0 0
30.0496184428389 28.96597510215101 0 0
12
3.490143921521675 4.063227601731125 0 0
4.453795666958939 4.93378856185768 0 0
8.234434461029215 8.993310683939983 0 0
9.290632321261105 9.494952394328868 0 0
10.21344596523047 10.45094052262946 0 0
13.89950683393632 14.17660683929434 0 0
14.41257885772395 15.64948531455295 0 0
17.00607277899208 17.20558145267356 0 0
17.72740923674957 17.74887303854554 0 0
20.97322662502267 21.06790025985473 0 0
26.53233621142651 26.58125753387106 0 0
27.17573926483534 27.41569311106218 0 0
