# Status file for ctqmc. Used to save all times t_s, t_e.
10
23
0.9947895740811709 0.8816036984901217 0 0
2.115702979941255 1.542409169266252 0 0
3.991188518093709 3.975805781587509 0 0
5.254296431919335 4.575289345017533 0 0
7.03564730936893 6.898366246695195 0 0
7.713326865740489 7.677094859772421 0 0
8.247776989281189 8.22625790027411 0 0
11.1216599544053 11.11469670279197 0 0
11.3019262822401 11.14358783135293 0 0
11.69645655796706 11.39755763186199 0 0
12.13503511465368 11.99737253887973 0 0
15.82154712997328 14.71310911702641 0 0
16.71728502513209 16.31871233617897 0 0
17.60958569473676 16.97188969532435 0 0
17.82644279452253 17.80056889196139 0 0
18.84810273966035 18.61113238624137 0 0
19.96331718768425 19.89671947346315 0 0
20.43919777708829 20.23370790535446 0 0
21.09250868632073 20.96585303775661 0 0
26.39163126968477 26.14584552487661 0 0
26.76214632566103 26.64613346123927 0 0
28.4172995489021 28.2493394584347 0 0
29.32406889206003 29.29801896006964 0 0
21
1.148135000055468 1.151773278236227 0 0
1.251366283711951 2.292452402977744 0 0
5.33093515569859 5.383215836970885 0 0
5.387007645627359 7.036422216327356 0 0
7.164517268300315 9.680604238308232 0 0
9.685794579621192 10.76548073795972 0 0
10.91170902717162 11.69014655405138 0 0
11.6911860304239 11.72060474081262 0 0
11.77055123917924 12.17327948788128 0 0
12.33782532064538 12.81510014655571 0 0
12.85666910636907 14.11883427208859 0 0
14.28217320735306 15.20959220639914 0 0
15.30490533461282 15.55988580720831 0 0
15.59858023931579 18.58836479362803 0 0
18.81543791011026 20.90507681183588 0 0
21.01262146296008 21.90546189372615 0 0
23.09320780525872 23.9973993186529 0 0
24.17646600668945 25.29405218644769 0 0
25.51988584715422 28.50873510817517 0 0
28.54503003601205 29.39717156464265 0 0
29.51428425348001 29.62783998914049 0 0
8
1.613783632692385 1.57612037905051 0 0
2.347108330489446 2.304639871427338 0 0
4.225563105397776 4.182193859772112 0 0
14.97799785582342 14.23029959277225 0 0
18.89052581136779 18.72696034467187 0 0
19.47255630338463 19.29820201848529 0 0
22.85020682397498 22.70207404830328 0 0
27.50073787269005 27.45663990018028 0 0
27
0.3179065363228624 0.1555958917734408 0 0
1.689934205150527 1.686719349577968 0 0
1.923965828904893 1.920724218575235 0 0
2.286041678480813 2.182007427210269 0 0
2.918434843471326 2.765974674072112 0 0
2.943579825650823 2.928593400695453 0 0
3.455022613647357 3.259714085258803 0 0
4.612807792783142 4.366742317088359 0 0
4.731330379937461 4.706052941766679 0 0
7.904001660628976 7.899925110602171 0 0
12.65985765348611 9.779316284692074 0 0
15.00343970291891 14.90260273456632 0 0
15.45492498285699 15.37326586303206 0 0
19.81788417230588 19.62873018278201 0 0
20.34314328630845 20.26636943732324 0 0
20.82615682433063 20.82475803791875 0 0
21.09521301784817 21.09157436334592 0 0
21.35271472172195 21.28105802043719 0 0
22.12985304298899 22.03368169116779 0 0
22.56689076895266 22.43512864653901 0 0
23.19993226588424 23.19719699012852 0 0
25.44205502956953 25.4038820962836 0 0
26.06208600218311 25.9264036620595 0 0
28.36075328950158 27.97261590436421 0 0
28.54001641224987 28.53280949444506 0 0
28.75626514612961 28.67577676666307 0 0
29.30016869477245 29.19469282807154 0 0
9
2.347700140559529 2.275844877852835 0 0
2.801207060325044 2.659490330277954 0 0
5.809050477112827 5.141598269639744 0 0
8.67370530770059 8.616063699287535 0 0
8.947563375484815 8.86253739932058 0 0
19.30866132839381 19.2716097709916 0 0
26.22339501735274 26.22097451388091 0 0
26.58681079889311 26.5588501736318 0 0
28.78076076449564 28.75738007333739 0 0
34
0.09166122593477097 0.03319776210591385 0 0
0.8677027298632144 0.8422833545561019 0 0
1.46166919210371 0.9752597983036496 0 0
2.200422435250013 1.847117973954045 0 0
3.667005054209184 3.635673763168482 0 0
4.003402866272688 3.855317148382618 0 0
6.560429474701418 6.349998669000804 0 0
7.146607286928697 6.991149898187172 0 0
8.157070480307691 8.002614226194583 0 0
8.666639088343883 8.361220531261285 0 0
8.907916681700662 8.70411512579313 0 0
9.216912760041174 9.155587604388701 0 0
10.04939382406115 9.538662523218765 0 0
10.75092424039755 10.47992383128078 0 0
11.59810784573007 11.56393808700246 0 0
12.27491078198536 12.2428912996338 0 0
13.43170254094308 12.48837598026487 0 0
14.26906311653244 14.00888547411906 0 0
14.63648528961429 14.41966803763374 0 0
15.54079728119314 15.50076101306594 0 0
16.50028031929416 16.3546901243391 0 0
16.63670381659075 16.55717524635649 0 0
17.3951839063467 16.71037166121786 0 0
17.6793541462883 17.57503907322784 0 0
19.28917753386857 18.90013686739583 0 0
21.87873721095497 21.09426069962674 0 0
22.29874665807948 22.29104267533939 0 0
24.52457931164078 24.42351046918615 0 0
25.20038687216136 24.80398999386914 0 0
25.69645933179508 25.60452954040196 0 0
27.12951043739774 26.41469055637471 0 0
28.75728294414822 27.16465569261833 0 0
29.36022492044341 28.83401273797527 0 0
30.03618884664714 30.00528476489845 0 0
24
0.6321002922010024 0.4381691313676793 0 0
1.621117787716593 1.495449662020923 0 0
1.820428280922935 1.764621581441414 0 0
2.237504890312015 1.916850502694707 0 0
2.838463689251154 2.757303698847408 0 0
4.730086856318627 4.350755424971116 0 0
8.797882441773046 4.808060984885902 0 0
11.99146918532722 9.002578828962722 0 0
12.58168545589037 12.56247301627409 0 0
14.13702684583302 13.2929585585491 0 0
15.19969166648454 15.00487338694031 0 0
16.69262905150029 15.52290758188569 0 0
17.23769991891447 17.15616141053843 0 0
18.59833300725291 18.23780935068355 0 0
19.30590846160093 19.19303517209931 0 0
19.32912351899017 19.3085602480535 0 0
19.59824046060265 19.40477686235053 0 0
20.21707796864457 19.72445697711902 0 0
20.78032945352295 20.23207037237334 0 0
22.53308636907539 21.02850824891607 0 0
25.21057488175561 23.03489514692219 0 0
28.29374324567946 25.234177486826 0 0
29.27275574671023 28.43487445406149 0 0
29.77978480378572 29.32959823981254 0 0
24
0.1618388103874331 0.1920787938425832 0 0
1.210239391614775 1.376291405644555 0 0
4.414766157033065 4.452255409268508 0 0
4.980308466698069 5.518952082068054 0 0
6.852704610666946 7.51690731982406 0 0
11.4148334443775 11.59329387804036 0 0
14.94674357850612 14.98060098529781 0 0
15.2529722424321 15.30214094155092 0 0
16.11269864742435 16.68361652736699 0 0
16.79230432507172 17.08340469112261 0 0
17.10992814636503 17.34288450101379 0 0
17.8457846352163 19.06441537979507 0 0
19.18267512797761 20.78810663598136 0 0
20.8782736685929 20.88495274620614 0 0
20.94525339869982 21.10338651047406 0 0
22.00781262705707 22.11263298597839 0 0
23.0543699953213 23.4868238511483 0 0
25.03437109650353 25.27453294333113 0 0
25.30019684000366 25.58275264065406 0 0
26.0924190774093 26.58153866450298 0 0
27.72628098213212 27.87654720875877 0 0
28.08828619963458 28.46787153255757 0 0
29.09955447635812 29.16094830906601 0 0
29.90572404115288 29.98328332289213 0 0
26
1.387549985520117 1.009577928422416 0 0
1.664886527775281 1.650798141350492 0 0
4.502724029481121 2.931219735496669 0 0
6.046708880933725 5.753441000376265 0 0
6.887159245107301 6.165281954630862 0 0
8.06950678612861 7.067692616581951 0 0
9.648658089603762 8.412310236065434 0 0
11.87179990277979 11.80001113424378 0 0
14.02777675735975 13.183992141285 0 0
14.48830499721515 14.16211218413317 0 0
15.31444938531598 14.87131062864508 0 0
16.37816004141055 15.78268897993534 0 0
20.00154087633701 16.43538047997595 0 0
20.2278386267344 20.03281289153713 0 0
21.57304691804 20.28539477626799 0 0
23.7358123228619 22.55009329834155 0 0
24.08902392774481 24.08846063195727 0 0
24.21299658192735 24.21161061122168 0 0
25.89994722430869 25.76653265557718 0 0
26.79608146199304 26.04036445963779 0 0
27.15207784122391 27.1072315310488 0 0
28.07537000355913 27.43472396861021 0 0
28.34044630500197 28.16935317901833 0 0
29.07604003932519 28.94871997216906 0 0
29.70409781350245 29.56284655756594 0 0
30.00453163327938 29.78256445531169 0 0
17
2.5215475568852 2.582082609865992 0 0
2.693977418682434 3.694193306281132 0 0
3.832317034021214 3.958860835867644 0 0
4.541552251249747 4.88311965786002 0 0
4.938041816458975 5.561401480974514 0 0
5.605262393136812 6.106535890960956 0 0
6.56545657370751 6.978378010288327 0 0
7.052729654957572 7.576703121854338 0 0
7.831343086118714 7.976549351802165 0 0
9.723097469054391 10.51017277438672 0 0
13.40106681870778 13.44754555696086 0 0
14.00223778045957 14.31003185124644 0 0
15.56806986112372 15.66109769441424 0 0
17.10002395156054 17.17450036400712 0 0
20.91782436940247 20.98199899362023 0 0
22.2087103888359 22.79049568704663 0 0
27.00182618311911 29.86295670434989 0 0
