# Status file for ctqmc. Used to save all times t_s, t_e.
10
27
0.556102910469601 0.5064097949794082 0 0
0.6759863591163288 0.6131354382108948 0 0
0.747537381139086 0.7364636060119774 0 0
2.942578225446572 2.676681896726658 0 0
3.458330131997864 3.388974222045938 0 0
3.637178925551798 3.578251871016205 0 0
4.825775804460405 3.77706393054869 0 0
5.362515610933058 5.307294235043674 0 0
6.012905563979961 5.92627916029182 0 0
7.557341124699401 7.524218503835354 0 0
9.484690336330473 9.261555355946509 0 0
10.98921302235122 10.98309237496079 0 0
11.17588440353939 11.17233103458836 0 0
13.39038413622872 13.15691726816017 0 0
13.86759590372363 13.62726739989323 0 0
16.49480410037952 16.33058953330216 0 0
19.52108422583506 18.9539876566388 0 0
20.64946446342123 20.36132337228652 0 0
21.46264868828413 21.46075581359553 0 0
22.14339736282284 22.02858801062945 0 0
23.23269066803246 23.01187144395949 0 0
23.39941438027325 23.37303624010868 0 0
24.24495636232757 24.2152840597271 0 0
24.84180162424983 24.74686070120644 0 0
25.24359778231915 25.23058591079843 0 0
25.6647155932245 25.55111377695162 0 0
27.22714109535143 27.20291820802552 0 0
34
1.095112297393965 1.093189929634761 0 0
1.743516455931635 1.519206483736276 0 0
2.557816886667332 1.795056230871902 0 0
2.640953382248191 2.59465594275632 0 0
3.267302559218712 2.866521610385054 0 0
3.586779416529023 3.288669160048637 0 0
3.770682365975421 3.601825862026462 0 0
6.237629236121377 6.236599886322542 0 0
7.289710889138495 7.264286901044737 0 0
8.145084447150824 8.142727118146849 0 0
8.663622997508675 8.654029715425182 0 0
10.21690091555309 10.12280707910542 0 0
11.03384936295988 10.54448520547892 0 0
11.13248315536008 11.10482367049821 0 0
11.88398911045067 11.58522095428686 0 0
12.54209226982694 12.40528126826169 0 0
12.72754185307959 12.70461927138025 0 0
15.60632076949417 14.99493379405839 0 0
17.52917857560519 17.51592436384929 0 0
18.72421052000754 18.56122591794311 0 0
20.03542392271329 19.2741121311228 0 0
20.44602453482129 20.43621215459059 0 0
20.92069646041351 20.9200985785201 0 0
20.93920672730945 20.93454514399765 0 0
21.40994463238379 21.18749908678018 0 0
21.46278501859187 21.43332278035608 0 0
21.78376016772738 21.75512486430575 0 0
23.73227998071976 23.70847765549635 0 0
25.76750266864846 25.68501125959834 0 0
26.3464934967554 26.20478357999497 0 0
27.22492024984682 26.83100949948227 0 0
27.40907468854997 27.23464244351267 0 0
28.13941817431377 28.10317088722448 0 0
28.68242066079624 28.67873982236842 0 0
11
3.587776765974854 3.300652427492427 0 0
4.372449148153368 4.029012622050741 0 0
5.500941185864288 5.359165822205942 0 0
5.633869555990544 5.501108131278216 0 0
7.259648059021292 7.159915772619081 0 0
12.06571753533154 11.648117623205 0 0
12.47271732617494 12.39218812599997 0 0
13.56485144715384 13.54023293484839 0 0
18.13841855913498 17.0264941123186 0 0
20.70725551645396 20.52298320991514 0 0
26.06685505161972 26.03627939785116 0 0
20
2.158778595444795 2.085268007890916 0 0
4.38585817367698 3.84230971753297 0 0
5.298971808853983 4.444763009311489 0 0
6.01841013602747 5.324900169943232 0 0
7.807612968917629 6.470118797680499 0 0
9.313235459836148 9.30122501757346 0 0
9.804855922410541 9.797100023963559 0 0
10.06406690872305 10.02668416246805 0 0
10.9711186710618 10.91003652022646 0 0
11.35359365734992 11.2659196081571 0 0
12.09800111109257 12.07930979642745 0 0
17.45042029837508 16.90181031926123 0 0
17.90633030821915 17.8616730123112 0 0
20.87937262455109 20.86585396464232 0 0
22.57088236379879 22.52249031094086 0 0
23.32648855412557 23.14622645268894 0 0
23.44864957704857 23.37479056254461 0 0
23.58499464297986 23.50556868119341 0 0
25.51337436700288 25.47063974847346 0 0
28.08884590869223 27.77662668465604 0 0
17
2.655338462927459 2.536249430988708 0 0
3.783938478522129 3.534246370502052 0 0
6.210144361676761 6.156839872138138 0 0
6.365831813197287 6.242659974261271 0 0
12.6895782567536 12.35641056183734 0 0
15.51341850001572 15.41443266563787 0 0
16.23272830281153 16.01065141256796 0 0
16.33932169198644 16.29960528756242 0 0
18.51160161886828 16.52721927256401 0 0
18.65546474143726 18.5601376618629 0 0
19.65725450815642 19.10591691695154 0 0
19.87161295770683 19.69244166072511 0 0
20.51343429105625 20.02295520440643 0 0
21.71444334868804 21.61228210903968 0 0
24.33230265909133 24.2158159135895 0 0
28.26158508992285 28.22721024989002 0 0
28.7404973162735 28.40046444086473 0 0
31
1.682832774833193 0.05482362352115189 0 0
2.21200848532327 2.166738802553493 0 0
2.971242968929444 2.910984750722822 0 0
3.744086623495217 3.736417236581872 0 0
4.180913929368781 4.129669836424489 0 0
5.104224392446189 4.981915819780865 0 0
5.708162648554799 5.440104010148525 0 0
6.7444311951431 6.114643649989925 0 0
7.935634490381798 7.039758606572834 0 0
8.642811811786142 8.277892336067296 0 0
9.798906795315592 8.753003214409599 0 0
9.958965443537606 9.943285484425802 0 0
12.30060600964291 10.00347765890099 0 0
12.43018592973912 12.32055019792026 0 0
12.98829089917387 12.50398341851902 0 0
13.75538501957193 13.04551800488636 0 0
14.26229049167554 13.93971213123346 0 0
16.05117528164898 14.39565820203842 0 0
16.43162975533884 16.40349877996684 0 0
19.89329120804302 16.58688972542302 0 0
21.3020648127372 20.43229834510829 0 0
22.52396320754311 22.39235412297493 0 0
23.05253549644874 22.97318721863174 0 0
24.42389498761431 23.79968047242998 0 0
25.69777205598564 24.57284670352191 0 0
25.90554461382962 25.71724403991879 0 0
26.7289596709156 26.49147196132897 0 0
27.3950233816588 27.28054415680135 0 0
27.83076625840083 27.77989188303129 0 0
28.92383440429304 28.81261226509132 0 0
30.03873400551737 29.00936143373006 0 0
36
0.5564024276949148 0.5333469411923275 0 0
1.710035288713787 1.311480288874498 0 0
2.106276374059358 2.101146051682899 0 0
3.170190033802335 3.099133278690529 0 0
5.109001486578062 4.923625318324165 0 0
6.229118332740031 5.601084645678641 0 0
8.013328503044827 6.781870066939335 0 0
10.32844803167902 8.112620354922509 0 0
11.51169519560256 10.8146716888213 0 0
12.14865367848419 12.00438818663954 0 0
12.91256265441261 12.79698366629162 0 0
13.72029608306168 13.4409062498437 0 0
14.85212820243227 14.1408095667026 0 0
15.00232052470883 14.85926946253304 0 0
15.23255259891611 15.05719807224057 0 0
15.34409999466666 15.32092762870528 0 0
16.49356590153642 15.45667585672366 0 0
16.91773071559393 16.91066963063285 0 0
17.14302593127157 17.1363512926728 0 0
17.35373395688354 17.28411958712591 0 0
17.71709334022758 17.36174154406772 0 0
19.17973014795534 19.17813904242895 0 0
19.70854940357168 19.66832619900602 0 0
21.93367535166953 21.13766472719358 0 0
22.99157084285794 22.85298463309636 0 0
23.687267121491 23.57287994285522 0 0
24.20001040199222 24.18617132072716 0 0
24.50636116659931 24.48458428233505 0 0
25.48751640770254 25.42986542403593 0 0
25.66170847385657 25.58380508521867 0 0
26.29844002092723 26.18271328042206 0 0
26.65592571297029 26.41777725093274 0 0
28.74303696432887 27.06377395402702 0 0
28.96805201072403 28.87392960215329 0 0
29.2138054409124 28.99943447307743 0 0
29.33492874007645 29.29742317721598 0 0
13
0.8002228117731214 1.230998904628105 0 0
3.834722127629947 4.161599111130835 0 0
4.191760655911182 4.395201638581304 0 0
5.687167245545973 6.222089150598799 0 0
10.95993445300325 11.36578523341743 0 0
11.45019744021913 11.70514019240797 0 0
16.57089064635153 17.85437377291215 0 0
17.8958648744053 17.96117285318942 0 0
19.33946783989428 19.41112261744047 0 0
19.44295629416579 19.63504638962537 0 0
19.90728685403282 22.00309182083005 0 0
22.37515758718373 22.56416356294778 0 0
28.4553168599133 28.69780195004925 0 0
24
0.1011058010072077 0.2192764245359911 0 0
1.72754861054003 2.549712058000637 0 0
4.375560603939798 6.741592279332122 0 0
6.755432422550917 6.889055274322574 0 0
6.907244652124689 7.20402692072914 0 0
7.222149453127686 7.925123190251767 0 0
8.087305792471179 8.213651631881691 0 0
8.253324374664064 9.542359099164623 0 0
9.803416705530786 10.97176821227036 0 0
11.01890588569887 11.09621970914595 0 0
13.04709803364845 13.0502570677721 0 0
14.53350570510343 14.6721873722404 0 0
14.89921124706608 15.45296848319549 0 0
15.59508313812582 17.69503644315571 0 0
17.74686016905502 18.77404647555859 0 0
18.87444988283269 20.09240146399506 0 0
21.01241820455654 21.29246963410537 0 0
21.82155106040252 21.83159412664992 0 0
22.70182905036011 22.7048180204835 0 0
22.95075607170837 23.05013516502999 0 0
25.20493407687984 25.60523869727085 0 0
29.06529326028266 29.19636040184001 0 0
29.25110137708445 29.54975936256151 0 0
29.55158746841483 29.72305002484649 0 0
19
0.1982096393659276 1.024899702177019 0 0
2.922016956727322 5.818762251212975 0 0
6.531319405669676 6.592669302182768 0 0
6.675950258574391 7.797943443343961 0 0
8.570619208519931 8.594370213268567 0 0
9.794824005702289 9.925538675643248 0 0
11.65743256088911 12.57910155788429 0 0
12.98498016500628 13.46647173374486 0 0
14.7377118804922 15.41550039790862 0 0
17.41118506563046 18.08941988708646 0 0
18.84123174031756 19.84544356236395 0 0
20.57717771106876 20.61067391403872 0 0
22.69515953272466 22.77889447091647 0 0
25.23024186460446 25.26134484611719 0 0
26.61180026866862 26.65375966856124 0 0
27.68868442166762 27.88365444570227 0 0
28.84979164423407 28.98029352919786 0 0
29.35290556616574 29.43165504908468 0 0
29.65230572600807 29.70621433732899 0 0
