# Status file for ctqmc. Used to save all times t_s, t_e.
10
25
1.264927355704549 0.7643035010324131 0 0
1.695620047004938 1.357936076102068 0 0
5.199346125647319 5.121087995958149 0 0
8.071516886127263 8.056395729198137 0 0
9.335185021129982 9.199131006422926 0 0
11.58331802077449 11.30332400623791 0 0
11.87398665330875 11.78203113574439 0 0
12.23007463229002 12.18338168757596 0 0
12.74126412168952 12.70092935377541 0 0
13.34506626414838 13.07430344639245 0 0
13.52187667541526 13.50748146780363 0 0
14.80775558585868 14.77349155862755 0 0
15.46072562860722 15.29070990320809 0 0
16.34670032445634 16.31965755912829 0 0
16.6637850246892 16.63478649863518 0 0
21.48067629314132 21.00472343200869 0 0
22.3490605806516 22.33407729206481 0 0
23.21981779632908 23.20759447277333 0 0
23.94305294213845 23.67692930598232 0 0
24.60972344039537 24.14465547425434 0 0
26.30064286625839 26.28540648421126 0 0
26.80509964337431 26.58734478694696 0 0
27.74862306014224 27.6092257452636 0 0
28.88002179860451 28.60150503462013 0 0
29.39807388329472 28.98621269890551 0 0
25
0.2440849338328306 0.2231595515323477 0 0
2.676019453979405 2.178601328671027 0 0
2.790519698795445 2.72675605053127 0 0
3.725194690817374 3.643562197269675 0 0
4.068624470504516 3.961045132427863 0 0
5.255025434295753 5.00280898021433 0 0
5.806814655371134 5.766953349979487 0 0
6.097440579978065 6.039935104313618 0 0
6.672848371563392 6.635192164833471 0 0
8.537911069916875 8.329210560120092 0 0
10.58776018486444 9.10138641993912 0 0
11.75192408119191 10.65082379677945 0 0
12.07747324996177 11.99597254452729 0 0
13.74453063251646 13.31879291319417 0 0
14.07774692300672 14.03931854820408 0 0
14.55113018398667 14.37809409104108 0 0
16.91593825384665 16.49934478683598 0 0
19.40145022581743 19.35914838174205 0 0
20.04551072016044 19.42357053000743 0 0
20.74242350097891 20.70046602043914 0 0
22.21882444833855 22.1667766289267 0 0
24.78526055839458 23.99921694195928 0 0
24.84376416951721 24.83200277880522 0 0
26.58444061085462 26.56381571840027 0 0
28.59871961106611 28.57446851710255 0 0
11
2.045431859783494 1.931119946010403 0 0
4.053367811700069 4.024880142681751 0 0
6.52498945616487 6.460384096542623 0 0
6.760732245776079 6.599656246433884 0 0
7.469654683911507 7.347358555255425 0 0
8.736018704031986 8.702106582112334 0 0
15.70281994517102 15.03014208204862 0 0
21.19397352347804 21.19075235075251 0 0
23.87573612999685 23.79737184605973 0 0
24.92744982131575 24.90744078978152 0 0
25.49570786671253 25.43471934303828 0 0
31
0.09506443156338248 0.09433919038551508 0 0
1.274664202125497 1.23567071769258 0 0
2.92202968577296 2.494249589020347 0 0
4.05505666821188 3.814147313863507 0 0
5.100016735082561 4.808668690980496 0 0
5.191098275380319 5.187995274296888 0 0
5.505707329641902 5.461524991104492 0 0
7.483996236865911 7.44788184953217 0 0
8.199262297706625 8.013675297955915 0 0
11.46644336503202 11.4368883403471 0 0
11.5500244320032 11.54159685885502 0 0
12.86522350083633 12.76209582886134 0 0
13.62828857151041 13.58615473239705 0 0
14.30776750267438 14.30409231145289 0 0
14.34850991223259 14.33326643706623 0 0
14.88648456164185 14.88610612872755 0 0
15.68223329576251 15.65932471668754 0 0
16.98454384423091 15.71399945580613 0 0
18.10249572550533 17.99199976732868 0 0
18.46240411690201 18.33815208585206 0 0
19.51421941347949 19.50615444090614 0 0
20.90321616535752 20.68161914716587 0 0
21.54392039363941 21.50582087455448 0 0
21.79490364022968 21.73107604804861 0 0
23.3452777590476 23.31457598998672 0 0
23.58763232835164 23.55991406164753 0 0
24.42521516539372 24.3606871797281 0 0
26.52332521457132 25.47762300268092 0 0
27.50200449513827 27.46684936047183 0 0
29.1050079555428 29.0028744773103 0 0
29.1400620819848 29.10939070336077 0 0
6
4.421941988308556 4.148332668070766 0 0
10.47056877157222 10.24172050154737 0 0
13.23808608680519 13.04752015833242 0 0
16.62490537152145 16.58385636631242 0 0
22.85190794994322 22.74013628275561 0 0
27.45650948638968 27.36127114216761 0 0
22
1.094586226232071 1.926348232799439 0 0
2.151632968406912 2.327348754717942 0 0
2.343664969144078 2.758942455131082 0 0
2.904319607201932 4.111262448859984 0 0
6.208587220785285 6.254455613337539 0 0
7.111807439844723 7.298219065955823 0 0
7.326950601873436 8.308942087811708 0 0
8.425893686819569 8.506343077133153 0 0
10.91804477518811 12.17232368446774 0 0
12.64313546355172 13.3508416673367 0 0
13.39163894304833 13.56134236309485 0 0
15.3754725696185 15.49278333231222 0 0
15.58353625381233 15.90600650404214 0 0
17.40583218576035 17.69178065119453 0 0
17.73164671403432 18.51943122638191 0 0
22.49822984826468 22.61543724837243 0 0
22.64778332830862 23.07471988843346 0 0
24.12780143085728 25.14983827345296 0 0
25.9641544302647 25.97289567305477 0 0
27.20888744785194 27.25330032386551 0 0
27.27253388670693 27.48648225172049 0 0
28.17059544021638 29.41300360944436 0 0
30
0.4921976053575166 0.2444088673062801 0 0
0.9112958156803584 0.5999293264293695 0 0
1.762238974505494 1.301978569279835 0 0
2.528554160313474 2.424395275331146 0 0
3.206110482863961 2.777791634840568 0 0
3.624634108795044 3.396966996895871 0 0
3.897291302550215 3.835653239866126 0 0
4.873286577532419 4.72747974101417 0 0
5.339566473047926 5.006259896947673 0 0
7.022850739578387 6.972558016964483 0 0
7.75971711020633 7.113046531005133 0 0
8.930401711907146 8.140919944675963 0 0
10.79545582031335 10.7897636652178 0 0
11.00056506633716 10.95013924859225 0 0
11.41722036234436 11.37947419100715 0 0
11.72362963945027 11.54175327556793 0 0
11.92853956549098 11.91492936690004 0 0
13.18351951331315 12.54612633775238 0 0
13.76955972422201 13.72594106403013 0 0
14.06426199826864 14.0450967482499 0 0
14.43243470397394 14.09620406017418 0 0
16.56965077986953 14.67370753934983 0 0
18.65304218741757 17.00142589180614 0 0
18.96792357829146 18.69501487184314 0 0
19.8618119133302 19.6521196916669 0 0
20.91876626900076 20.39930645358508 0 0
22.84328376307692 21.47285334871991 0 0
23.5526468445365 23.41578000463074 0 0
27.50697495048595 24.98295265894703 0 0
30.01694577650233 29.38804000860261 0 0
21
0.290368526637468 0.9957029484958188 0 0
2.918045933256228 3.140723576763221 0 0
3.277188510785363 3.43078137529012 0 0
4.423541269100956 4.429504499548893 0 0
4.660295864491072 4.918088475378807 0 0
7.05568976086937 7.559517779870651 0 0
8.100474657939612 8.141219493767764 0 0
8.263680436766544 9.330445164302905 0 0
11.28542276805918 12.33165343580151 0 0
13.02095119568122 13.80653551374184 0 0
15.38082513259982 15.97427611626913 0 0
15.99063997820697 16.97170098293055 0 0
18.80631104197829 19.30185520279133 0 0
20.62069734769407 20.76097617202307 0 0
21.41026818839974 21.91362957801291 0 0
22.1882347529042 22.26535392117061 0 0
22.29558781315021 22.5350181637871 0 0
24.45071804671902 24.6019956389576 0 0
25.10699242624203 25.538987557302 0 0
25.97621195392048 26.21401697520346 0 0
26.52752487331482 26.60734603168668 0 0
20
0.3903556962102764 0.4915657208777198 0 0
1.640307758394836 2.836612045554399 0 0
4.602355117842005 6.238472781058798 0 0
6.394075684304632 6.452719446291331 0 0
9.360882946214785 10.56971441902301 0 0
10.92383146987016 10.95702423816325 0 0
11.02700071126292 11.2601191099187 0 0
13.60005359474502 14.32732507427284 0 0
14.35310430736025 14.73148611054148 0 0
15.43205352978974 17.06330616838828 0 0
17.90684901983551 18.06976091430692 0 0
18.33325649369231 18.40237667931033 0 0
19.68336290098002 20.19782755756775 0 0
20.50665243705431 21.77017452036769 0 0
21.99525816710202 22.0094365855966 0 0
22.02090075466642 22.82895637050301 0 0
23.6207532442935 24.37276354689158 0 0
25.45875613676247 25.95055954786044 0 0
25.99584326937606 26.28767756192781 0 0
26.31202336752184 27.16212594060503 0 0
20
1.403146644336732 2.116339208620181 0 0
2.793595655876297 2.997999845333187 0 0
4.564053389795648 4.616452416286591 0 0
4.863663552094167 5.488091609333107 0 0
6.800869465420064 6.976050343353237 0 0
9.659519358591357 10.14019072813255 0 0
10.57924281708199 10.67108052932537 0 0
11.03976544399185 11.73211958191857 0 0
12.8726153493135 13.2754868344275 0 0
13.4522205220304 13.7445316635499 0 0
14.38842280435953 14.44778721703463 0 0
14.50214594442587 14.60122913125996 0 0
16.02805960719418 17.950573520989 0 0
18.72958327188522 19.9576126524952 0 0
20.25809180590401 21.14336496186187 0 0
22.322391614662 22.38698639688683 0 0
24.97197827165612 24.9736084489015 0 0
25.7713153060151 27.53180043026536 0 0
29.14605470758861 29.1887149058732 0 0
29.39570717836789 29.80229973232974 0 0
