# Status file for ctqmc. Used to save all times t_s, t_e.
10
26
2.287742948811015 2.117942264582457 0 0
2.813495786727717 2.804128804935187 0 0
5.38557390482043 5.353385293856324 0 0
6.249743674034768 6.22243383474576 0 0
7.578278792194702 7.365740812285335 0 0
7.618321614581512 7.613422681369113 0 0
7.962569802978424 7.909485282505298 0 0
8.615918673610691 8.5646096668344 0 0
9.562185805016927 9.541793031204282 0 0
10.48048669647092 10.02933913826174 0 0
12.03853534656751 11.91224725949402 0 0
13.65662055672827 13.44382763519184 0 0
15.10193783618022 14.84997361784229 0 0
18.25095992607467 18.22554235554025 0 0
18.95736835240641 18.92397333453399 0 0
20.67605727965695 20.67324528169338 0 0
22.57078322743391 22.40985249448589 0 0
23.1061716434367 22.9500779660619 0 0
23.32183761675124 23.27600222318247 0 0
24.32935416662447 24.23172771285299 0 0
25.07232615110445 25.07026452606129 0 0
27.14987142940832 27.11245449436568 0 0
27.92730466172462 27.88682426046507 0 0
28.41462114024393 28.38835041305265 0 0
28.59511972145749 28.57605743144449 0 0
29.29848262143991 29.23660064716755 0 0
25
1.036095274805319 1.018545453049008 0 0
1.184807800658992 1.180090032260138 0 0
1.630265851636201 1.579865785194285 0 0
2.234879203984408 2.204607212483031 0 0
3.04621855735118 2.822710165724929 0 0
3.202529476267934 3.116340127943684 0 0
3.348762097691128 3.331020545072582 0 0
5.477965921984484 5.437134490596462 0 0
6.932944411639118 6.89106015454594 0 0
7.368446495696154 7.350618464726545 0 0
7.627506096679239 7.624663173622764 0 0
8.995688209914062 7.841586876257779 0 0
9.29694448879185 9.285261447219417 0 0
9.62528088412207 9.385221451804918 0 0
10.79405765341684 9.727641837567987 0 0
11.15745789167529 10.8669924707533 0 0
12.82020399498086 12.65427179089802 0 0
13.63720405931425 13.02856508391889 0 0
17.16133368412275 16.95602408536276 0 0
17.55966820401037 17.54483102458917 0 0
17.81603658276218 17.7582149831094 0 0
20.35375221748405 20.04795307647654 0 0
21.86119222459818 21.86041277101905 0 0
23.3894867932828 23.21573518620322 0 0
28.06363866229164 27.96269933969147 0 0
14
2.213376494121435 2.205149754411433 0 0
4.87055341884439 4.690197596296978 0 0
8.48184419770547 7.324072415105284 0 0
8.831492761403005 8.822976198928639 0 0
9.084514168609438 9.043855881143706 0 0
11.87641353705238 11.78989276233467 0 0
13.84709235523577 13.81320542600372 0 0
19.92755129948343 19.74578812098811 0 0
21.78076138426752 21.76310125545434 0 0
22.68388343343391 22.13812979201121 0 0
24.42710356415063 24.42212506120944 0 0
28.50963041088486 27.70018545744128 0 0
29.67114316532835 29.49361921692827 0 0
29.97885679223626 29.89774067189825 0 0
27
1.664115576500936 1.660667461045202 0 0
3.171893129895697 3.073418800074974 0 0
3.66963678462032 3.536435119432147 0 0
6.028801640222633 5.832261598688332 0 0
7.533032680184144 7.492639014290035 0 0
7.824112729210427 7.747655952129338 0 0
10.69290952228153 10.68040068945223 0 0
10.84564576197118 10.82246914396358 0 0
12.29250879631859 12.22791379844296 0 0
12.56496628742587 12.54743392945934 0 0
13.53987994064888 13.25565625508273 0 0
13.58497377064238 13.56807969826389 0 0
13.78964316827683 13.77523834733476 0 0
14.01019424469079 13.91193756457863 0 0
14.55463986044261 14.33087025168984 0 0
16.25005110228809 16.21343946805801 0 0
17.99719667848772 17.96344753385206 0 0
18.10856395145509 18.10353120035782 0 0
20.90778479007158 20.89072135575132 0 0
21.95240807076109 21.9524041675509 0 0
22.93636257242285 22.90309946747796 0 0
24.65415757131091 24.05596373805471 0 0
24.83074071813549 24.77409732510547 0 0
24.94883066913566 24.94448789651492 0 0
25.25089789096847 25.22225921297465 0 0
25.94392705964061 25.48219214744125 0 0
27.95598480154824 26.88509246400423 0 0
15
0.5805701872269783 0.5380168796543643 0 0
1.069098728317365 1.027023054063043 0 0
1.797657177485306 1.39069022297582 0 0
11.69844961054261 11.68378986081796 0 0
13.84635894576921 13.59136566956023 0 0
14.00431486541998 13.94309055106864 0 0
15.05739583459618 14.98630183670181 0 0
18.41951574442628 17.68556110287058 0 0
18.51571950846462 18.48335997734227 0 0
20.35031493984371 20.34022649979909 0 0
23.75309792672115 23.74956510276454 0 0
25.09664834689693 24.34073826818284 0 0
26.23211349697124 26.0428764659583 0 0
26.64107896828501 26.52686603498994 0 0
28.59444435148039 28.59144702968858 0 0
31
0.07555247822934044 0.1499784808132532 0 0
1.690540822164259 1.981582046054955 0 0
2.169962328381325 2.514131183065243 0 0
2.912795263530515 4.410612145600644 0 0
4.439159916198005 4.836141554495077 0 0
4.930133697195025 5.73881396074038 0 0
5.844721896206157 6.038780927355041 0 0
6.042786420006788 6.210352040629862 0 0
6.289923419333642 6.491731491743275 0 0
7.173171308727231 7.212115306957622 0 0
7.293505832557026 8.565091090215398 0 0
8.730300935094998 8.945711885386919 0 0
9.746293364994926 10.16172554666897 0 0
10.25150576257392 11.03448787698629 0 0
11.73021378544587 13.82526579470396 0 0
14.84867571207507 15.0442590355587 0 0
16.64277532115348 18.28861291242151 0 0
18.33256063001917 19.11866675938334 0 0
19.50997362645587 19.6829150855485 0 0
20.22511951658641 20.63614109213491 0 0
20.67074335462917 20.79427169857528 0 0
20.81141278167833 20.90007696433814 0 0
21.35816792319679 21.77567601138282 0 0
21.80906487240199 22.70772338929513 0 0
22.8192270459603 23.11245379603828 0 0
25.79698500827175 26.49869566387209 0 0
27.16864922376919 27.74018708225884 0 0
28.54667836219216 28.70389162110232 0 0
28.98089436232908 29.02898989440435 0 0
29.15095405588921 29.16594426343085 0 0
29.5695499759722 29.76567929014331 0 0
27
0.03304774293686208 0.1811853666340504 0 0
1.16302053887358 1.206612810566835 0 0
1.42160177713261 1.795516653725839 0 0
2.745135943484755 2.790617329395425 0 0
4.316475554308219 4.393097765382474 0 0
4.401235949544539 4.438164266392806 0 0
5.573401409711865 5.878151466190843 0 0
6.682588071689366 8.939225688923209 0 0
9.704304631869391 10.91902825006604 0 0
11.26658329729394 11.69782006663172 0 0
13.30584333902002 13.43535567331573 0 0
14.56245611178858 15.4218831141493 0 0
15.79494738309737 16.07434424783737 0 0
17.55355427990144 17.60531693158515 0 0
17.63643973388873 17.97747862666377 0 0
18.84228486045005 18.93706866030329 0 0
19.21893969160051 19.956145592682 0 0
21.92706614711921 22.14043109704949 0 0
22.5489702489987 22.66514878679855 0 0
23.63242709499389 24.03116486017549 0 0
24.14727621581153 24.63588383746518 0 0
26.20494591495398 26.31713270943307 0 0
26.60846125345356 26.63480319881652 0 0
27.72187070599366 29.36732427183014 0 0
29.38121665380981 29.58182783950232 0 0
29.65214834867282 29.73529848618756 0 0
29.90216025698209 30.0611960049791 0 0
17
1.447956060222992 1.632739034707652 0 0
6.364636525476696 6.861339890351565 0 0
7.312689551073467 7.506155096325778 0 0
8.995255701657742 9.093713952651816 0 0
10.84659464221224 11.30821227139606 0 0
13.68845258080066 13.78870071264969 0 0
13.95494220062216 14.04223219539159 0 0
15.67049401771489 16.11190258511131 0 0
17.06741805607769 17.08035795673116 0 0
17.4117306560087 17.56391789719599 0 0
17.75624623022847 17.90738704337666 0 0
19.43442094309546 20.4043826015586 0 0
22.99534659225418 23.42903754114806 0 0
24.19324121822609 24.67498610547094 0 0
25.13221796891116 25.32677672526139 0 0
25.49737376905191 25.52821791310246 0 0
26.75520478508144 28.55544883329181 0 0
27
0.7576419396729007 0.9259515466028865 0 0
1.040291348840066 1.261938841926667 0 0
1.982900231501532 2.391277362677719 0 0
2.691764434941504 2.748981626824985 0 0
2.925970256809106 3.079399808738914 0 0
5.727777916906563 5.92078783445523 0 0
7.387266706167805 8.680431990256725 0 0
8.996270012227857 9.341208886145663 0 0
9.947231887822676 10.75155550902687 0 0
12.18512829880412 13.51423360022344 0 0
13.60745435945109 13.75763308190366 0 0
13.81002269019911 14.16290016328027 0 0
14.17916216036356 14.63264214360461 0 0
14.92287079730019 15.67549174806043 0 0
16.15127406078506 16.65129339346873 0 0
16.84062359645998 17.00591315854101 0 0
17.72137959754117 19.18629052890923 0 0
20.77909853565977 21.41276768568573 0 0
21.89783526587903 22.56195779494221 0 0
22.61920841802094 22.86451217073466 0 0
23.24632262809248 23.61888560848691 0 0
23.62318603657402 23.87496435423977 0 0
24.04844121808352 24.15535368519894 0 0
24.26551335445959 25.66264422580656 0 0
26.14958187788204 27.98504302146725 0 0
28.08678727807243 28.19613162614285 0 0
29.54052401167792 29.61652434870307 0 0
13
1.240684269422317 2.073216843176854 0 0
3.014899584902458 3.076671359518525 0 0
4.222830964062442 4.322126656598096 0 0
4.63222126417287 4.767191558631484 0 0
6.915101633057951 6.927718652240305 0 0
13.0320071176859 13.98988906864975 0 0
15.97215605055763 16.05486100245722 0 0
18.12552713107716 18.27214483767582 0 0
20.97427465239346 21.16137547667767 0 0
23.91549530500028 24.2237008431951 0 0
24.35874518486378 25.7917597245842 0 0
27.40035024547777 27.40301197916917 0 0
29.24573768691506 29.43784260749277 0 0
