# Status file for ctqmc. Used to save all times t_s, t_e.
10
29
0.4807320406568462 0.4564044275013757 0 0
2.228335317198343 2.139837345559709 0 0
3.00195906833032 2.348620240380932 0 0
5.077100429140494 5.048365896527193 0 0
7.19475905287111 7.194388632265361 0 0
8.624160772040458 8.597752485553698 0 0
11.95841611035191 11.90593176541232 0 0
13.09433521456561 12.72801613822139 0 0
14.19824284476389 13.40907596316298 0 0
14.41314715243814 14.24847655883497 0 0
15.30896322699942 14.85498988077577 0 0
15.86526642838773 15.86257493132559 0 0
16.15496437236085 16.04772629104858 0 0
17.45468523707803 17.40323834006122 0 0
18.09217694781386 18.07990277236281 0 0
18.45084324896508 18.27953007669279 0 0
21.11902549082747 21.06890551939238 0 0
21.46593485283541 21.40006522845935 0 0
23.33546204052479 23.26065648321896 0 0
23.87020514249558 23.70848263325418 0 0
23.95689957143059 23.95305955848517 0 0
24.63500807684254 24.60844673020223 0 0
24.90044660231041 24.65090670396386 0 0
25.00992188221437 24.93038055452845 0 0
25.76772484920228 25.7252534540572 0 0
27.83894205056051 27.73210918686688 0 0
28.66438982904983 28.63880058286475 0 0
28.85734991776999 28.8354311231861 0 0
29.23710664600468 29.16738510527687 0 0
30
1.466956015811396 1.426596829651287 0 0
1.523230365660923 1.492220983410838 0 0
1.636071614067127 1.620742240971927 0 0
1.703396670375616 1.63782787669373 0 0
2.877616800685685 2.584313238208096 0 0
3.834395768084525 3.75870256788449 0 0
6.682864421697591 6.679303395058776 0 0
7.704839649334261 7.676590094210833 0 0
8.234498639383531 8.125629527446659 0 0
11.19349021523878 11.08056737537039 0 0
12.36296391298666 12.33282406409199 0 0
12.91040641165808 12.89738070743383 0 0
12.985339050171 12.93663948579739 0 0
15.70923966542105 15.70514930066105 0 0
16.61451952478633 16.58511753113738 0 0
18.65243512130777 18.61483870816835 0 0
19.08660574567481 18.76709126874388 0 0
19.75055384432991 19.30859384467791 0 0
20.55784942817203 20.52890670693929 0 0
21.09625056230653 20.81744980534343 0 0
21.52528112969418 21.32272711549495 0 0
22.05005651982266 22.0089817307319 0 0
24.09110025673603 23.43812367556742 0 0
24.34401804479594 24.33338096913548 0 0
24.71201757331468 24.48388747515162 0 0
26.30938223871331 25.95410144842671 0 0
27.44606726479804 27.40039038429626 0 0
27.66436369605628 27.6321968136493 0 0
28.45135866065378 28.39644960388587 0 0
29.47188626801542 29.43482054384832 0 0
13
2.407941806565434 2.372821727675065 0 0
3.490768143990032 3.266222204561002 0 0
5.090290973490553 4.332976197662624 0 0
8.324437585982377 7.824631839826298 0 0
9.04383443370755 8.76609421871569 0 0
14.38923738137247 14.3263317683304 0 0
15.07757447135725 15.03733274883676 0 0
17.10371517553411 16.44864763426841 0 0
18.75024334936766 18.63896289846019 0 0
20.2677700865427 20.20300166907621 0 0
27.20399242057541 27.15800911777071 0 0
27.51029298897471 27.48270704311188 0 0
27.90588808041542 27.88806790332171 0 0
21
0.1145954619176166 0.0572089926014101 0 0
0.7600381632693745 0.5905387699092639 0 0
0.8121638136955743 0.7796274373173908 0 0
2.473448625741329 1.941395374735078 0 0
2.725218628013925 2.607420895122151 0 0
3.977023312425127 3.954414362320303 0 0
4.703389645845631 4.664081930826433 0 0
6.90406843128434 6.815242156545636 0 0
8.637140637535317 8.625954640218195 0 0
9.264629278908414 9.076032071733843 0 0
10.20803440945743 10.19479862017168 0 0
11.67582612208081 11.63120692359937 0 0
14.7264638642269 14.51260238693777 0 0
18.81050365573767 18.75372007461356 0 0
20.86059900115058 20.76718039746939 0 0
22.0886192066245 22.04387850875351 0 0
23.27013545076191 23.23261847701889 0 0
23.64139346432081 23.61576563512338 0 0
25.46944040598908 25.34720796754611 0 0
26.95421363395687 26.83708375268053 0 0
29.59763623188772 29.53986652369393 0 0
10
0.8862596111115124 0.5245659239609743 0 0
1.080327975785515 0.9081988746853347 0 0
2.460062833315447 2.421753871748485 0 0
5.009627149988479 4.950590407756392 0 0
5.523042563666597 5.308783853842221 0 0
20.65784511585589 19.82678691426898 0 0
20.89280835982796 20.83421340224888 0 0
21.34820118051443 21.34729055644274 0 0
22.76438885395968 22.31567949078467 0 0
28.09596913484795 27.99291301112431 0 0
35
1.355331202339132 1.67143083400512 0 0
1.684209444667887 2.075857925513271 0 0
2.222834257896749 2.315766601348053 0 0
2.376311220007512 2.752159077531061 0 0
4.887372051303393 5.209043979867379 0 0
5.313665210298651 5.523750842289519 0 0
5.602589269152735 6.33656429323575 0 0
6.405200217682682 7.973008161694168 0 0
8.057836667986317 8.969212764117495 0 0
9.095882907359996 9.393716587930754 0 0
9.67376669748559 10.07453062215644 0 0
10.33979594103427 12.93824587650747 0 0
12.97261960984209 13.61744550952436 0 0
14.3511485330329 14.67213090081095 0 0
14.72472522265106 14.81625969503924 0 0
16.27252387837159 16.74486245483477 0 0
16.81817765319164 16.85234137436729 0 0
16.90027449503698 16.94603332752652 0 0
17.48997178502148 19.41505230395945 0 0
19.46426532149643 19.92819041360706 0 0
19.9918341363367 20.33280883974615 0 0
20.36243651460908 20.42252545964961 0 0
21.51846413653445 21.86415519300738 0 0
21.8963665652321 22.49744498267301 0 0
22.69995312505709 22.80031094130886 0 0
23.06692621402507 23.45886588912029 0 0
23.56342250317367 23.63140236147695 0 0
24.00504538047804 24.14053180408496 0 0
24.79539567780734 25.19639810850124 0 0
25.36288466412165 25.43901681300737 0 0
25.7086332630778 26.57521781364175 0 0
26.599817979729 27.12743501615469 0 0
27.16461531052848 27.47256628420176 0 0
27.59778007835561 28.97237639042206 0 0
29.42793619103816 30.04291018531984 0 0
26
0.2877789178565244 0.3750021288078287 0 0
1.583636399781084 1.736310434047225 0 0
2.01589441396354 2.686079583960912 0 0
4.31861953377771 4.816188389789016 0 0
4.824033486452467 5.290143242283511 0 0
7.38554376290883 7.393699227980467 0 0
9.074580936877259 9.260371541829672 0 0
9.402790864275696 9.963530419981534 0 0
11.95417403277967 12.72372886129661 0 0
12.72592811757369 12.86799146307955 0 0
13.51403861570648 13.8071584728025 0 0
13.98119895135501 14.28769040820355 0 0
14.48043511495792 15.37442362702187 0 0
15.43488290960439 18.47148310947988 0 0
18.64845634807831 18.83169695561774 0 0
18.98853803111652 19.16111823820882 0 0
19.2706148646732 19.75635898056196 0 0
19.77481435678379 20.76167048088116 0 0
20.87785998340587 21.05966130300729 0 0
21.60692444526296 22.16979256310462 0 0
22.23394066275791 22.29653378921439 0 0
22.42209781855714 22.68012593971171 0 0
23.26079621043478 23.30130960222328 0 0
23.36385188123866 23.7092246001466 0 0
23.76416604037288 24.7392070063444 0 0
28.313884185618 28.32367218905663 0 0
17
1.656203073793794 1.721299607120059 0 0
2.546010209102559 2.782472496927894 0 0
2.935769640839434 3.56990934446742 0 0
3.991911235933769 4.542971788447091 0 0
4.840525283813672 5.096094258400258 0 0
5.705029116943009 6.215802132591629 0 0
6.273500678313589 6.94974328832223 0 0
7.500262732300061 7.875033011192428 0 0
10.01265276987989 11.11117536456861 0 0
11.18904125236591 11.22157799399805 0 0
11.40473956087073 11.50317812590164 0 0
14.85231683374793 14.85788544213424 0 0
17.95964226940513 18.08389149388924 0 0
23.46646257245837 23.78523265632509 0 0
26.87782245157082 27.14663429324359 0 0
27.22645898192117 27.26765972220013 0 0
28.76966170225414 28.82104989370081 0 0
28
1.105266272458247 1.075384137716758 0 0
1.280509469684222 1.126908811544891 0 0
3.425154482006924 2.936070821227948 0 0
4.530585629828667 4.478241511508264 0 0
7.690555199942228 4.650242722975166 0 0
8.730147152143765 8.352083814347354 0 0
8.932230208494436 8.921440162068727 0 0
9.423897155236544 9.414745360752406 0 0
11.45776993789864 9.645306640980618 0 0
13.32060637827966 11.74519776137056 0 0
13.62425829639376 13.32556151833815 0 0
14.18884738216047 13.99918093807351 0 0
18.00275946980818 14.52174733536324 0 0
18.30592331775266 18.04471216982417 0 0
18.63310565937077 18.46157411549553 0 0
20.39001617212869 20.30291852654184 0 0
20.4845870922223 20.46745976885065 0 0
21.0579413156316 20.58921212136022 0 0
21.45639442966722 21.45611925844398 0 0
21.84657164491358 21.55850095176668 0 0
22.11184652108903 22.05624217139954 0 0
23.19692131323054 22.93240512168907 0 0
24.03021442318753 23.29047516330447 0 0
25.40760137611836 25.16633626427459 0 0
27.54821295982793 25.60308499051245 0 0
28.3127010935782 27.68355201441184 0 0
28.87095658495207 28.77499611025863 0 0
29.86678507520618 29.70128736064178 0 0
21
0.579340899847636 1.397471700839645 0 0
1.727087812363643 1.749355273654581 0 0
2.233642378820622 2.871658062682966 0 0
4.313941520416549 4.491211152625535 0 0
5.282360565482031 5.546489723062376 0 0
5.991121606685189 6.384271569107828 0 0
12.75358614819293 12.82138150839997 0 0
13.52705893443475 13.5977418909135 0 0
13.64525419198952 13.8809699917489 0 0
15.27572677947848 15.46601446069709 0 0
15.63847697769499 15.68115669950096 0 0
16.0927749137278 16.1245388525481 0 0
19.67404462931241 19.73692288220991 0 0
20.74020807568382 21.2272750416939 0 0
22.36186725225264 22.38320108741282 0 0
22.65042680402815 23.71468904229803 0 0
24.14892894449913 24.7214842575408 0 0
24.84560756311663 24.90252926289396 0 0
24.95364991273448 25.93234187117818 0 0
26.15913876405844 26.34990212772936 0 0
27.63469160008615 27.78641458891154 0 0
