# Status file for ctqmc. Used to save all times t_s, t_e.
10
22
1.322435362820643 1.216026557853718 0 0
3.317149310622025 3.298155012300775 0 0
3.633886738736619 3.546707743977076 0 0
5.070702928291749 5.040285320674462 0 0
6.10863853921301 6.030419020975412 0 0
6.750482799450155 6.681740077724981 0 0
7.372874195952802 7.29964601741147 0 0
11.06722810036522 10.67800392344284 0 0
11.08794002827398 11.06954765352396 0 0
12.14130761119116 12.07324755084653 0 0
12.6280364406025 12.60875302281572 0 0
14.66717650008862 14.6174995788632 0 0
15.35160195718674 15.2218209328601 0 0
15.59505726818253 15.36306060240815 0 0
15.71942100985678 15.64201675351767 0 0
16.72514092331432 16.68872943466408 0 0
16.78634445153284 16.77522536786666 0 0
17.45405473372924 17.3871826326168 0 0
19.89340545083532 19.86521662131567 0 0
24.91217298361475 24.79081133503747 0 0
26.66987465405105 26.6184552868226 0 0
29.02435460495997 28.99616419335951 0 0
28
1.6116953127129 1.574232011669327 0 0
2.748585900386469 2.734608354167911 0 0
4.489365808150076 4.456225191170761 0 0
4.769583934978581 4.706261148556974 0 0
5.033136931862639 5.001290657877147 0 0
5.168655052210512 5.099506524215757 0 0
6.918523515755754 6.861580649050501 0 0
7.33240808857617 7.203151682728026 0 0
8.73064065941565 8.221402674758668 0 0
8.898769129130713 8.756507867198627 0 0
9.218403888370908 9.170380783360207 0 0
10.66139705151228 9.442074460614268 0 0
11.7719560918773 11.70353828102709 0 0
11.99335920344002 11.83380950064523 0 0
12.38532129429225 12.37734817680134 0 0
13.65160053722895 13.51406299175285 0 0
18.27368635812756 18.11365585849719 0 0
19.46740102099183 19.30767338401882 0 0
19.6503706935772 19.58056708431688 0 0
21.52284865063286 21.43003206250361 0 0
21.78228191302117 21.77915420053408 0 0
22.71816162051073 22.71398118877648 0 0
22.85111021999979 22.80666411865027 0 0
23.05933659728715 23.04100171387937 0 0
23.49031407932115 23.46628904016602 0 0
24.59786436253107 24.51129494769608 0 0
28.69610899088345 28.6878001468085 0 0
29.50877211670176 29.15548416515185 0 0
13
1.788924550030023 1.325230119638039 0 0
4.747652949566541 4.550318803645172 0 0
9.284047527251765 9.213091368692972 0 0
12.21373802788048 11.99717613103522 0 0
12.82197446313532 12.69827408054861 0 0
13.20761877378974 12.85100998579033 0 0
14.45810660974154 14.40064596679398 0 0
20.68686428776212 20.67946955657474 0 0
25.30335780329658 24.69069595593371 0 0
25.55940861004556 25.41040924669574 0 0
26.3009938646484 26.29846756670568 0 0
27.6042952788182 27.35508544477461 0 0
29.1651389620361 29.04002667810425 0 0
25
0.3913533224785765 0.3422486447024344 0 0
1.059586138850488 0.7030595718023831 0 0
3.952412394316033 3.802717358123693 0 0
4.22341695616741 4.194069568771978 0 0
6.194093529461332 6.178405041169305 0 0
6.704053018337762 6.671050535526735 0 0
6.784417819474719 6.762162041114538 0 0
8.973637611315295 8.944819262312334 0 0
9.867843142931889 9.840343232543672 0 0
10.47441821989499 10.37976371334162 0 0
11.80818070714711 11.70777434628364 0 0
11.91032501932905 11.88265171006989 0 0
12.19298460228382 12.06334678515825 0 0
16.41587791100586 15.93036508769703 0 0
18.0663312036438 17.49583008991066 0 0
18.30432825360895 18.27623542121685 0 0
20.06184610854925 20.03745563070105 0 0
22.34384485559822 22.07108325621875 0 0
22.46782608033675 22.41144195611981 0 0
23.31634580681619 22.46816888775196 0 0
23.75162874650292 23.70231457116741 0 0
24.21471302485338 23.86652977654043 0 0
27.04248843752141 27.0369858161818 0 0
27.12541173663544 27.1142909054868 0 0
29.14185640601517 29.03281400348837 0 0
15
4.701574652356902 4.395059540782049 0 0
5.056446271107102 4.74885167857347 0 0
9.746353465103962 9.713958096643337 0 0
12.26127477571166 12.25236020084199 0 0
12.67843170041224 12.64437811329553 0 0
15.34686578724665 14.89113686788359 0 0
17.21221111317036 17.0746773550314 0 0
18.91237015041435 18.49619847443494 0 0
19.65559508984177 18.9770616021524 0 0
21.71851545197842 21.67792979489263 0 0
22.84853269003247 22.79194959362031 0 0
25.0972745433174 25.08451240650054 0 0
26.80495810891849 26.57883400505414 0 0
28.17592982035327 28.00866562647348 0 0
29.83867857780187 29.8119789814274 0 0
30
0.007195876523091727 0.2636774714485064 0 0
0.4736919602538094 1.155598365027551 0 0
1.330289495204208 2.162777141074328 0 0
2.502745073340305 2.693698596052271 0 0
3.031653195355953 3.640040983415835 0 0
3.858779342017255 4.455860254562253 0 0
4.471460076662902 4.554071133081029 0 0
6.82437692227797 6.893410694126775 0 0
7.11302221109575 7.265271251339212 0 0
7.310863889454597 7.390448581172051 0 0
8.363954312994473 9.047510671312057 0 0
9.08765046815652 9.090231561148583 0 0
9.272607584143325 9.595973027932839 0 0
9.679382396075653 10.24395684508825 0 0
11.64458029111798 11.77415309522121 0 0
11.83768794987236 12.02094331119774 0 0
13.16132952066445 14.40854393866626 0 0
14.54746279233781 15.262970710478 0 0
15.94468398274668 16.59383831280818 0 0
17.78128759768206 18.71687034701594 0 0
18.79354943907853 19.45304591843941 0 0
20.14566204770826 20.46815500177918 0 0
20.85908973770027 20.90470759108203 0 0
23.93098982429519 24.07882199330136 0 0
24.09697738065452 24.22795294548947 0 0
24.34247310244428 25.2391074259668 0 0
25.2422192688649 25.7171648755608 0 0
25.83933600075802 26.04600908358765 0 0
26.33657777914947 27.792622323988 0 0
29.63780026897698 29.64733604431322 0 0
17
0.6112714611587755 0.8847675237881063 0 0
0.9259282258412875 0.9738766640262437 0 0
5.675055082460998 6.883405062224334 0 0
7.400873444075906 7.586031804775504 0 0
7.77189860537066 8.591880321320534 0 0
9.455588002624847 9.908824393295408 0 0
10.82281221720972 11.30681621873106 0 0
11.46219847613794 11.7474026537518 0 0
12.64485678834175 12.68602244712773 0 0
13.92041785334525 14.03977825942661 0 0
14.69789866115902 15.9257304330681 0 0
19.66745738759297 20.45101215395406 0 0
20.52278563787411 20.7599169303971 0 0
21.89240958015073 22.74407954453952 0 0
24.67695960833456 25.06105713742619 0 0
27.53004748953515 27.75118494130924 0 0
29.0734823617531 29.77271098938057 0 0
18
1.675265533437635 2.217438696392318 0 0
2.807858129210602 3.221909313471762 0 0
4.311013333809494 5.867936034079694 0 0
6.796358228554711 6.952264134763318 0 0
6.980695347911601 7.282967179458421 0 0
8.064387430768249 11.25881510021994 0 0
11.65309382667275 12.82112431144127 0 0
13.49611548246671 13.55099701278447 0 0
14.07027309909494 14.13087994027317 0 0
16.78642469237723 18.04276328274047 0 0
18.50773269207952 18.89838652109752 0 0
19.53023920659502 19.77970715456698 0 0
21.42103518842946 21.42377284545231 0 0
22.42659183123058 22.46260508339656 0 0
22.49051967093861 22.9365664426959 0 0
23.35485057523164 24.62226839304867 0 0
26.97347290095836 27.03296569712316 0 0
27.31055951686101 29.34941853943753 0 0
27
1.059247530861631 0.3900811885884058 0 0
1.272178686531131 1.257355888890415 0 0
1.951647669282257 1.485316817224608 0 0
3.926898200712612 2.013287975147347 0 0
4.487047334546066 4.256999511312967 0 0
4.609137405671579 4.603475377447107 0 0
6.1589809123413 4.622662787659823 0 0
11.16834136714357 6.580901930755255 0 0
11.59619809826263 11.18644505926561 0 0
11.80318594593428 11.61769369146699 0 0
12.08503977925699 12.01880594588322 0 0
12.43302681155482 12.38465414390315 0 0
14.04978387021121 13.52917534214893 0 0
15.97969403625751 15.08141763301469 0 0
16.45261360785302 16.44966281225856 0 0
17.44524973286965 16.4982464600123 0 0
19.16176378826942 17.62516768720997 0 0
20.78852291819862 19.9263243433039 0 0
21.31883858472634 20.80664695035457 0 0
22.25005089452991 22.16633180074418 0 0
24.4858587703688 24.23545359393265 0 0
26.99561594044863 25.39017963676521 0 0
27.59440511146236 27.15820686472153 0 0
27.96494877068712 27.69295363932921 0 0
29.13155180838398 28.24618065938387 0 0
29.72861668226048 29.38784265150126 0 0
29.93983870622606 29.93667627708477 0 0
20
1.472121197771972 1.479178028675621 0 0
2.724023295690016 2.730023573427244 0 0
3.107048012024763 3.273830249471599 0 0
3.578485979199424 3.84974559719803 0 0
4.664895136122166 5.133760690635168 0 0
10.17907555411819 10.83081125010261 0 0
11.31076519114851 11.46733350975892 0 0
12.00216250222882 12.50711772835543 0 0
12.78839455372299 12.91992726674577 0 0
14.05355113383288 14.07751505236055 0 0
14.95897458747244 16.36097702613786 0 0
17.36161433809489 17.87422160526545 0 0
18.74661734057489 19.42628839375972 0 0
20.65669264070562 21.15870936349206 0 0
21.62526885467121 22.25150757788923 0 0
24.626446247812 24.65590778013218 0 0
26.3044598720267 26.39428152825113 0 0
26.51254271849712 26.79015866415964 0 0
27.94883871300278 28.39644274464347 0 0
30.01531588866129 30.05642640500236 0 0
