# Status file for ctqmc. Used to save all times t_s, t_e.
10
32
0.5404685446854924 0.4591740419887707 0 0
1.036071353312384 0.6132347257430835 0 0
1.294170675050494 1.202701294265308 0 0
2.902499960086788 2.800881227113988 0 0
3.867271394224668 3.786167192544164 0 0
5.341517532008558 5.30028044085805 0 0
5.358201322551255 5.350064951415733 0 0
5.788984947143157 5.783103344903017 0 0
9.141083882545534 9.127739054309153 0 0
9.733101887604803 9.65826053799992 0 0
12.55493397724741 12.54733775814364 0 0
13.50454557078468 13.50435604481894 0 0
13.8333150831964 13.81239151962732 0 0
14.87102146680924 14.8157980364992 0 0
15.35990717133747 15.35582637906601 0 0
16.20066447352532 15.68476525226616 0 0
17.01561282885109 16.97820986475303 0 0
17.30791486571433 17.28958110166324 0 0
19.56567237011373 19.54850732102127 0 0
19.8679009017329 19.82982998243486 0 0
21.33645319423053 20.57139946979342 0 0
21.99878346590656 21.96812391082807 0 0
22.11851858730611 22.05430242011988 0 0
22.6429711238035 22.28857401909457 0 0
23.4087641597547 22.79967485735723 0 0
24.48659884321787 23.70207187929475 0 0
24.96756767875003 24.94890256106336 0 0
25.75932219297862 25.68925111085744 0 0
28.26310609397454 26.27875235723836 0 0
28.66399086873574 28.55907180231232 0 0
29.42910964292868 29.39694103439002 0 0
29.67878155021278 29.57579669786376 0 0
19
0.04108967959493626 1.475094160243554 0 0
1.78481590547723 3.265565791835788 0 0
3.29147430395491 4.837468343255759 0 0
4.853641613458686 5.811537008903008 0 0
5.832949926441111 6.758884140027743 0 0
6.860878641093795 11.14212529319712 0 0
11.15225343385674 11.77306129564352 0 0
12.15580766528821 12.39788488136218 0 0
12.84134471496324 13.88277886093095 0 0
13.98001759219231 14.07535715903017 0 0
14.07573580048243 14.4637163980974 0 0
14.56039574754602 15.92058018199044 0 0
15.93764373582816 17.85973353562372 0 0
18.42053919825569 18.50072527471232 0 0
18.79762730474455 18.89778025720944 0 0
18.93343666154468 22.68627824214797 0 0
22.69635857412494 28.27986918242714 0 0
28.29845381899644 29.30669401331435 0 0
29.40443371833795 29.99700807470022 0 0
14
0.1257897927076534 0.1212074917098924 0 0
0.7403376351791735 0.7014539904886874 0 0
8.725261963504092 8.662215290842642 0 0
12.76911288702405 11.80087580042926 0 0
15.16176662081626 14.99701842818742 0 0
15.2011766001185 15.16814131093235 0 0
15.62403478526701 15.42913292948495 0 0
23.12186816087774 22.86752918422058 0 0
24.92599260219595 24.89693223945459 0 0
26.74918661258582 25.48774419439498 0 0
28.79162760759684 27.26464591746439 0 0
29.56224495409235 29.11812983306478 0 0
29.82046376413365 29.80539293174697 0 0
30.00039507980798 29.84870718990151 0 0
22
0.3815580328498385 0.04520488720544691 0 0
2.038359729147278 2.033327044773912 0 0
3.390985339525403 2.936832827465142 0 0
5.312600896885304 4.857412375032776 0 0
5.69970362188988 5.509550926329286 0 0
6.416364349938084 5.937375575960659 0 0
7.478153081399176 7.145024809614838 0 0
7.618377119257183 7.612803166198103 0 0
8.128244700950898 7.873623077969189 0 0
10.51306229223931 10.41586199327445 0 0
11.73777929818319 10.56826110609551 0 0
16.33576280579078 16.29599755206189 0 0
16.8163421086328 16.75848077287248 0 0
17.54380123994562 17.51275204200661 0 0
18.20989639119734 18.03348262362515 0 0
18.94474865122223 18.77545010542948 0 0
20.3520101021102 19.23557676419291 0 0
20.95833480292832 20.90975833481401 0 0
22.70001509925142 22.67696544146241 0 0
23.01384851211585 22.95619872795181 0 0
24.92644874555869 24.85246232003654 0 0
27.99795814650612 27.96059846502172 0 0
10
0.1766419998387434 0.4404710212547052 0 0
0.5492211301766012 2.572035966428079 0 0
2.635628082459385 4.405950912015219 0 0
4.533740571650974 11.38793035942077 0 0
12.26466143383347 16.67198017189313 0 0
16.82098221990233 20.83879271853987 0 0
20.87267052552155 26.29353958634982 0 0
26.63388416340417 26.74532726176315 0 0
27.0585008370608 28.04536752788408 0 0
28.70194429964716 28.92513894949405 0 0
26
0.4889355502609797 0.09537913619287863 0 0
1.531303138427014 1.519104622029014 0 0
1.712689486603593 1.666515596554878 0 0
2.331950476015428 1.937252486307449 0 0
2.485895159139536 2.39914627883027 0 0
2.589413609435214 2.50451240380183 0 0
5.690971950921168 2.655389964077534 0 0
6.616414440218479 6.004805470905387 0 0
7.563268125972284 7.381698928091856 0 0
9.420309026643956 8.107211924024181 0 0
9.783644190755973 9.661517745781685 0 0
10.9015417862462 10.77366389432888 0 0
11.20214700574627 10.93986893602861 0 0
15.14292788510467 12.04704973871712 0 0
15.88342707087627 15.68995101908372 0 0
18.43470522144171 16.57595675183427 0 0
19.03621650611959 18.72421379734437 0 0
19.66309373893011 19.2509843519187 0 0
20.45018582801321 19.78235992335809 0 0
20.93306271453423 20.53886476702304 0 0
24.45323394908481 21.42646321465357 0 0
25.79785557143213 24.93960052077049 0 0
28.57846634976189 28.43803605728544 0 0
29.40132417735173 28.70279035299603 0 0
29.48497089247494 29.45279590344744 0 0
29.74736001884142 29.72518939254523 0 0
21
0.2912877230650821 1.458638728056656 0 0
1.459954751779569 2.024459454035271 0 0
4.035281866586748 4.115148160374919 0 0
4.140617514864299 4.698708112317679 0 0
4.813980397533487 4.813984787279036 0 0
5.042732189966337 5.597204724002141 0 0
6.189844293985066 6.384117940867934 0 0
8.143972054065303 8.60656998887454 0 0
8.904575676038716 9.275502440624983 0 0
10.7783174461654 14.77688277019231 0 0
14.81978409647213 16.00400667763935 0 0
18.15231181725874 19.03345910757896 0 0
19.11075910698033 19.87805812750708 0 0
20.32380986551317 20.54768787119996 0 0
24.88408094134825 25.28542226735934 0 0
25.40647204322903 25.97765737213319 0 0
26.01031901843755 26.44603906157305 0 0
26.50991397540217 28.46066105575585 0 0
28.90054451982278 29.42004688968673 0 0
29.42406197359691 29.66764070975646 0 0
29.69401954209053 29.81943736123706 0 0
26
2.747714698281253 0.7740435693073913 0 0
6.26855109455058 4.286976792544904 0 0
8.769697177501813 6.619299676048948 0 0
9.001689167157101 8.846275102793049 0 0
9.26877712911859 9.183673993098765 0 0
10.96514968639467 9.391167821920037 0 0
11.73649539762736 11.42634844638982 0 0
12.60528254098772 12.59436033737549 0 0
13.8628435696017 12.9584734192488 0 0
14.82962531793369 14.64352254684049 0 0
15.56535289447525 14.83234101693747 0 0
16.16163892826625 15.69529304380051 0 0
16.62914518138145 16.29105035522601 0 0
18.04296394280976 16.63413583811061 0 0
19.57989537857763 18.31144607470786 0 0
20.19407406530692 19.71506704617347 0 0
21.55733610790429 20.24681645612554 0 0
22.08109444816617 21.6262445248706 0 0
22.60987273138333 22.24618786567432 0 0
23.05358128859105 23.04054462282326 0 0
25.64997516330016 23.11957446127263 0 0
26.62361081913346 25.91832560725705 0 0
27.23548658938265 26.71706635865117 0 0
27.57176711276047 27.48184302425853 0 0
27.98426989233828 27.64948382861622 0 0
29.96217509173586 29.05529973657493 0 0
31
1.58405684357126 1.986246416202142 0 0
2.71784851090429 2.794464094197126 0 0
2.84661328395102 3.323693521505945 0 0
5.545786777546385 5.643036883417954 0 0
5.744383887973327 6.479985115072547 0 0
6.622195764999092 6.743130482135195 0 0
6.785602496537334 7.670264082336834 0 0
10.15175557672084 10.60494767523738 0 0
11.87003454788371 11.94916194455745 0 0
11.98444050538004 12.18035236543693 0 0
13.2379063578633 13.25435034978402 0 0
13.50314884425072 13.58422853774016 0 0
13.72745952466978 13.74878334764614 0 0
15.03369700234264 15.04825161055359 0 0
15.77633281375166 16.00295368671391 0 0
16.13432122317558 16.53052342284137 0 0
16.61637803285213 16.70937975632524 0 0
16.75791231916081 16.83006666901111 0 0
16.91685220355408 18.03177378573039 0 0
18.93041651898103 18.96675386608247 0 0
19.13766880114633 19.98135807220084 0 0
20.00522615542999 21.25129674082524 0 0
21.66985104240196 21.6895884855306 0 0
21.69340829918926 22.06308461974997 0 0
22.19708323508752 22.77825680206132 0 0
22.81099893037383 24.35623175736016 0 0
24.97129880251294 25.00130577862902 0 0
25.0050370034991 28.02463666904478 0 0
28.1247787419591 28.86411570963393 0 0
29.18365675993229 29.65510652075485 0 0
29.66278398757599 29.75502553226666 0 0
15
2.088374845742755 0.2213069273058395 0 0
3.481709086745061 2.331916566440956 0 0
4.419353663007522 4.347623055306461 0 0
10.65311188153951 5.28110349302997 0 0
11.72348488198135 11.67680028814523 0 0
13.41516967738437 12.74599833740387 0 0
14.41866030229647 13.41608995046874 0 0
17.44466965219378 15.24377211539565 0 0
18.04905657515279 17.79352226646186 0 0
19.97282693332972 18.97854695098156 0 0
20.56981290203416 20.47598645349981 0 0
23.80522892408814 21.92644236849374 0 0
26.27681136625542 24.44664403112243 0 0
28.30258952397274 26.66031032792078 0 0
29.05811276098355 28.71449184624101 0 0
