# Status file for ctqmc. Used to save all times t_s, t_e.
10
21
0.5366326907611643 0.484710373462439 0 0
0.860155185012607 0.85729613920169 0 0
2.027609448169868 1.291326114547179 0 0
7.866436754935422 7.846226783509304 0 0
9.274175486675956 8.126266800572019 0 0
12.28719977162494 12.13577014809045 0 0
13.18233847531745 13.09831599373168 0 0
15.24554019179672 15.22132828799705 0 0
16.96220943021758 16.85141167585497 0 0
17.83406600413156 17.76548134327473 0 0
18.16716047096545 18.07914467386055 0 0
19.778989717372 18.98657053920589 0 0
21.46431444537768 21.32947400878059 0 0
22.10177237580564 21.7334636342467 0 0
23.26458437952668 23.09712431648876 0 0
24.58019805606995 24.47857265302592 0 0
26.85603977892153 26.80847537314513 0 0
27.25562017363143 27.1703247164244 0 0
27.78722882215574 27.48734172185782 0 0
28.44006187228996 28.41396044427197 0 0
29.18768415535003 29.18517588198353 0 0
25
2.526971930657883 2.276565363562899 0 0
4.232071117990438 4.069374907749436 0 0
4.261446502749933 4.259349575486991 0 0
4.976427399462516 4.849994755302006 0 0
6.532157873604206 6.260602765140488 0 0
8.450594621354657 8.393319268928554 0 0
9.365639479436648 9.241249955948746 0 0
9.85114868305433 9.788065022820492 0 0
11.25892119027905 10.9810957193341 0 0
15.12414469444696 14.96161877715464 0 0
15.94049972405881 15.92354299270021 0 0
18.83015104982857 18.25299881876687 0 0
19.3094325093293 19.26616750010624 0 0
19.48800568895318 19.4087523612317 0 0
19.68521878556411 19.67407650562425 0 0
20.42890153741806 20.40918449013802 0 0
21.4556873236616 21.28316011039339 0 0
22.14177527429051 22.13078722380586 0 0
22.35165178339829 22.32018883789628 0 0
24.37010824727506 24.18903974786435 0 0
26.33551640440886 26.33448931332705 0 0
26.65598538078166 26.4675512903129 0 0
27.00599677823758 26.99308739273069 0 0
28.54862126167834 28.24001189441618 0 0
28.79449055289065 28.75788110287738 0 0
13
2.331444979068575 2.796060964439848 0 0
2.86126382308697 2.989292993534496 0 0
3.024592171991236 6.331414846076735 0 0
6.366578326490696 6.544672718289474 0 0
6.555869296600644 7.081174832727236 0 0
7.257017074826025 12.81396426272734 0 0
12.95440064642369 19.59838173299639 0 0
19.60814398665951 23.8074464255652 0 0
23.84559046314756 24.4055871219433 0 0
25.4547243468484 25.57368091692621 0 0
26.85810694588038 27.37081655205225 0 0
27.70871082310274 28.16305507901519 0 0
28.93467078109666 29.6169260786569 0 0
21
0.2234188599370555 0.3726605147880662 0 0
1.252851777128081 3.23271438508775 0 0
3.529203986625475 6.721148925102092 0 0
7.423407987902864 8.04550156672828 0 0
8.559459043535824 8.809791562696272 0 0
9.24448388355399 9.281947882980839 0 0
9.82793679082379 12.27021254595063 0 0
12.28818031914465 14.27958017236907 0 0
14.2815205918804 15.70939073100999 0 0
15.76399598396009 16.12535549738356 0 0
16.13336989091699 16.2591958807889 0 0
16.31656598006186 18.59944913034875 0 0
18.68550020070688 18.92464027416617 0 0
19.17728884303586 20.49121462601079 0 0
20.66540428579005 21.23030781643143 0 0
21.24847784237167 21.47121134176552 0 0
21.53746685990832 22.06099343451895 0 0
22.07080552453536 23.91235297148753 0 0
23.91446262251824 24.11388389702126 0 0
24.11418066877192 25.49761167292343 0 0
26.33591763337609 29.67072556085299 0 0
16
1.864281690096007 0.3259853512005471 0 0
3.908746108239324 3.812741965029769 0 0
4.918941593543327 4.662768495704124 0 0
6.889505917611672 6.761070773182317 0 0
10.2301504616874 10.21267231072313 0 0
14.75249496226558 14.12614171219664 0 0
17.99823544469213 17.79726193321839 0 0
18.10054785863741 18.02088318348463 0 0
20.4610303829426 20.45663016221122 0 0
20.77002475532474 20.52664385944954 0 0
22.54413297107447 22.45640356507992 0 0
22.81998995509042 22.78975868323971 0 0
23.48893501237282 23.17704404196935 0 0
24.99721716928078 24.98959545848409 0 0
26.41931415022913 25.89800573109888 0 0
27.29303850128796 27.20856330590997 0 0
11
0.1755518984039632 4.596652460747825 0 0
6.666456459270785 9.132062205184374 0 0
9.282614694068975 9.386412263627093 0 0
11.87095810720054 13.04640843461245 0 0
13.37440649771772 13.67262857305365 0 0
14.10258449253238 14.4890270795811 0 0
14.91451164959824 14.99906559367406 0 0
15.3713886698697 15.39523932681003 0 0
18.00173962253883 18.48304993508839 0 0
20.86559210141854 21.36792560198992 0 0
25.87381635981502 26.33074715031377 0 0
31
0.3624444477032084 0.3512697524218069 0 0
1.057981731222682 1.041804920611198 0 0
1.198100254484296 1.118726322648192 0 0
1.244636406840895 1.235324648296799 0 0
1.482189382137286 1.463273197925055 0 0
3.789035583918879 2.071424974327723 0 0
5.572609078841963 5.532496681872275 0 0
6.318144747432847 5.72271078890313 0 0
8.234564035995016 6.696286208064032 0 0
9.435828816029534 8.299383162162384 0 0
10.94542498575635 9.805849573402515 0 0
11.07452112596369 11.02870484820328 0 0
11.65946117857874 11.53544679760039 0 0
13.73607580939373 11.84414355677216 0 0
16.65030936779899 14.11746452077782 0 0
17.56432948296884 17.36688245549021 0 0
17.72249697039752 17.60414244162739 0 0
18.20761464105737 18.11532468953963 0 0
19.25009099223927 19.07271266368858 0 0
20.62635568409845 19.73954182367196 0 0
21.19713840306032 20.70995059544125 0 0
22.66219713997538 22.38742926642419 0 0
24.54454376331198 24.26633170324903 0 0
25.17331110942044 25.07009777280215 0 0
25.51105163789452 25.49560055266113 0 0
26.14630695966555 26.09760355886539 0 0
26.95807197117556 26.8683506848672 0 0
28.0401413804729 27.86397448876686 0 0
28.34288104063112 28.1198806049191 0 0
28.49144739137988 28.37892617175174 0 0
28.58722577015555 28.54373773929663 0 0
18
3.994418352392424 4.110013105112983 0 0
4.40013072075868 4.431087538692161 0 0
4.666719532140255 4.814660740163635 0 0
6.150698257991402 6.251537625305885 0 0
7.813851026233388 8.551587711970209 0 0
9.009374788155524 9.374777518275387 0 0
14.38296678699416 14.58686220855201 0 0
15.34006917462073 15.46220356777266 0 0
16.19995350540958 16.22272582917374 0 0
17.84174699522234 18.17082904700205 0 0
18.35874371558397 18.42924509116446 0 0
18.73280347743893 19.11935241903666 0 0
19.4214285576429 19.91983224830417 0 0
20.46861786186613 20.62332096607509 0 0
21.32968798064782 21.70900623544777 0 0
24.19272199232195 25.56529805977786 0 0
25.57223690148739 26.76724341294921 0 0
27.10746507267402 27.14436318545342 0 0
23
0.140630410346173 0.02152127088923912 0 0
0.8220464404300457 0.8137435500844845 0 0
0.8604457059410204 0.8509479266009036 0 0
1.4578362258746 1.435701472293875 0 0
3.234209343688464 2.14668849300133 0 0
4.487937624313095 3.927385856928652 0 0
5.035857946700702 4.712553749058057 0 0
6.27935797528986 6.233935008311874 0 0
6.845585241432088 6.303346335572046 0 0
8.300804577403067 7.80479515811515 0 0
8.623125230490897 8.616545861276929 0 0
9.846966255014985 9.767555791580357 0 0
10.21666918610792 9.861734488815319 0 0
11.18772285538364 10.99138779772731 0 0
13.67268278222861 11.35852539680865 0 0
14.65182241594859 14.08654882529094 0 0
17.81864480381938 16.41939334105134 0 0
18.6483859829167 17.89455693852669 0 0
21.98876647706657 21.07430909925048 0 0
24.11547893623582 22.87282726685676 0 0
25.69677545010552 25.69637393050948 0 0
26.58114239255184 26.50937427538155 0 0
27.68904761958686 27.61178386942258 0 0
21
0.02050267874275491 0.2237791415262365 0 0
0.7436285258660468 1.155611144333044 0 0
1.761557952802675 1.901943110304094 0 0
2.113445327049333 3.346757617060987 0 0
4.474247766989787 5.046881792146585 0 0
5.610356954696095 5.762608570195967 0 0
7.270986014207819 7.357744017900179 0 0
8.82383865114479 9.958134009817375 0 0
14.11631274540956 14.82051751906578 0 0
16.40707301044385 17.3219517432573 0 0
19.23048685192787 19.38505087851685 0 0
19.89983106665115 20.06976834922101 0 0
20.0947231128125 20.24873548095266 0 0
20.4035501731081 20.59365796237485 0 0
22.70475954481941 23.0848346128128 0 0
23.10939623776752 23.74979331441692 0 0
23.89716335465663 23.9459730381106 0 0
24.78851213453301 25.15810832869501 0 0
27.48628238848654 27.60953485036446 0 0
28.04651512231752 28.6200170724917 0 0
29.42364408010442 29.4831286111861 0 0
