# Status file for ctqmc. Used to save all times t_s, t_e.
10
21
1.220746497971419 1.070222778639522 0 0
3.152860376160204 3.138646124442289 0 0
4.77961929119369 4.763675053145857 0 0
5.809997212942219 5.739424988890121 0 0
7.82743798274151 7.746678721239381 0 0
10.68250728111853 10.67775225494578 0 0
11.20786212733435 11.18453342773738 0 0
12.56177858551916 12.50319052910355 0 0
17.10012104910855 14.58587816886547 0 0
18.50916746712358 18.147874072725 0 0
18.88305540688512 18.87771744650953 0 0
19.77430529743797 19.35218790305602 0 0
21.7170534949527 21.67081468689175 0 0
23.35827181403166 22.9995019640195 0 0
23.49398041042346 23.4437754035446 0 0
24.17745477531632 24.08773298110249 0 0
24.43676950870457 24.34396884677881 0 0
25.44437195878741 24.98682297664297 0 0
26.47517367693942 26.003758403383 0 0
27.44787098915928 26.57617509535867 0 0
29.02642535554715 27.75788066133049 0 0
23
0.996675300959542 0.9706045393237162 0 0
3.64738926405973 3.635497643617207 0 0
4.355544566733198 4.3486032048998 0 0
5.973021918165977 5.837159533342786 0 0
8.621259401322632 8.536407887142365 0 0
8.79266797232934 8.771912807017371 0 0
9.041887120811246 8.972349446049398 0 0
9.342594989672994 9.32311975042896 0 0
9.411039355558328 9.400610571743664 0 0
10.02131685225271 9.544159762369906 0 0
10.24244023358656 10.17544418654843 0 0
10.60303062191345 10.43666414989529 0 0
16.52077142779527 16.51230884664376 0 0
18.147866605684 16.57908547222418 0 0
19.91046854114038 19.85929999535591 0 0
22.29674996719178 22.27326267325359 0 0
24.21140242242492 23.99994432524239 0 0
26.59421527945692 26.06379548035818 0 0
27.90693765719562 27.80548948936771 0 0
27.95173043752231 27.92884545233214 0 0
29.1749698921613 29.10487562868618 0 0
29.68127222773076 29.63910933054531 0 0
29.82513187881574 29.79105504375014 0 0
9
1.880744705250612 1.866346195119021 0 0
4.289945667104635 4.194777502371562 0 0
5.976493152923565 5.936852021071394 0 0
9.314036359449245 8.829341247875291 0 0
10.3849133484556 10.19446614421505 0 0
10.44215764436423 10.41999717496346 0 0
15.8847737894214 15.84137154359392 0 0
22.32471121784793 21.53653357224068 0 0
27.59208766461224 27.51378465531903 0 0
25
1.354910096728331 1.338293845943488 0 0
2.165019027379323 2.143467487086851 0 0
2.815516446612551 2.632332217177295 0 0
3.679286737069259 3.403623029889272 0 0
4.050558919126486 4.032149715307574 0 0
5.871815558707296 5.830021417330389 0 0
6.828212124327619 6.661525134234946 0 0
7.35978013846294 6.915720237892944 0 0
8.399565394118845 8.249494213041828 0 0
8.990369933354591 8.947411982740132 0 0
9.495056254908011 9.413173390833697 0 0
9.93708688794292 9.874924593959484 0 0
10.27423007924414 10.22462617346963 0 0
10.81175642240803 10.31692905543095 0 0
12.69109867436165 12.36695596972411 0 0
17.12629764274814 12.93391604924295 0 0
18.14094131135295 17.5315973656262 0 0
19.29628742837234 19.26648576735518 0 0
22.27485422505344 22.13881909641381 0 0
23.64335556947867 23.62223116543922 0 0
25.13116583584399 25.09316408287621 0 0
26.93356020166738 26.84715703801012 0 0
27.55263380411212 27.53911084796324 0 0
28.08478659499681 28.04527456849673 0 0
29.6118796873876 29.60657508823226 0 0
14
2.022250372676222 1.904961945016254 0 0
4.889954047381801 4.844573141133114 0 0
5.122179413726961 5.052183429354979 0 0
7.558029942668345 7.394920392202102 0 0
12.29167794276159 12.1926566549136 0 0
13.94142272471893 13.80012941549913 0 0
14.99313764259101 14.62062607473225 0 0
18.17720905282743 16.85974510867757 0 0
18.58993501900981 18.19614237093776 0 0
18.9195594929376 18.86752000937852 0 0
20.57839464110835 20.39114137322585 0 0
20.72279093504132 20.693547790593 0 0
23.04114193180397 22.95645771757718 0 0
24.09791314939199 24.01306106242661 0 0
27
2.64863648774319 2.702088718570453 0 0
2.923723880427597 3.152342259299371 0 0
4.165917536004017 4.306999293607602 0 0
4.902831636567745 5.391830385715219 0 0
6.353001034869165 7.210321508138579 0 0
8.998360501063177 9.336894121648085 0 0
9.396420353743542 10.26188544358935 0 0
10.97165334126071 11.3289452739368 0 0
12.79761636344211 13.995018558015 0 0
14.0051968781642 14.07492166646744 0 0
14.13533187646461 14.54196004692505 0 0
14.55985587050142 15.95494663649048 0 0
16.0953981344946 17.35637505556825 0 0
17.52246359435095 17.56372535805868 0 0
17.58487252149881 18.55599719839614 0 0
18.6803515538299 18.68416972285852 0 0
18.9527697477722 20.62195928680144 0 0
20.74466166821219 21.77429199523799 0 0
21.86057677738254 21.96104279273841 0 0
22.50083188208245 22.66173477896364 0 0
24.17963966042708 24.38992661200359 0 0
24.40647982127838 24.44002558080823 0 0
24.82468646355934 24.96041641862162 0 0
26.15271336291477 26.55650995507875 0 0
27.20761453687899 28.69267604738064 0 0
28.72551329146625 28.975253212858 0 0
29.03498331809931 29.0949057584101 0 0
23
2.322469361797228 0.1018185412819435 0 0
2.547946519465547 2.478972702039989 0 0
5.122337469041228 2.937167587987473 0 0
5.752144871379699 5.379631304952751 0 0
7.700613474893338 5.909976551694341 0 0
9.024808573868205 8.704474524671088 0 0
9.55270355510185 9.532541608291035 0 0
10.95676527545211 10.84491785738515 0 0
11.64011224826772 11.00865298177569 0 0
14.07502512330432 11.98989629994202 0 0
14.60173362482103 14.50453933508855 0 0
15.11233383879041 14.87212892393002 0 0
16.45638265737328 16.44933700651157 0 0
20.74271491075583 19.12526573865994 0 0
21.02663403226818 20.80351196582906 0 0
21.457656836656 21.03081216529561 0 0
21.48869057054563 21.45979685601151 0 0
24.86698482055308 21.87261886527643 0 0
27.28672884982006 26.92921016057925 0 0
27.8442404680128 27.79362295684231 0 0
28.7993629105874 27.86507223583451 0 0
29.23682873024253 29.23124060455688 0 0
29.49838861993045 29.49513966928447 0 0
22
1.077175896110518 1.289314090128556 0 0
3.59613122086007 3.816460221948033 0 0
6.102937610546747 6.532138291218725 0 0
7.190163450910918 7.316124179196184 0 0
8.132580388894661 9.309783359563768 0 0
9.721239371706492 10.53152112803638 0 0
12.23213269041977 12.27600854754203 0 0
12.34529205466239 12.38691253617306 0 0
12.99385278991768 13.43826014543929 0 0
13.53728803343887 14.10625171585245 0 0
14.98654021807167 16.71185130700801 0 0
16.86975619939791 17.91041557121241 0 0
18.21151050614592 18.51450318787112 0 0
21.5012198434804 21.90739404037483 0 0
22.0580082183141 22.31545835174729 0 0
23.5685242032607 23.78918487544559 0 0
24.33334588150795 24.60348445768515 0 0
25.03975433309126 25.09797302991511 0 0
26.3599442788931 27.19723504613814 0 0
27.56584863400467 27.62257200040486 0 0
27.7201297726475 27.98961860140075 0 0
28.33690800031381 28.55746219630719 0 0
32
0.8696563033166315 0.8452912682788274 0 0
1.301136684382986 1.122595355507932 0 0
2.26182449411995 2.09514907161965 0 0
3.634681726223362 3.513049459250682 0 0
4.415300539801689 4.176589850233543 0 0
5.528415454351689 4.713448405539356 0 0
5.664110938330748 5.608337116189773 0 0
6.159097467459381 6.068585604422341 0 0
8.756511508790437 7.768696232864663 0 0
10.27769243068285 9.067358408296656 0 0
10.4834521719004 10.42958137804061 0 0
12.3221940092099 12.29399827400735 0 0
13.15281504185096 12.59213374849984 0 0
14.37478662139489 13.82428790503265 0 0
14.8973529688993 14.85668818851598 0 0
15.1363639141273 15.05302717200867 0 0
15.60873789811888 15.15083835968021 0 0
15.97551421360367 15.7767540146882 0 0
17.25788790025705 17.06261311075699 0 0
17.59993170954746 17.3243073700207 0 0
18.85900025413888 18.83935177323431 0 0
20.15431741388255 20.15377198094297 0 0
21.26073387228215 20.65537012423462 0 0
22.42149182625049 22.28932122299698 0 0
23.10639197589486 22.58687237697405 0 0
24.02127363428043 23.97363893224387 0 0
24.59825608207258 24.21385985378541 0 0
26.90529585027908 25.4524599904615 0 0
27.3565563341986 26.91315204703632 0 0
28.39073355805383 27.62126574476254 0 0
29.46545003386704 28.4788641936699 0 0
29.87370401557161 29.85950452268364 0 0
23
1.430814806555766 0.1749670783288053 0 0
1.909540782806298 1.781064743055762 0 0
2.083561158058127 2.022244894632695 0 0
3.338378631593738 2.157938391759703 0 0
4.468738106582394 3.606544809621684 0 0
5.279738207818578 4.766684748367869 0 0
8.384644444912366 6.103137843477607 0 0
8.684100843259232 8.494070912522069 0 0
10.38821540535603 8.895385162773405 0 0
14.72175951002324 11.03735899545833 0 0
15.09320586088718 15.08562665525591 0 0
16.56456800604284 15.13911150125434 0 0
17.30309745974281 17.19517482843939 0 0
17.41135105791405 17.38571071217776 0 0
19.2823995447989 17.47780493712586 0 0
22.25570891544756 19.30480615060041 0 0
22.50212698935715 22.35749104957719 0 0
24.93530965136248 23.45339132674204 0 0
26.56995141919641 24.97802966556604 0 0
27.91083209557755 26.60212249518975 0 0
28.9819476942206 28.38475707150097 0 0
29.21552294989098 29.12128076025898 0 0
29.61385025598524 29.33937428847785 0 0
