# Status file for ctqmc. Used to save all times t_s, t_e.
10
30
0.3995492868308901 0.3305016160072652 0 0
2.396644173920844 2.394152834387041 0 0
3.535161322510028 3.493604748077455 0 0
4.825012671148637 4.798726898029501 0 0
7.901224276902885 7.604843351207959 0 0
8.646690869284122 8.607168354085617 0 0
9.462432016293043 8.907818907861548 0 0
9.487433737186658 9.478131558863414 0 0
10.11441676453338 10.0510523505398 0 0
10.48230095763843 10.37762774301773 0 0
12.84118102390227 10.87195029579599 0 0
13.35558011530013 13.21195798342814 0 0
14.68072545805814 14.65662633578226 0 0
15.28642037847067 15.19932859457479 0 0
15.82176611214967 15.81527181365812 0 0
16.15296044063909 16.05214426262587 0 0
16.74318705919935 16.61230939528612 0 0
17.33611766051652 17.31062030707787 0 0
19.07571212769071 18.75472111600008 0 0
19.35703236693543 19.35145278844709 0 0
20.66030134597406 20.60065222981211 0 0
20.67696108010434 20.67583083646165 0 0
20.96966769134695 20.96171631463125 0 0
21.65908827952415 21.50612667245574 0 0
22.51614457298609 22.49111348454734 0 0
23.72531338228483 23.35330139106902 0 0
25.00945471144815 24.97125276695786 0 0
25.41004330074436 25.30270755618447 0 0
27.5352337237578 27.34600319506364 0 0
27.79901466399216 27.67752858064958 0 0
29
2.306440180165722 2.168547046155695 0 0
2.894126156942619 2.72222203776488 0 0
2.930513407861357 2.927450370950862 0 0
3.818794511836825 3.742871607525409 0 0
5.516011994305369 5.47513700493792 0 0
5.856492138368164 5.808933088798549 0 0
6.103288646449211 5.895258664766907 0 0
7.735552063074712 7.654639911647395 0 0
7.952153590272358 7.93586701886035 0 0
8.533687465366322 8.425292915437367 0 0
8.871040269545858 8.705560100850894 0 0
9.597964153891084 9.591478544402237 0 0
10.97638488132925 10.95068194687959 0 0
12.4357344831851 11.65842386176443 0 0
13.46487732970837 12.8250013228507 0 0
13.87195206842624 13.82302984038966 0 0
14.2601789692089 14.25110156168401 0 0
16.59334127302751 16.5181704422495 0 0
19.8194100816865 19.70613283770942 0 0
21.39770424765235 21.38909293648925 0 0
23.04813979611486 22.98983184281199 0 0
23.7289175889332 23.69914496827431 0 0
25.15899241910359 25.01765575782616 0 0
25.41424542541066 25.25071731885241 0 0
27.09257967270144 26.76104702604949 0 0
27.62788544879869 27.54547192411474 0 0
29.15697507209391 29.10284394726605 0 0
29.5788106627533 29.48909462678135 0 0
29.77584602186281 29.70263607040932 0 0
7
1.667521831239375 1.487685820691738 0 0
3.511335972000589 3.491956770034471 0 0
7.633815248201007 7.568153482126442 0 0
8.42686149875777 8.360448808699962 0 0
11.13818552167092 10.29255355825818 0 0
11.51849471809062 11.2372743916664 0 0
21.93537378128678 21.69024335355511 0 0
34
0.003953018070763648 0.4189041513303829 0 0
0.4561889760231045 0.7309724975891841 0 0
0.735289543427725 2.032132459879622 0 0
2.560809892050688 4.843332175785738 0 0
4.897419913451033 5.291826568883834 0 0
5.668265073743928 6.030399265159118 0 0
6.11037806195492 6.367754175100593 0 0
6.407196363687885 8.297439174497782 0 0
9.989152628564824 10.47352182385861 0 0
10.66666908558978 11.19936510427777 0 0
11.29250837919952 11.34163203462925 0 0
11.80831763198315 12.08420360223705 0 0
12.7771367092931 13.13061722917245 0 0
13.26062234711297 13.67553749222635 0 0
13.67750401090308 14.45353133126288 0 0
14.48779593768313 15.45345825204967 0 0
15.90700094519423 16.44439331677198 0 0
16.6660826397234 17.00223174977157 0 0
17.24438111040302 17.95238060402165 0 0
17.98576597836922 19.69549076066246 0 0
19.70619656963196 20.44699168937062 0 0
21.82822427023664 22.17102018175144 0 0
22.41295279014301 22.77343801832799 0 0
22.85305924551351 23.52199961152087 0 0
23.53888980447062 24.58180412943711 0 0
24.63385630996788 25.99436498742754 0 0
26.05172209041067 26.32565791213896 0 0
26.56149358944256 27.44937332188983 0 0
27.50821069290081 28.52997352152331 0 0
28.63765874715235 28.73282592667016 0 0
28.75288001698717 28.75999426721382 0 0
28.9051474136738 29.10773127650738 0 0
29.47899100897533 29.81521707123736 0 0
29.90602924816425 29.98237726030069 0 0
13
2.912589612781947 1.946106277520716 0 0
3.023488634551431 3.019582507537801 0 0
5.329424640622347 5.183534923573474 0 0
5.630209741744 5.577799009232851 0 0
13.17043469497243 13.16035341899446 0 0
15.24933079135648 15.2295088723135 0 0
15.57700045536749 15.53805385411833 0 0
16.02201977034937 15.64524063319809 0 0
20.55825860049148 20.2201050093992 0 0
21.17624678257883 21.16311368883166 0 0
22.38827030288913 22.2271749805095 0 0
28.00185866526299 27.51429900706579 0 0
28.35158822837879 28.20594674514999 0 0
31
1.476092305024626 0.4652733828402624 0 0
1.738175654423792 1.588910762748875 0 0
3.092703908963355 2.613914292442156 0 0
4.522314060679506 4.094611287265554 0 0
5.486087585989302 4.592797939237701 0 0
5.823674328302944 5.547421740230846 0 0
7.016803250467001 6.519796340729093 0 0
7.422434954477088 7.088248460805698 0 0
7.654868385449054 7.426789522373455 0 0
7.816481592238249 7.801178616987912 0 0
9.885410931089158 8.060476986723614 0 0
10.76151978774919 10.54002396400628 0 0
12.0709155912194 10.96901823883778 0 0
14.23340362933639 13.25867446737416 0 0
16.14215216711447 16.11235805057385 0 0
18.71347002014211 18.37420173195322 0 0
19.55327894940236 19.24133042900014 0 0
20.25443725421457 20.03133095191854 0 0
20.70846245889291 20.42949338456346 0 0
21.04593273750312 20.99818713527859 0 0
21.09644846859129 21.06269659787773 0 0
22.16138160420102 22.01882000949324 0 0
23.43852937723125 23.3724393065957 0 0
25.11027715747652 23.99892523831802 0 0
26.02532421946609 25.95360254431854 0 0
26.45320175065652 26.12968273721346 0 0
26.76368486986762 26.53743561374763 0 0
26.87687463458188 26.86814735368774 0 0
29.17988847826716 28.00458666727095 0 0
29.4935513772274 29.37964161246362 0 0
30.00289799615588 29.99345182443295 0 0
32
3.817538538923611 2.897409529944067 0 0
7.162628037841614 3.850612256586927 0 0
7.375290247803651 7.251404765197925 0 0
7.787307576253601 7.696637035319591 0 0
8.050045510258204 7.879435260806808 0 0
8.668633948353694 8.64942567426143 0 0
8.967142211843047 8.93801879179181 0 0
9.134826316589947 9.003740397362007 0 0
9.614097205488948 9.599058951733289 0 0
11.16693621106144 10.22985126196025 0 0
12.55420641124232 12.43189806257889 0 0
12.68264515858717 12.67777567685287 0 0
13.06671005196193 12.9008841326805 0 0
13.37302071225148 13.36746842871107 0 0
13.65523529200893 13.52841652267905 0 0
14.65122695006365 14.23576961079178 0 0
15.04030724790102 14.72315742881929 0 0
15.78315701861134 15.76167948785657 0 0
17.0873331199314 15.99361436234978 0 0
17.48631311539224 17.13799190045741 0 0
18.86122596546125 17.49322405936941 0 0
19.26930563436899 19.02828808828752 0 0
20.42289860330182 19.58486002240393 0 0
21.02016226510404 20.46340587726483 0 0
22.27652176804658 21.98249390915022 0 0
24.41255520358354 23.87323036928857 0 0
24.9327684120021 24.5485709880062 0 0
25.26967738990352 25.24352112530785 0 0
27.37229973541301 25.40883155443418 0 0
28.58744583790308 28.51158245071921 0 0
29.32830706539988 29.21735674792602 0 0
29.65715245865175 29.37147834824243 0 0
18
0.6648792254618234 0.9556104934130047 0 0
2.280013432768007 2.508082067944843 0 0
3.477566514025495 5.906610606227583 0 0
6.93141638089596 6.967554592337578 0 0
8.223355148803511 8.467122828908391 0 0
9.677878342586714 9.890542061989304 0 0
10.5591365852129 11.32573972016797 0 0
11.60037485622986 12.05707861696936 0 0
12.938665788949 14.14356630588604 0 0
14.42519398717552 14.58306526161004 0 0
15.61743775672884 15.912850056408 0 0
16.2166685131904 16.81492264518644 0 0
20.31443887960975 21.21089614891059 0 0
21.28331040951378 21.47940427954466 0 0
23.39021865971918 23.98328186027254 0 0
25.26092959777783 25.37595905570993 0 0
26.26441458279396 27.49342972970132 0 0
28.29544024394079 28.32703025122326 0 0
30
3.719784323129857 0.2262511629041732 0 0
4.743497113221205 4.529359349805547 0 0
5.152897952909846 5.13989605633672 0 0
6.008291160461772 5.651349663089312 0 0
7.77508728913509 6.489637730148883 0 0
7.993879337883184 7.983676818648974 0 0
8.580730436077168 8.037345248800351 0 0
10.08676487309552 9.969965038060044 0 0
11.59494631027639 11.59296014805744 0 0
16.28634437411462 12.88519899297904 0 0
16.96271080831637 16.43727334605301 0 0
17.01176124601756 16.97637335656693 0 0
18.40422881969208 17.99337681271053 0 0
19.63574445945144 18.65308235666661 0 0
20.06043184288495 19.707399552494 0 0
20.60848272540508 20.33251635761092 0 0
20.64950586657411 20.63177232970836 0 0
21.78842397656556 21.68487630764659 0 0
21.83217102920758 21.79197797230062 0 0
22.79672451420369 22.43353426751411 0 0
22.85119805388231 22.83889368829844 0 0
23.92080033547846 23.02470733029528 0 0
24.1532536006631 24.08799914498111 0 0
25.34462912446272 24.69110359246428 0 0
25.42359057498659 25.3486889200963 0 0
25.51833146641642 25.51492151183356 0 0
25.97861574365685 25.52736451853895 0 0
27.62416954951196 26.02219743920108 0 0
27.6958468923265 27.66698300104938 0 0
28.79726874049922 28.78715592646511 0 0
18
1.188185301368776 1.242886011916029 0 0
1.565726061541775 3.068051003304033 0 0
5.26537863987992 5.740520807940631 0 0
6.537372173663848 7.355856583048261 0 0
7.675067775064782 8.043582214663932 0 0
8.357819192499672 9.094840611432421 0 0
9.221301392596416 9.775036526701321 0 0
10.99430746027835 11.09121346660416 0 0
11.14948915442906 13.41799914084871 0 0
14.10813265022078 14.39797533414778 0 0
17.15401061866988 17.29170547416582 0 0
17.54590712919403 17.97540030788951 0 0
19.56027985685493 19.5628320698943 0 0
19.72253257925954 19.83148892083635 0 0
19.90049517318725 20.16726248602737 0 0
24.76495036820338 25.32415363241057 0 0
26.80525091609337 26.92445773395069 0 0
27.31021274776179 27.69296425632636 0 0
