# Status file for ctqmc. Used to save all times t_s, t_e.
10
22
0.5460860303779782 0.5116235820304276 0 0
1.013176176626554 0.6379454801020792 0 0
2.01251582349968 1.945016838858292 0 0
2.837793384803204 2.80297784001552 0 0
4.460892239459796 4.410821955137887 0 0
4.747773687204571 4.652552215362649 0 0
7.261204360778374 6.584933893180787 0 0
9.14802162705444 9.070627412467633 0 0
9.190568657921844 9.157692197092603 0 0
10.07378154608893 10.06719979986911 0 0
11.42005915820575 11.41731654549239 0 0
11.69193783827741 11.66359015793987 0 0
13.64997934551135 13.64861522706009 0 0
14.10641067245943 13.83182248549459 0 0
18.9387224677297 18.92743987161396 0 0
19.05411205606175 18.95925974571436 0 0
19.25925837593915 19.07795854114466 0 0
22.08972026054277 22.04899652144143 0 0
24.16677808647977 24.06892268891599 0 0
26.01205573919774 25.95712857502819 0 0
26.60620820916813 26.5244346791503 0 0
28.84265799019596 28.39431313378333 0 0
16
4.796864875387207 4.689347891139628 0 0
6.633439154353646 6.525076461008148 0 0
9.427035692714819 9.370069124943322 0 0
11.35885804852914 10.85109122159847 0 0
12.08591188287911 11.72800936411189 0 0
12.22070134104393 12.1823523974258 0 0
12.57007457659912 12.33148520097044 0 0
16.00008469711934 15.94417000743014 0 0
16.98136488879812 16.98082785283239 0 0
18.04341161041815 18.04317900465544 0 0
22.37887879846578 22.33395852172471 0 0
26.40068292833785 26.21399019163242 0 0
26.77769315443041 26.42430232911716 0 0
27.50207693644998 27.01525401207032 0 0
27.88607688597494 27.5510086318714 0 0
28.31166600219957 28.03849883057339 0 0
10
7.432281506313942 6.481341188892967 0 0
7.613903042855933 7.594297181730901 0 0
8.420270231733555 7.803460702102747 0 0
9.561824233367291 9.552190730913699 0 0
9.61555511778538 9.615042623312128 0 0
20.23060107738725 20.21334266994191 0 0
21.68109980191419 21.60574416720042 0 0
23.12607566778702 22.95623416744835 0 0
23.23255603682664 23.14603430296503 0 0
25.89243871066511 25.85607149764519 0 0
29
0.9803257018336574 0.9428221593200775 0 0
4.109932084940797 3.969542048427719 0 0
4.274406180062988 4.189637543640208 0 0
6.351559649684491 6.337076096692431 0 0
7.240040049437639 7.211152236113265 0 0
9.019786770826242 9.008425564480827 0 0
9.423049838766664 9.087318253273002 0 0
10.8874685520019 10.88544806892357 0 0
11.09825807990635 11.0368754670874 0 0
11.22164384904486 11.12964934333757 0 0
11.53467548652452 11.28132968273915 0 0
11.61147186172995 11.53478859571051 0 0
12.07602539600052 12.06351086831159 0 0
12.17599351594912 12.14483364872773 0 0
12.60577434319331 12.60303676482516 0 0
14.57935425261678 14.52538619867113 0 0
16.54872735309266 16.49134930482964 0 0
17.38524235783373 17.32460153088077 0 0
19.51871205994976 19.45379974735394 0 0
20.88004317282206 20.03923065849027 0 0
23.15515306968729 23.07052574993584 0 0
24.08391986072419 23.85258119302882 0 0
24.48319363618106 24.23270043865405 0 0
24.65715256628598 24.64393899665738 0 0
25.65229236928616 25.58321817151909 0 0
27.029765023001 27.00886589021455 0 0
29.18794046647962 28.78243862539207 0 0
29.60047527455497 29.46324153191963 0 0
30.03847113263918 29.83264292959345 0 0
14
6.156484474900271 6.124221305763625 0 0
7.923598973121904 7.846771388564516 0 0
11.311719604692 10.20733847589366 0 0
11.56893727364869 11.45417455354099 0 0
12.83390089445117 12.75387385803378 0 0
13.39531492556249 13.34897226015542 0 0
15.15022148187244 14.76196477904753 0 0
16.19420952246303 16.08838591348896 0 0
19.83019398962294 19.75507450497851 0 0
20.51060450757927 20.38960398920513 0 0
21.3310772894312 21.08736600930057 0 0
22.73229485738651 22.59729702914666 0 0
25.31306291734165 25.26526074034975 0 0
29.2853394809438 29.24810372803449 0 0
25
0.5361573518792291 0.5168966611542736 0 0
1.45118156176279 1.428844308701842 0 0
2.68452129447312 1.573511728954921 0 0
3.44819296978905 3.385990936165791 0 0
3.750831943077922 3.681381784675674 0 0
4.760125511572508 4.250270921125077 0 0
5.013077432984651 5.000086837563905 0 0
6.5838453604136 5.292070407556968 0 0
8.060035266858002 8.016870555017871 0 0
9.199715760913174 9.015087983746241 0 0
10.75734326274559 9.223617603948458 0 0
13.82982116538849 11.34147196326547 0 0
14.41934843161983 14.04222809345833 0 0
18.93371227185873 15.04178891877148 0 0
19.88454099053035 19.40875983206273 0 0
20.69989919498519 20.1989575148224 0 0
23.13070153466971 22.23036897643924 0 0
24.02080355904801 23.26268936625701 0 0
24.07190469540834 24.06366482091862 0 0
24.63471320136255 24.62604653971403 0 0
25.20238677090416 24.97763983733184 0 0
25.62062441440005 25.23906304369574 0 0
25.77548398381625 25.65835891923319 0 0
29.08757470380019 27.15360211882022 0 0
29.53441333394184 29.20622883310482 0 0
31
4.101685477960746 0.2934457179154393 0 0
4.644343515423583 4.63960377862686 0 0
4.987704804284657 4.717253832934899 0 0
5.499028920467071 5.42979436021167 0 0
6.255226719056963 5.618881082296786 0 0
7.150863723239358 6.528928776882304 0 0
7.413084316855286 7.287565735999257 0 0
7.420957231703703 7.413207148034019 0 0
8.055880435195935 7.991577228308484 0 0
8.255450723492347 8.248477436967287 0 0
10.67066599265256 8.975515502148028 0 0
11.82798838215961 11.73516121578113 0 0
13.38867227578327 13.37074630520439 0 0
14.188230775365 14.14690458416377 0 0
14.65647815657544 14.56202364845414 0 0
15.27674155543487 15.07637545186439 0 0
15.77333515167138 15.72386686486924 0 0
16.79061189017064 16.23132108178267 0 0
17.84766454663269 17.49875884035798 0 0
18.57978669859736 18.5443220700693 0 0
18.92042824135729 18.87364750832328 0 0
19.65488972995261 19.61824171097005 0 0
20.76568508999049 20.74886987095145 0 0
21.26370542596069 21.13100213243988 0 0
21.41649735511886 21.3409633362097 0 0
21.55919775848822 21.42710729486615 0 0
24.93572801599715 21.57177595649308 0 0
25.43471850795797 25.26178242164734 0 0
27.66240299788532 25.73524073202165 0 0
29.3153218182102 29.31136929613215 0 0
30.04592233544852 29.49482108036562 0 0
26
1.782726535759994 0.1196623402502203 0 0
2.407406952441246 2.041913195311977 0 0
2.769381393535503 2.409293556546628 0 0
4.893820518379298 3.020436945129576 0 0
5.61497581622965 5.113459007363852 0 0
5.670717980069169 5.634110904305595 0 0
8.088895251604537 6.273061960819563 0 0
9.717300284142501 9.648279193038469 0 0
10.07329377040752 9.740685566985739 0 0
10.30053262014756 10.17844235157825 0 0
12.76432989158928 12.1212583091511 0 0
16.18581751011582 13.2824826687163 0 0
18.35750962078958 17.09212921443375 0 0
18.76293353738669 18.58805575236629 0 0
19.77898429883482 19.35667618018962 0 0
20.08615684537723 19.97394622438075 0 0
20.26798907850397 20.09986984302504 0 0
21.10046420957634 20.38415041123913 0 0
24.23838686932274 23.32648828141032 0 0
24.75415178861907 24.43205242882897 0 0
26.4276069639657 24.90195559772381 0 0
27.03253715928055 26.88218480403506 0 0
27.5554943912499 27.48770731339507 0 0
28.01359390887959 27.80468069553671 0 0
29.0699727332858 29.06411433795759 0 0
29.87709785151494 29.14185330777601 0 0
23
0.5116333618100377 0.7068652533027152 0 0
3.618453613725545 4.153598004687209 0 0
5.418079891358545 5.581614521483949 0 0
6.13969068514535 7.069401424428118 0 0
7.156178233871461 7.996128680114654 0 0
10.49515255429772 10.91115794163646 0 0
11.71692204598517 12.12977014512286 0 0
12.14620221306331 12.77487398766849 0 0
13.98373590774041 14.15833867849977 0 0
14.8459034316432 15.3594168204506 0 0
15.69337343031808 16.36539948252608 0 0
16.39283695422739 16.44821520672483 0 0
17.48016485145219 17.50386483189187 0 0
17.87730886163107 17.89276984114172 0 0
18.25012820353223 18.70016527286276 0 0
19.29361792975588 19.77101303217719 0 0
19.97960229215233 20.6706777443904 0 0
20.9362719272519 20.93690785937238 0 0
22.44071786602926 22.54821497323932 0 0
23.19619955260313 23.82959974026554 0 0
23.83414201647395 24.19697455239321 0 0
29.23583864005808 29.57835490927317 0 0
29.772940675866 29.97801381733844 0 0
19
1.642365627331308 2.048602637212189 0 0
5.228420729648581 5.350169079510168 0 0
5.649039434389577 5.903646241885007 0 0
6.540674014225209 7.514827732572454 0 0
8.066581250267932 8.115787894755623 0 0
8.504642157630288 8.52846076007631 0 0
8.880805619529829 8.890571951142473 0 0
9.838071575141836 9.980630126643403 0 0
10.22860150839119 10.53634470870832 0 0
13.47103874045697 13.94941749335309 0 0
14.10723549030703 14.50251109077969 0 0
14.91556355386836 15.17121198683082 0 0
15.27169626325979 15.40113125572564 0 0
17.62070498603674 18.59097719982223 0 0
23.76614573782405 23.87665557864089 0 0
23.96656578784817 24.10388947299824 0 0
25.31623349054491 25.48526793751408 0 0
26.11961426257123 26.59401364164151 0 0
28.14303583192544 28.17712381096121 0 0
