# Status file for ctqmc. Used to save all times t_s, t_e.
10
28
1.132604521270098 1.124489982894661 0 0
1.948425633007564 1.867828908313322 0 0
2.849040745380714 2.667978081495956 0 0
3.301397759390039 2.865176169722738 0 0
4.026903718836921 3.31260018085396 0 0
5.109189130194446 4.08792533070032 0 0
5.271806321014434 5.242662486384929 0 0
6.369182133509571 6.362332656728522 0 0
7.716919543127181 7.648057303447772 0 0
9.447158131499311 8.633695906464293 0 0
9.665237747245854 9.610473959395735 0 0
10.58260379772793 10.55351347312448 0 0
11.57984661854623 11.53342530827932 0 0
12.60942357936196 12.56740343211358 0 0
15.80399331140694 15.69489658612078 0 0
17.29127363444548 17.27819372511351 0 0
18.53516083068579 18.48118991843651 0 0
19.17014838046287 19.06048372956647 0 0
21.12420113867791 20.73364509442875 0 0
22.39760841368806 22.0429295460315 0 0
23.99409768479259 23.95355207051247 0 0
25.17748689039066 25.17528582229241 0 0
25.98783905077358 25.85056666659256 0 0
26.30278596330372 26.20860077304802 0 0
26.38439422010051 26.37349058777374 0 0
27.76155806501077 27.68800720038633 0 0
28.13988053998944 28.12661624821362 0 0
29.2213143168305 29.14150140824248 0 0
28
1.015759247029604 0.4887040620423364 0 0
3.119982681504613 1.783445818347775 0 0
3.819024224723828 3.437445437774644 0 0
4.128690221110181 3.939300583501847 0 0
4.483264728299606 4.250007585123922 0 0
5.481231282640386 5.43063792797237 0 0
6.271855291738315 5.737220723548859 0 0
6.840283294886394 6.576891931920338 0 0
10.22329300318999 10.19059659469322 0 0
10.59038771605163 10.58915253762865 0 0
11.3426154809124 11.2378262060153 0 0
12.65145934197603 12.33281492562273 0 0
14.56543296396091 14.52693881409277 0 0
15.07794891144337 15.07171821649094 0 0
15.22244066523333 15.20889951478146 0 0
15.24974443872815 15.23975270200921 0 0
16.70263763053273 16.6087499734413 0 0
17.25281936933081 17.04195359101069 0 0
17.69767909996699 17.68270766005081 0 0
17.91667576918357 17.85586206868748 0 0
18.40694724788113 18.36161000356994 0 0
21.32175371382612 20.00117692606378 0 0
21.9473632982929 21.93139052074005 0 0
24.19497647570411 24.15874900696256 0 0
24.94533260779025 24.69038355874565 0 0
25.90587468370467 25.89163220566936 0 0
26.50682881537839 26.18835076086316 0 0
29.86973331387348 29.84059154807711 0 0
8
2.725507885936663 2.214848457621354 0 0
8.488944260932865 8.342898929610158 0 0
8.557923033650173 8.522575599761979 0 0
11.07874247398526 10.55155919960982 0 0
14.74358307774295 14.4925595080981 0 0
16.24296075088084 16.1696976890315 0 0
22.25582343402211 21.64687360245129 0 0
29.37196518103983 29.30350848230249 0 0
21
0.8060248267006465 0.6326492826116059 0 0
2.479857848002375 1.469202745508443 0 0
3.386594572417737 3.350052352415759 0 0
4.132792428402276 4.103272280783171 0 0
4.889665844436793 4.314294247853536 0 0
5.287435251870921 4.990943560668905 0 0
5.726970401824818 5.54186366767321 0 0
6.044679446590339 5.973608827463202 0 0
6.312916557598724 6.252144855271329 0 0
11.68666210527395 11.5683531999763 0 0
12.17130626382514 12.01452880689913 0 0
19.41110460616528 19.38591393154755 0 0
19.85372865085891 19.84524939411705 0 0
21.32139320554747 21.27478329763952 0 0
23.1980159979456 23.02835517199356 0 0
24.84153370781333 24.56257935012476 0 0
25.55278957586548 24.908343570624 0 0
27.03161820691788 26.7419599547375 0 0
27.28187749965715 27.18703644497839 0 0
29.66363481371301 29.53565352393595 0 0
29.88746297359833 29.78215366998833 0 0
10
1.293691327880261 1.148308979547824 0 0
3.55846855029848 3.419597223558207 0 0
6.04541681932714 5.6254478754664 0 0
12.49529875158678 12.26580176465141 0 0
13.5235448347973 13.46970175709109 0 0
15.55880482376116 15.4820741430606 0 0
19.94346779028096 19.72683985460372 0 0
20.17592532317628 20.09026186724752 0 0
21.05289055073812 20.91417082891356 0 0
23.05173524632887 21.34805135496764 0 0
42
0.3747356029527324 0.8381774046900968 0 0
0.9343206866248931 1.002335150108198 0 0
2.880701240120212 5.882342035280949 0 0
5.993514139542797 6.364667919989703 0 0
6.383156067516785 6.88916223590702 0 0
7.034194013469048 8.016940544297505 0 0
8.061467398928599 8.577109542585619 0 0
9.183596534196475 9.9057740949692 0 0
10.01361200758668 10.1254707068983 0 0
10.37131450347728 11.22329756239337 0 0
11.24725323537443 11.31785971795975 0 0
11.78072634943337 12.05443626907052 0 0
12.11511810608386 12.1453748241969 0 0
12.34273564035009 12.94315103403206 0 0
13.23343389472276 13.79444867180718 0 0
13.81110689227303 13.98519872526727 0 0
14.02174277500031 14.05592495050201 0 0
14.12611544291831 14.34158349355545 0 0
14.3633965219176 14.86723197036379 0 0
14.90822157569254 15.1010389207919 0 0
15.12259864066528 15.74080882236266 0 0
16.0095270505817 16.16000816645358 0 0
16.37622773165937 17.19408560612103 0 0
17.2054325628582 17.23788710972879 0 0
18.47329378693982 18.63932011810918 0 0
18.69959832597175 19.39270604365416 0 0
19.39291100907941 19.66452195648947 0 0
20.44515268281303 20.73160460957414 0 0
20.85677558926712 21.45079600481614 0 0
21.60596778185414 22.10307163472246 0 0
22.2021151143312 22.90228376896036 0 0
22.98172281605634 23.13057957504677 0 0
23.15264794940926 23.16745412066878 0 0
23.49130808683337 24.04272576466865 0 0
24.59190572932922 24.71623021784095 0 0
24.97735128331876 25.08847599211716 0 0
25.10098014432494 25.19427578182489 0 0
25.4939149842682 26.0316498175367 0 0
28.54020644583548 28.82785462714198 0 0
28.9492319290806 29.42194381608159 0 0
29.42806662520068 29.6390323652548 0 0
29.71731186594524 29.75497055247425 0 0
24
0.4037614556847534 0.6771769101752448 0 0
1.155960325049298 1.522260368642694 0 0
1.62517729214865 2.121639935076596 0 0
2.21266911895733 3.45614269630796 0 0
4.089301742000835 5.12627945770543 0 0
5.143134037186106 5.16197142796067 0 0
5.315815579615673 6.024447482982628 0 0
6.571991593075673 7.071017161710164 0 0
8.844655305473825 9.18493797085797 0 0
9.506063479972203 9.565122518274903 0 0
9.610970601317566 9.853831652842079 0 0
9.906238378883504 10.28973668107663 0 0
11.44747441114761 11.97691451896248 0 0
11.98534165615309 12.57906723745056 0 0
15.39885281161 15.67252737568147 0 0
19.07655379717059 19.20801205758967 0 0
19.23233231208555 19.47832834801183 0 0
19.86170793549477 21.8742805612515 0 0
24.05093529547121 24.07541692924192 0 0
24.1831135294673 24.87032650715298 0 0
25.61735662395214 26.26399852036872 0 0
26.6559906595517 27.2896562494311 0 0
28.72179019851909 29.41665055755875 0 0
29.48495672741342 29.71240036041094 0 0
16
2.148231392324276 2.985554348504218 0 0
3.245758088695085 4.693353701542065 0 0
5.388427255331344 5.433536766237777 0 0
7.659861949791271 7.873071937745987 0 0
8.319419047627516 8.504482251467035 0 0
8.621279894167142 8.733643266576724 0 0
10.47263939143648 11.41151418774245 0 0
12.70821174255787 13.21961352826712 0 0
13.37648167023585 13.50864289464127 0 0
20.58947887328291 21.27643420677233 0 0
21.51650123914078 23.46597967131772 0 0
23.80681114392083 23.90680693819487 0 0
24.86065901216594 24.86781460059555 0 0
24.9198088172835 25.56202177651379 0 0
26.20057737027434 26.70400908584953 0 0
29.15687781045446 29.43302107392688 0 0
28
0.7606059298335701 0.07624258059325228 0 0
1.915158823691128 1.796125808999339 0 0
2.121211871799783 2.066265329029579 0 0
2.916968550543102 2.904974778501782 0 0
4.063332780471377 3.280505680122356 0 0
4.767218707773264 4.077197283608998 0 0
5.173281516626036 5.076708694232029 0 0
5.948521956578265 5.260042318024664 0 0
6.582817624475013 6.417963376426056 0 0
6.808072837736834 6.636143508444906 0 0
6.850017629612883 6.833597312819017 0 0
7.203688774176072 6.901963401585964 0 0
9.32215207265971 7.317028597037445 0 0
9.865513810544561 9.387379046027052 0 0
10.87339729619866 10.85055806459336 0 0
11.27463099840997 11.08249381628522 0 0
12.07298079705533 11.69867018553564 0 0
14.85254954368289 12.21032423098864 0 0
16.31835106575349 16.29472493142419 0 0
20.66273973193588 16.7858017756521 0 0
24.4191462327171 21.07872962098811 0 0
25.27495326509053 25.27060013134055 0 0
25.74698506654109 25.66165572080567 0 0
27.47464694330307 27.42077312246273 0 0
28.92092139172043 28.62551047312889 0 0
29.12744718552853 29.07124368264021 0 0
29.80497866543925 29.21873375118878 0 0
29.94517037322329 29.93528227823752 0 0
24
0.40514732503377 1.248456660724579 0 0
2.121374877404736 4.097634017348586 0 0
4.246435602874431 4.5130027831427 0 0
5.69802573891725 5.995632605135766 0 0
6.079684063422757 6.300243202240001 0 0
6.700061731239613 6.831217965166794 0 0
6.991903658344231 7.069121706394744 0 0
8.365059518765301 8.709116271232039 0 0
12.20298537952034 12.89608405818447 0 0
13.90933850717329 14.0767148981512 0 0
14.6456052649744 14.64903014704524 0 0
15.80480597801056 16.22404151923934 0 0
17.1702488702319 18.01286494772207 0 0
18.01900803101533 18.85482528546556 0 0
19.07472424631638 19.28184565563713 0 0
19.45099622322676 19.71986497870309 0 0
19.74737495345616 20.40017450816645 0 0
20.97652193735935 20.99581809937686 0 0
21.20844488117793 22.61019068700643 0 0
23.96256042044359 24.12725851084657 0 0
25.0949205089019 25.48721432110694 0 0
26.79727437628104 26.85494374964383 0 0
27.64967761760736 28.33244903983353 0 0
29.49371413407708 29.89165866831133 0 0
