# Status file for ctqmc. Used to save all times t_s, t_e.
10
28
0.9310720234128844 1.358863236964854 0 0
1.643262343193935 1.915177177126669 0 0
2.548680970359833 3.511555854525164 0 0
3.575845869703365 5.279529057681525 0 0
5.338422664513727 7.828123793118288 0 0
7.834510414440625 8.461940797990289 0 0
8.585451303190395 8.799517510008792 0 0
8.883993479264156 8.962269182722348 0 0
9.106923752913522 9.71482465123233 0 0
9.902458868423409 13.0365897444623 0 0
13.08558359966209 13.78007183814468 0 0
13.79572067717118 14.2225160730855 0 0
14.97070398357839 15.31887006179821 0 0
15.41394725107853 16.19182320139082 0 0
16.29162448229824 17.33054687941996 0 0
17.36019112799081 17.57816304388077 0 0
18.28002200145378 18.37728229334306 0 0
18.52111896062568 19.10688523253181 0 0
19.20300447845208 19.70661824588929 0 0
20.51970483162215 21.60491597218055 0 0
21.64339991218494 21.78886339634434 0 0
21.88168034882193 24.86517393316904 0 0
24.96421647226233 25.27463090839269 0 0
25.29781969230653 26.25247323568568 0 0
26.27271419432157 26.31471493769773 0 0
26.34853122657312 26.426652124247 0 0
26.57301759218076 28.19300988953981 0 0
28.74780890656696 28.74886082609776 0 0
24
2.520712481878915 2.236482608201421 0 0
3.515617608944785 3.512796559925605 0 0
4.676895184688819 4.649544099320549 0 0
6.190835120404105 5.969717120404089 0 0
7.670409330601846 7.65677890043787 0 0
7.955490779169049 7.833711482790534 0 0
10.62538228818828 10.50349103895955 0 0
11.16182852938928 11.06241909862594 0 0
13.03993878155405 11.71845287693816 0 0
14.32845961328773 14.23637530190142 0 0
14.48339986178711 14.3759119734294 0 0
14.85122726354104 14.76471251888736 0 0
15.76254328174676 15.12321492984542 0 0
15.86128485646988 15.85996257650864 0 0
15.94508825146568 15.92296114791508 0 0
16.16639886790139 16.14902315674042 0 0
16.73557058351831 16.47453755992757 0 0
17.28561475225911 17.2630687273396 0 0
18.48726547046732 18.07921955695512 0 0
19.3744390671163 19.37085300999448 0 0
21.40338136487195 21.32854714977529 0 0
21.79899243404947 21.40604927152147 0 0
25.56229668913677 25.50032332864729 0 0
26.7604319633056 26.70565617875532 0 0
6
2.948579719622928 2.723221834780706 0 0
5.392436503211906 4.93814772287112 0 0
9.163341381381681 9.110904877926481 0 0
9.715342326727084 9.434190232904475 0 0
18.05788669438767 17.71321831997987 0 0
19.71372804340774 19.4713584531209 0 0
26
0.5884011577127395 0.4573275586501495 0 0
1.6493152732935 1.635029011635263 0 0
2.57693757240796 2.404935600680882 0 0
3.629783212420925 3.521921888366327 0 0
5.308706186649215 5.186579419768901 0 0
6.930659176961226 5.421804899496995 0 0
7.422001215913513 7.388436977519605 0 0
9.011651751949874 8.658951866775466 0 0
9.510235797949502 9.477805236835163 0 0
11.4646430871631 11.38961292809722 0 0
12.06596904555498 11.66315762925692 0 0
14.5533986106571 13.47318266431964 0 0
15.94297243159908 15.87319756519354 0 0
18.06159484120807 17.38674733879299 0 0
18.92305481983226 18.84653200447375 0 0
19.83914225243508 19.55512475150385 0 0
21.38147628469214 19.95804579340612 0 0
21.80877282973702 21.67132293642136 0 0
22.56711760871527 22.24147122373385 0 0
23.85517529954893 23.73248555058243 0 0
27.34428578004496 27.34335478778377 0 0
28.23848972029088 28.23127541434858 0 0
28.69933244168139 28.67661020567943 0 0
29.29130973660353 29.23501290440549 0 0
29.39735325041023 29.30900280601063 0 0
29.8379588430843 29.67759649657694 0 0
18
0.2901936923978887 1.624459554516661 0 0
2.911812335403594 4.376363691160755 0 0
4.444741657361521 4.517201583247091 0 0
4.658644025151133 4.683455789477151 0 0
4.863689150396008 6.233717736221783 0 0
6.535032821712931 7.506469735413686 0 0
7.684855702320299 15.82696799613333 0 0
16.44041174377296 18.55522557810023 0 0
18.62263071810479 21.60330578036805 0 0
21.6251465228564 22.95851986067638 0 0
22.96964138205979 24.99852239966582 0 0
25.37091644695786 25.55573628085031 0 0
26.138626675188 26.14874170413467 0 0
26.20546983798316 26.22508876839474 0 0
27.99208331048548 29.06012455328206 0 0
29.24341854424098 29.34484776309996 0 0
29.39005761344333 29.53855285424496 0 0
29.54265100295875 29.8243227889811 0 0
31
0.6955904804326128 0.638965947256053 0 0
1.575735719294794 1.096606281050978 0 0
4.117747077197297 2.550017173618456 0 0
4.31347862603644 4.295851089814547 0 0
4.569235676715473 4.43955306047852 0 0
5.72692174501597 4.871394633782344 0 0
5.752269568352954 5.732620189993163 0 0
5.932660575848652 5.890189186913709 0 0
6.130104199515169 6.068327186590079 0 0
7.455710834253527 7.316290127084172 0 0
8.001936660096485 7.869849014582082 0 0
8.789703348066201 8.545781760753048 0 0
11.77577371663659 9.219750731825457 0 0
13.63205492768265 12.04727287259665 0 0
14.18473264344721 13.77280089345662 0 0
14.59795153543222 14.54071346539607 0 0
15.8794536272575 15.83339343323116 0 0
16.43514850197678 16.13929484218299 0 0
16.58840569179273 16.57924599553386 0 0
17.66184940035207 17.03469282654611 0 0
19.59218251518646 18.37923208780722 0 0
19.95250016634031 19.95035144405791 0 0
20.380145128144 20.37703997744248 0 0
21.18459835778286 20.87867811514421 0 0
21.91969278469331 21.79089467960149 0 0
23.43407431406442 22.69636754455184 0 0
24.88328728272195 24.33985037983023 0 0
25.26164023579009 25.24692321156251 0 0
26.15434848881077 25.9003706324569 0 0
26.75316216198302 26.62622206935364 0 0
28.11358275178587 27.31566825648319 0 0
33
1.241995555738665 0.5770599820927522 0 0
1.846315715144335 1.466078731215912 0 0
3.295937929696159 2.826706219886794 0 0
4.186275330231705 3.9917705759055 0 0
5.078995527709218 4.392929293633331 0 0
6.87424668964788 6.733017060414857 0 0
6.940071361303226 6.916775823931411 0 0
7.214955356765567 6.98065104474456 0 0
8.020994551373155 7.762638613168472 0 0
9.790643131867977 9.613101558505944 0 0
10.97768900740206 10.71098385679411 0 0
11.59677981156648 11.51131334989874 0 0
11.85037004898301 11.83208472655944 0 0
13.41791842585306 13.3821171528593 0 0
13.9190588920763 13.90742514993103 0 0
15.31795047341335 15.2083225587188 0 0
15.50160226353972 15.48443587180653 0 0
15.54995148159051 15.51759943713373 0 0
16.66023563127426 16.55595700505191 0 0
16.97558967656112 16.85561087780033 0 0
17.46365201698777 17.05534396453178 0 0
19.03556389219758 18.98676947882749 0 0
19.50287441537118 19.41727779899509 0 0
20.87468719435409 19.67536494035055 0 0
21.21022542443911 20.88707954943668 0 0
21.67450267596472 21.64038637396274 0 0
24.92268542777017 22.50421265149954 0 0
25.68637971878196 25.04158694112492 0 0
26.66124013490809 26.63605360011157 0 0
27.77203919353136 27.25658726149028 0 0
28.21799166346942 27.86840273807005 0 0
28.99901273429009 28.89135206172674 0 0
29.6878952205395 29.63785450940135 0 0
23
0.6577476595844818 0.7804055201124562 0 0
1.451647298076093 1.605429425673545 0 0
4.837808585232835 5.146975568510093 0 0
6.208022031700383 7.016094752292907 0 0
7.0664385733261 7.121887133380635 0 0
7.230495062800227 7.282944747047226 0 0
7.797162037885906 7.915454319910936 0 0
9.050274431219226 9.073344830671818 0 0
9.093009851360868 9.15568738695098 0 0
9.24066368701075 9.271967521335965 0 0
11.16383470990831 11.27937259149002 0 0
12.30877235669043 12.90675062418167 0 0
13.16118738866433 13.23953961722709 0 0
13.54620746194596 13.56590024445362 0 0
13.60597985795616 14.07943919396489 0 0
14.54918232378992 16.43586894954289 0 0
16.52148310379105 16.81733551098731 0 0
20.63087318868298 21.14563890609363 0 0
25.05433555946448 25.51814351889994 0 0
25.54688990758578 25.6592528401443 0 0
28.21545645953285 28.29405079471873 0 0
29.02728951809396 29.0366206458512 0 0
29.80270653452527 29.89071544953188 0 0
30
1.491849156302311 1.353397643304591 0 0
2.374206263982241 1.680174657529729 0 0
2.708416745570014 2.672295836288263 0 0
3.920805936812959 3.68114520450569 0 0
5.145861075334981 4.941580672531304 0 0
5.506080263003578 5.505052194906342 0 0
6.006715120723745 5.572015407543959 0 0
6.614995630616675 6.482753984624923 0 0
7.983839315018187 6.722525578523551 0 0
8.788724029056553 8.116383377481094 0 0
9.439415317016083 9.427028787072269 0 0
9.456763052666531 9.455729647134637 0 0
9.753659921363086 9.55586552884545 0 0
10.36327088583711 10.35939306076437 0 0
11.36371449575224 11.17105291533869 0 0
11.59075606258458 11.47669221136023 0 0
13.43490703923689 11.84972110590391 0 0
14.39491663956993 14.3428692927059 0 0
16.71006303702209 14.54335672227842 0 0
17.23628587442349 16.95201996908822 0 0
17.88789930556155 17.82926291856982 0 0
19.53446507998268 18.2586411916458 0 0
19.883386842891 19.87265134020212 0 0
21.12422308292334 20.4330236648177 0 0
23.56473184469109 21.4653867354505 0 0
24.04168924128636 23.78941406551035 0 0
24.35201868505407 24.2848131974768 0 0
26.31400261020842 25.06474643514891 0 0
29.02086479071395 28.98078216057686 0 0
29.99338459792301 29.96182447121456 0 0
18
1.007378129063788 1.61454233723728 0 0
1.816648346322722 2.714003595282612 0 0
4.013313066248362 4.049170050547119 0 0
4.066037915456802 4.168453658717926 0 0
4.807833026194382 5.468741699467925 0 0
8.742301698959158 8.749470578797187 0 0
9.889331995243287 10.14367011320015 0 0
10.80518643950095 10.88598934991119 0 0
11.38170018558458 11.89416656333334 0 0
11.90678092021428 12.19980128219845 0 0
12.34217157939322 12.50247397002688 0 0
13.20200187520176 13.29014947561634 0 0
15.64673092666441 15.69756573881884 0 0
16.10595456439383 16.41136833398062 0 0
17.18501835204462 21.29256961670183 0 0
23.04932753251034 23.17353837477117 0 0
23.2384133690445 23.28324446269845 0 0
27.31396710738332 28.10482534933831 0 0
