# Status file for ctqmc. Used to save all times t_s, t_e.
10
30
2.294830889099775 2.278391060534769 0 0
2.544505735471394 2.539501679747031 0 0
4.667678165095653 4.659552090673711 0 0
6.602772258749784 6.56632830791844 0 0
7.027735681811135 6.744009320033278 0 0
8.727637144895175 8.054775453206972 0 0
8.822715582493093 8.813541416383773 0 0
9.26403235532073 9.235447907618227 0 0
9.360863824227426 9.320941322375127 0 0
9.781008676895768 9.752126697202851 0 0
10.56794216485214 10.36278994882892 0 0
11.27057867740708 11.26701356727879 0 0
11.734633036855 11.35128744319653 0 0
12.94942513870153 11.98378508743353 0 0
16.46939484435935 16.38192951859718 0 0
16.64244820781328 16.51833278283111 0 0
18.20121592382561 17.68020683650922 0 0
18.66982516724261 18.2686212254783 0 0
18.92483678996223 18.68413155728074 0 0
19.43233281417848 19.42280678904589 0 0
19.75246721845903 19.69773644863326 0 0
22.9774654210096 22.21685457289448 0 0
23.45841650817789 23.26401538234475 0 0
23.77751661649056 23.5023053183911 0 0
27.23115606535043 27.08197241507023 0 0
27.56177660762813 27.49174611454863 0 0
27.71634569491987 27.58609689382742 0 0
27.93201710902759 27.897090211962 0 0
28.06119137333808 28.03035205813154 0 0
29.40791087342406 29.3794235547116 0 0
24
1.582823966697577 1.526864835135926 0 0
6.026132712528985 5.954784098710127 0 0
6.982712239381177 6.98213600030252 0 0
10.83372442808252 10.79088899714121 0 0
10.98831836272311 10.91887153285292 0 0
13.19481690489198 13.06740235400317 0 0
14.06410087344591 14.00623792210194 0 0
15.08859217585204 15.02644156405715 0 0
15.26727384629559 15.20202412215549 0 0
15.58739454107421 15.57908141821368 0 0
16.26605185044311 15.95969764685133 0 0
16.74566903351168 16.70235159045093 0 0
18.5306292469106 17.58369379438993 0 0
19.1790303597468 18.82705973208734 0 0
19.42243328120346 19.41977106077539 0 0
21.2014805354845 21.14104681082624 0 0
21.27309475155661 21.22129768397707 0 0
21.47064501051234 21.42590912099808 0 0
22.93142908634982 22.89302914336183 0 0
24.51876931169999 24.46069589050488 0 0
26.42188164220648 26.32871055723051 0 0
27.63056513238537 27.62965288962243 0 0
28.68370115835896 28.67196850505775 0 0
29.73270295166859 29.56436612845317 0 0
12
3.757147910623518 3.700065487717029 0 0
4.734561298518365 4.455844675445046 0 0
7.168079250566148 7.090905908418867 0 0
14.34378723264442 14.21072037078835 0 0
18.45147567621304 18.41607049730263 0 0
19.18835890187482 19.17246907685028 0 0
19.32618453410041 19.31216954257544 0 0
20.81313441241289 20.06078151141224 0 0
20.87962187259838 20.81313577992789 0 0
23.02027695393897 22.8988702720405 0 0
23.92500983570211 23.58479265603294 0 0
26.798072883822 26.04405036705867 0 0
24
1.827815456974827 1.806506776821723 0 0
2.277287863954395 2.253208399363497 0 0
3.248789444168281 3.161425687515064 0 0
3.281728665359625 3.252986043431035 0 0
3.565511087256786 3.561940209381302 0 0
5.161769130492824 5.146423381771899 0 0
6.260217825560489 6.189858116661111 0 0
7.268165990223005 7.211941262067519 0 0
9.160018443231682 9.048680951398214 0 0
12.72560034835798 12.6838343613944 0 0
14.17051216670342 13.96315072044731 0 0
16.4512043322405 16.43737307441802 0 0
19.48997052943005 19.45994762076672 0 0
19.72934143764672 19.54394508260493 0 0
20.26426456454343 20.22254851800779 0 0
20.66015218101495 20.61512828832401 0 0
21.23994857104477 21.02704404266348 0 0
23.06800923387669 23.02216398201776 0 0
23.58623811452544 23.54403759468488 0 0
24.38215864010726 24.13218935746837 0 0
27.37779319560744 27.31942843193234 0 0
28.46664181490112 28.40562445827114 0 0
29.20753673015184 28.94892335443274 0 0
29.8693331870449 29.85849442320564 0 0
14
2.349889784167022 2.117973946790547 0 0
3.44373654595056 3.414200799639833 0 0
15.47186641882413 15.26604292797088 0 0
16.02465599798681 15.78767965806026 0 0
17.87611448704979 17.83144862451455 0 0
18.01133205394974 17.99539879241743 0 0
19.56532309808399 18.4445630036022 0 0
20.78382146104063 20.47839375031547 0 0
22.91001240430901 22.69184841468328 0 0
23.39013173184756 23.05962673509497 0 0
23.89829144082786 23.51769064054263 0 0
25.50815241792872 25.48974267481336 0 0
28.54149031937375 28.53131502419329 0 0
29.75087025571495 29.65984350594463 0 0
34
0.1759218974817962 0.9342111711590952 0 0
1.643677536441495 2.300154019986101 0 0
2.68896916186158 2.722386292575793 0 0
3.679433690991375 3.914629327031927 0 0
5.744003365356147 6.008275054337098 0 0
6.186502794060975 8.028770117805117 0 0
8.224760559797033 9.342965760051163 0 0
9.915535911489844 10.209052452892 0 0
10.54177668810334 10.54423528409057 0 0
10.76122313904618 12.00156929477125 0 0
12.25616027636758 12.75677198218296 0 0
13.50255420999804 13.65635651268361 0 0
13.66679848002336 13.75587296032171 0 0
13.82651882286202 14.1226904613028 0 0
14.98911338217341 15.19226107437407 0 0
15.40250058704408 15.78775907528553 0 0
16.37820037585584 16.55861742504763 0 0
16.90094049821489 16.93422664507464 0 0
17.47527890916874 17.77300034964824 0 0
17.79353532348868 18.63580906289194 0 0
18.6433454199572 18.64870867479346 0 0
18.71210246534578 19.1499152244701 0 0
20.02345525516127 20.14980870158744 0 0
20.27534947482997 20.57546683347259 0 0
20.69596420537043 20.83624416164355 0 0
21.03987564458863 21.2337776745926 0 0
22.353866289068 22.78421501473172 0 0
22.80187442154887 22.83608393521073 0 0
23.50490097935662 23.68413524517046 0 0
23.78591303031972 24.23042048580927 0 0
26.53753627607026 26.81866961807215 0 0
27.43622667870722 27.62339726242147 0 0
28.56128841817335 29.5665391985399 0 0
29.64484620691345 30.01647760227085 0 0
36
0.9682279881298221 1.194196674392526 0 0
1.33081167625725 2.110265629828663 0 0
2.113046439420899 2.302690241307209 0 0
2.304020983252242 2.529618309146669 0 0
2.564246082543401 2.756813608856311 0 0
4.313275272453886 4.700712336663347 0 0
4.795696893576686 4.823376456557717 0 0
4.863072984610138 4.864097599892462 0 0
5.084551321110424 5.474103870766414 0 0
5.500420393214191 6.158069112845789 0 0
7.582368920907967 7.584280453638919 0 0
10.62198232589015 10.64510322558326 0 0
11.53543225670126 11.56800672608228 0 0
11.71395979685116 12.66525885158967 0 0
12.68380615013518 13.41973322853376 0 0
13.43419248362977 13.53320465363794 0 0
14.17475850358649 14.44327215756259 0 0
16.36372722712263 16.42198482643779 0 0
16.55248756180574 19.1244661010726 0 0
19.58245875404824 19.65109974930112 0 0
19.71149573830582 20.45817577758044 0 0
20.49252298396068 20.75878752146082 0 0
20.8025124765619 20.91951841017689 0 0
21.3443214423373 21.81997713356532 0 0
21.98287103260164 22.00292160196922 0 0
22.08155081989159 22.23061999347964 0 0
22.258322701999 22.47171985025521 0 0
23.2247735401378 23.23092352843818 0 0
23.82842934779947 23.82996136192978 0 0
24.38413105044607 24.79552501107364 0 0
24.80146957348853 24.9591179786635 0 0
25.26648846742912 25.92317649342017 0 0
25.93533846692167 26.21093959350512 0 0
26.60572787987413 26.63463486932539 0 0
28.60889967603592 29.38141474616757 0 0
29.58369309330033 30.01115380917943 0 0
21
0.4641915351326148 0.5086577926643652 0 0
3.629147932595762 4.828160864253968 0 0
4.988831114347311 5.183606672292307 0 0
5.859303193241129 6.460535565340032 0 0
6.718946353696646 7.143528450574471 0 0
7.99521514206816 9.811549647985077 0 0
15.77399398736108 15.84789386288135 0 0
15.86364065712931 16.15529652310888 0 0
16.48748531118728 16.94446341910187 0 0
16.96841054741701 17.0332031128045 0 0
18.36273388809659 18.43313439046173 0 0
18.61176605188927 18.66027110986769 0 0
20.36692900785935 20.56054233225144 0 0
20.56213322335584 20.93637970639115 0 0
22.44995160653104 24.28048997483456 0 0
25.26145777286057 25.3151887266013 0 0
25.42670343732227 25.65891525045115 0 0
26.27119688487965 26.33840906996608 0 0
27.02137212763073 27.64534639550974 0 0
27.94784983268426 28.62298612294731 0 0
29.02946268754612 29.04271142699059 0 0
24
0.2187855022138763 0.7191142996705454 0 0
2.838535539206691 3.860313865617734 0 0
4.546143292595796 4.605816841616606 0 0
6.29502597301807 6.297798016891692 0 0
7.834285218044618 7.979422594730422 0 0
8.064013885304927 8.188438869671273 0 0
9.172909536978128 10.35137000277836 0 0
10.36898874541355 10.80265326638274 0 0
11.13809081096749 11.25626942595106 0 0
11.59624225907294 11.7142363639376 0 0
12.26539449062314 12.72027177449838 0 0
14.02053273501699 14.45328055223036 0 0
14.52620008896671 15.66911989691578 0 0
15.76463518108165 16.43426927731093 0 0
16.87407480661388 17.09104755609035 0 0
17.10837227748801 18.19434960700294 0 0
18.54638799785036 18.7802726263856 0 0
19.21923504155664 20.83621870015332 0 0
21.16086648065065 21.43277238675914 0 0
22.85453201771205 23.91231842592487 0 0
24.20369393297275 24.79213816302902 0 0
26.01348672539759 26.33894975261891 0 0
26.39394390186298 27.17610846049639 0 0
29.2401391000566 29.74701952205075 0 0
20
1.790249080333311 1.858408949035134 0 0
2.947358820707091 3.061019341602899 0 0
4.652897709857182 4.913056216601781 0 0
7.797234269570733 8.139376542383467 0 0
12.81565253836096 12.93484518804382 0 0
13.02829754481694 13.05825602129176 0 0
15.00578432519653 15.35071069622473 0 0
15.68312790098414 16.16937368339649 0 0
17.93532304867761 18.16063398529491 0 0
18.24132824176892 18.29899347841132 0 0
18.34303160218208 19.05904792660649 0 0
19.98021421798875 20.05147748773458 0 0
20.61967263293439 20.69877056477631 0 0
22.3315213577057 22.34169241827857 0 0
22.73977253679204 23.80452843102737 0 0
24.66540060455201 24.68743474623331 0 0
25.14108172742622 25.15987814365852 0 0
27.00391890937253 27.09882720249253 0 0
27.11541383005184 28.2035739955166 0 0
29.40008875259752 29.41330083897842 0 0
