# Status file for ctqmc. Used to save all times t_s, t_e.
10
39
2.046854844195191 1.974982582646694 0 0
3.23987816103995 2.137809089692817 0 0
3.611410836172523 3.3892327132381 0 0
4.189821253209482 4.002928281191549 0 0
4.787674892143817 4.238397083844317 0 0
5.48407256970813 5.438998412753517 0 0
5.639851438457074 5.618526035862677 0 0
6.881541602663129 6.751650350093428 0 0
7.229333423755327 7.229128429421993 0 0
7.98399265449607 7.931689452776185 0 0
9.482782864870135 7.984596365883695 0 0
9.611688920287436 9.53436711520947 0 0
10.76290397790052 10.74508756749215 0 0
12.03115059401722 11.9745026422738 0 0
12.82566307514714 12.65992913198177 0 0
13.22925725733665 13.1370918320902 0 0
13.95798187024407 13.86521648156122 0 0
15.89933283130908 15.7111280484298 0 0
17.52851606590186 17.52835773508861 0 0
18.31226993521544 18.29266106056762 0 0
19.45081931635545 19.2178370530935 0 0
20.19028127689078 20.17004971997933 0 0
20.71247087464178 20.51813401484274 0 0
20.85505523661476 20.84209673889849 0 0
21.50636378500232 21.47252976275352 0 0
22.47256547257581 22.46432535517013 0 0
22.70036642371263 22.68662462553078 0 0
23.13438323848811 23.10041610092777 0 0
25.02119184108386 25.00747543176043 0 0
25.62555460446546 25.25844850492914 0 0
26.09751049689896 26.08902267358721 0 0
26.33845261012911 26.24585616828277 0 0
27.80784203472623 27.47736530303621 0 0
27.91606673924107 27.81227499757804 0 0
28.49501039449567 28.46376180758187 0 0
28.65449817343249 28.56928485799316 0 0
29.17974777397754 29.10985208655132 0 0
29.62155257121861 29.30295800043777 0 0
30.01121340984871 29.95586195761468 0 0
23
1.031522610837266 0.219983479530531 0 0
1.552532599060657 1.549317883111151 0 0
2.828253533154316 2.758491586444926 0 0
3.531028273380607 3.501350570328973 0 0
5.352324034475529 4.744157803233584 0 0
6.00736833670314 5.971451851045821 0 0
6.93636953962633 6.796471368322308 0 0
9.801742663804479 9.721751600993331 0 0
10.74519621582392 10.70750522671759 0 0
11.82470978595305 11.81652646926459 0 0
12.91337738112312 12.90373831114389 0 0
13.21177791214279 13.13669051712042 0 0
14.23979800808025 13.99366717083583 0 0
17.17758785951066 17.12448276665436 0 0
17.56015830939339 17.25248366822992 0 0
18.46806381317227 18.42975618921174 0 0
21.04956278440369 20.96740660480077 0 0
22.23272603005105 21.77488208990495 0 0
22.3584095931272 22.32023894651657 0 0
23.25830278441823 23.18450711385399 0 0
25.68118784116784 25.60078991820776 0 0
26.89745186690444 26.85583023038019 0 0
27.25687115750725 27.19261008316255 0 0
7
0.04272431321427065 4.654391929111979 0 0
4.887818075493273 9.89944043129276 0 0
9.935507179832779 10.48496640136539 0 0
10.51041812818053 12.79658703609258 0 0
13.05211262399498 13.70048559621265 0 0
13.80928684867192 26.19836360979826 0 0
26.22319000783855 30.04641732881104 0 0
28
0.9060313273514353 0.6982510995291591 0 0
4.539560823795433 4.53481880594155 0 0
4.70753712554086 4.639905406172297 0 0
4.735820421530134 4.732167287862112 0 0
6.011641281344507 5.936375650231129 0 0
8.388469923359308 8.352660891168519 0 0
8.972403357421561 8.73777742884157 0 0
10.23781401323712 10.16825876962059 0 0
11.28900335480449 11.00739697245965 0 0
11.99321847065339 11.94437509259877 0 0
12.77721454890259 12.71637268807275 0 0
13.96703612763675 13.84613476115457 0 0
14.76084053750567 14.6084915570233 0 0
15.94287494411531 15.93590397484249 0 0
17.26819790774498 17.25302205087707 0 0
17.86682333559432 17.72538667887574 0 0
19.29670341000949 19.10577423982215 0 0
19.88254320090395 19.36022220387997 0 0
22.16627101778213 21.45150532804556 0 0
22.32814867542382 22.29949753687411 0 0
22.74123465810313 22.68910235362495 0 0
24.74567310835193 24.73526806536714 0 0
26.60799396925525 26.07887915397375 0 0
26.9773246127786 26.92304173232478 0 0
27.6992918112178 27.5807832646717 0 0
27.91471391917551 27.76485048316169 0 0
28.13147849335946 28.07271339835285 0 0
29.51864230352513 29.5140235025365 0 0
8
2.472031396479602 2.10412031313685 0 0
4.446650558745672 4.444241102255704 0 0
5.338710126487198 5.299405293691041 0 0
6.423442900980636 5.888587000157622 0 0
6.46825717256647 6.424189065487131 0 0
7.920125060127684 7.768079109034575 0 0
18.03936279902865 17.99898635965799 0 0
26.45833257980033 26.14020210987255 0 0
36
0.3501732815431501 0.7528990677786318 0 0
0.7577060060920283 1.337203809022122 0 0
1.560263902251947 1.565912312709538 0 0
1.858937638061042 2.468654871106395 0 0
2.700227048666725 2.732975382626965 0 0
2.746509931300133 2.79574383392081 0 0
3.010409114287518 4.665337321827216 0 0
4.874432977376183 5.271102375941784 0 0
5.366585236309111 5.837905392619771 0 0
5.884837786766359 6.588933250731024 0 0
6.644311745509291 6.778733852790984 0 0
6.796722493068896 6.930682515727874 0 0
6.977493546951152 7.04320066289548 0 0
7.25520261748082 7.878997108450999 0 0
7.968289044064048 8.001924492735581 0 0
8.004341138170275 9.554272055060892 0 0
10.31936532864395 12.08796309575923 0 0
12.45338908959474 12.49210669461804 0 0
12.64131310505108 12.92375377334509 0 0
13.47263920561024 13.90843831763423 0 0
14.10071673539098 14.71646529527238 0 0
15.84132914326451 15.86387500399073 0 0
15.87605513407726 16.09507103619319 0 0
16.13017444198902 16.15741420042595 0 0
17.0175703431857 17.12066496606428 0 0
18.2484381186046 18.26030651199946 0 0
18.46449915577941 18.62958407002447 0 0
19.05264929871642 20.03093675359518 0 0
20.25607572171002 20.71629338370589 0 0
20.85978487264434 21.03576485434242 0 0
21.86020149129279 22.66480029552094 0 0
22.89956176741443 23.04791917653061 0 0
24.97681885720792 25.02996867030241 0 0
25.48349555543066 26.56526545900402 0 0
26.68113264769499 26.75832108533959 0 0
27.36193906696628 28.68844682807936 0 0
25
0.2133382870885447 0.3329377682730952 0 0
0.3404784312443572 0.4292006025107405 0 0
0.6696422758557574 1.076925004782104 0 0
2.569127971917379 3.017666234999293 0 0
4.334470514431577 4.355941054121329 0 0
4.98480342352266 5.105162982491281 0 0
5.141927454461682 5.745251443768152 0 0
5.921413356793188 8.279621158109761 0 0
8.377739984408501 8.394362095422629 0 0
9.353034949128265 9.41858271366479 0 0
16.46439595724483 16.53234575316028 0 0
17.24914281305479 18.62296466940623 0 0
18.63850932944018 19.01216870707593 0 0
19.14042736053301 19.61028841893456 0 0
19.65342203222682 19.79939214505357 0 0
21.4752642708509 21.71029954602415 0 0
21.79704057051579 22.98735793809783 0 0
24.82200811180415 24.88348451721325 0 0
25.29789333740794 25.80433640777388 0 0
26.19302274521773 26.53032367877576 0 0
26.71644124024114 27.02720847474354 0 0
27.03855638132885 27.04706424195452 0 0
27.18630174493974 27.28096124789779 0 0
27.29101576245038 28.27402726758638 0 0
28.69346764933445 29.61055370070089 0 0
28
2.000981060380055 0.1420686566054634 0 0
2.305892231109921 2.083716761252582 0 0
4.490436582214358 4.059887066432434 0 0
4.736633815110499 4.725131930759823 0 0
5.886028754952085 4.992493794142601 0 0
6.372604132915108 6.043363220657813 0 0
8.215561461732451 6.714131913320238 0 0
8.28644780807182 8.218927770587825 0 0
10.53542388746019 8.442717946473078 0 0
11.94943783024236 10.54668659616764 0 0
12.22687484755452 12.22638946320424 0 0
12.53479823397987 12.29838577075263 0 0
12.71973834463861 12.70037390313621 0 0
13.38945217639319 13.28515823864498 0 0
13.70918091289118 13.70860460915804 0 0
14.34176110693531 13.8116143570699 0 0
15.4524104727324 14.41228669149837 0 0
16.4466502359887 15.48937670440291 0 0
17.70423633517022 17.52685856577793 0 0
18.07759309384982 17.82016456711854 0 0
21.07167229589926 18.40716274021075 0 0
21.43563126295151 21.1093898544731 0 0
21.81884071451235 21.72879663758745 0 0
23.14515204638487 22.11483188353744 0 0
25.84678284519397 23.17354771619969 0 0
29.08974467774645 26.54007325465273 0 0
29.53134910435225 29.35310417697419 0 0
29.55407698617175 29.55320913243138 0 0
39
0.3059703548074637 0.4241726227372012 0 0
0.7639972673536409 0.9983150974834106 0 0
1.172549213158532 1.280270515041358 0 0
1.32583363517732 2.645533910718879 0 0
3.710697647695332 3.836375591256269 0 0
3.882277982320253 4.308580006415688 0 0
4.698366095244417 4.88923060750923 0 0
5.278378978904837 5.311499911882069 0 0
5.390749626079518 5.481749652402907 0 0
5.564263984166177 5.753323316683895 0 0
6.251469903645366 6.364783036565241 0 0
8.293214818116866 9.451751826371863 0 0
9.555046691237736 9.571572688186865 0 0
9.650000077921277 10.0419685051396 0 0
10.99904174625916 11.60069498087365 0 0
11.88591448340246 11.98255859850126 0 0
12.05042678062511 12.21299101311897 0 0
12.52600626113578 12.58690959383614 0 0
12.99576710757537 13.48681013206554 0 0
13.73704565383579 14.16539643585613 0 0
14.18718002549634 15.20036486414033 0 0
15.51525729535454 16.55746435507684 0 0
16.76539540256838 16.88262454160946 0 0
17.01978771937933 17.29911449459201 0 0
17.82112297006829 18.04375569195549 0 0
19.66382354555082 20.13602462346785 0 0
20.23184989022007 20.89731440481493 0 0
21.1944151829222 21.40474752926116 0 0
21.40561481305164 21.54438247396215 0 0
21.61317542492909 21.67303439958054 0 0
21.73186264805526 21.99670797691406 0 0
22.29016996763236 22.31351048165402 0 0
23.33319265771446 23.50611423350481 0 0
24.5365413629268 24.57909207638819 0 0
25.39542777095915 25.62343416359011 0 0
26.18614200434173 26.50996632997697 0 0
26.5297396741259 26.73720349362699 0 0
27.74049218954415 28.20984237055053 0 0
28.51442558971695 28.70942313114281 0 0
19
1.51144836366711 1.738895977503896 0 0
1.749198454814483 1.763776307388037 0 0
2.041779577993157 2.741198700970077 0 0
2.764161875607142 3.002935063622388 0 0
6.577717495848864 6.882277711205233 0 0
8.782422454161866 9.343532374760311 0 0
9.768836050749696 10.56284345872972 0 0
10.63217269629331 10.6763797970397 0 0
10.90142255896011 11.29546823092152 0 0
19.16543578830996 19.26626640844129 0 0
20.61837492856838 20.74670019660837 0 0
20.74693982064224 20.77322413052346 0 0
22.31656709921643 22.3544644439624 0 0
22.73713170562361 23.00460264731952 0 0
23.02638772618442 23.33813190852731 0 0
23.77270805672098 25.14469488051488 0 0
25.31005423724399 25.58214706715205 0 0
25.61888705210991 25.86493743186076 0 0
26.05600700390731 26.35451004330444 0 0
