# Status file for ctqmc. Used to save all times t_s, t_e.
10
31
1.923494377861598 1.788377967954901 0 0
2.648097396183832 2.154949344267604 0 0
3.269063817819301 3.13835650418604 0 0
3.867824448408917 3.835772437189382 0 0
4.010137133943148 4.001071327795648 0 0
4.297603426678303 4.042565206234446 0 0
6.253821342399273 6.204783254535065 0 0
8.358224988699584 8.302342383253912 0 0
9.139307930757884 8.6124031874506 0 0
10.58597420039878 10.54099921704355 0 0
11.1332659790542 10.946769619822 0 0
13.45730739345379 13.44417902273744 0 0
14.84564905478521 14.53021907495236 0 0
15.79318933822069 15.69580788355644 0 0
18.14898107799735 17.78401980868223 0 0
18.4652670195692 18.38798972487738 0 0
19.08123158566422 19.05617753180751 0 0
21.50184150542807 19.11513954687643 0 0
22.59531990720577 22.54450764861831 0 0
22.65663175807684 22.63910406554174 0 0
23.66606939689913 23.60431057885414 0 0
24.29094431825327 24.08111216996775 0 0
25.1090684094081 25.09924838768905 0 0
25.24069987230393 25.1387568804101 0 0
25.61593904225164 25.57806414938868 0 0
25.90166021929437 25.86710095713666 0 0
26.13114895235878 26.12734313439633 0 0
27.60494414406947 27.27113440977549 0 0
28.23487075104479 27.81957057869982 0 0
29.56470776144612 28.23728526224254 0 0
29.77633163360129 29.68717141034088 0 0
22
0.5354936125957469 0.4356282570935599 0 0
2.185076900469789 2.14906408579829 0 0
3.160204167604228 3.103813862678455 0 0
4.122190067649358 3.8526153878834 0 0
5.410574939953049 5.136166151112643 0 0
8.141133652025857 8.120787775045349 0 0
10.63028409335534 10.62762859371817 0 0
10.9059126027008 10.90102528672004 0 0
11.50720229109977 11.09779359155066 0 0
14.2287799047908 14.1888185817398 0 0
14.35212584498817 14.32318073772222 0 0
16.37552509111183 16.10734033654768 0 0
16.87007444706218 16.85418395685291 0 0
18.45129216086986 18.06374455424323 0 0
19.67432101971923 19.35141751697721 0 0
20.2143603811218 20.15142349182181 0 0
20.5148575461114 20.23923893865391 0 0
20.62154831041104 20.5271854960836 0 0
22.59386079040379 21.22062258597002 0 0
25.28696009076565 24.33513703142005 0 0
29.23161158336196 25.34071127514947 0 0
29.69755119385042 29.6512534337698 0 0
10
1.076560475500867 1.000897094918109 0 0
2.980511338784953 2.956653653511236 0 0
3.735139638907173 3.573477679208257 0 0
9.978990999509543 9.974421319665707 0 0
21.0706134502296 21.01472499314371 0 0
24.77466721174494 24.74470465027556 0 0
25.5955204769418 25.02428241763608 0 0
26.28261231824284 25.61923381233559 0 0
27.51181460150775 27.10550780903447 0 0
28.17770637672535 28.1492922075875 0 0
29
0.6850096506189658 0.46153235910098 0 0
1.729964739816865 1.395760039348463 0 0
2.110827567510686 1.829065307070376 0 0
2.555843242164228 2.533665785021498 0 0
2.988456729479927 2.972436826355964 0 0
3.496229170106171 3.420774509135294 0 0
4.222722786002326 4.169499683693904 0 0
4.631877140215888 4.545630918124871 0 0
5.080576510400002 4.990073159793406 0 0
8.261534619574286 7.889445843255886 0 0
8.426812274211819 8.38246414770096 0 0
13.01448192740555 12.90476397158807 0 0
13.90724600827929 13.67939837002673 0 0
14.87587483439119 14.8068288912077 0 0
15.94729879129614 15.93811883372568 0 0
16.09897484358619 16.03246401135277 0 0
17.09593409113906 16.92940135178471 0 0
17.54904552296082 17.39830281424313 0 0
18.80729934563119 18.4529016512451 0 0
19.24528011242843 19.18481328965977 0 0
19.40541014740469 19.25827146569724 0 0
19.92332221572501 19.84633141049274 0 0
20.06883960744452 20.06153006192875 0 0
21.94971955818738 20.15773289850135 0 0
22.80464500543265 22.72242726778621 0 0
24.238856244756 23.938334305142 0 0
26.53099517124816 26.51170814611677 0 0
27.3411703500724 27.16785683446824 0 0
28.46167258231806 27.62500758289443 0 0
11
0.4580948757307794 0.363573971545943 0 0
2.140954256778867 2.054912302606719 0 0
7.896406982415395 7.182198728314668 0 0
12.22660196370492 11.85912391415555 0 0
13.79075647849809 13.75700514346396 0 0
14.68017560208746 14.67157969563555 0 0
19.79894308464525 19.75557955874149 0 0
21.67660512849525 21.6178059743475 0 0
24.06637529735026 23.91053218402705 0 0
25.59334943933403 25.44650578449003 0 0
26.20541564730351 25.81646931495386 0 0
29
0.126395083411726 0.2954580761656693 0 0
0.6057382760803169 0.8453284332106528 0 0
1.937391743224351 2.134041655967472 0 0
2.22051913771705 2.334492199799451 0 0
2.501818752969747 2.593130115575455 0 0
3.342152532103653 3.354321450347451 0 0
4.713252170702514 5.684060379558701 0 0
5.786297759176467 5.839698325155268 0 0
6.400079333128353 6.471288825097675 0 0
9.90311222297111 10.38514528816829 0 0
11.10209903290719 11.27760057988189 0 0
11.56864503352234 11.64423028996231 0 0
13.45279891004548 14.01815392452725 0 0
16.06187837843445 16.1677834641073 0 0
16.85593079237117 17.03013708564491 0 0
17.4479659283641 17.50191653695263 0 0
18.0095865320137 18.83468584610646 0 0
18.97189597834914 19.2108855113356 0 0
19.25475328780241 19.87091625146178 0 0
20.33408404468735 20.6558336405835 0 0
21.06782847784083 22.01642549974859 0 0
23.53455935195004 23.9083806061633 0 0
23.93203648260985 24.88163115408796 0 0
24.97282624390151 25.38541929650392 0 0
25.68600854603412 26.11768764467715 0 0
27.1840375815276 27.2663449296373 0 0
27.81551404095096 28.08628320385073 0 0
28.15446823646157 28.73776611757425 0 0
28.84174599149376 29.69173629538285 0 0
23
0.5913639571623861 0.8968687191222848 0 0
0.9269589430257403 2.43469073372861 0 0
3.337763326786256 3.495823589869571 0 0
4.045952532486865 4.365933472735725 0 0
4.552160666925998 5.582758785861998 0 0
5.678232304557294 5.755430399403767 0 0
8.717811388822673 9.299128848039118 0 0
10.97126398276361 11.98770740487595 0 0
14.87603972511532 14.92085752519929 0 0
15.7784112470581 18.89349708486906 0 0
19.06623975099092 19.51230419279011 0 0
19.66334632252864 19.72517156060495 0 0
19.72704238662601 19.80427138304665 0 0
19.83628586016239 21.98778995645565 0 0
22.18994102378068 22.38754930495083 0 0
22.50942423510066 22.78934781632247 0 0
22.90032659970957 23.46041125154835 0 0
23.69854081127786 23.73167507331307 0 0
23.75829475998136 24.47709696158303 0 0
24.73960502934638 24.78646349203622 0 0
24.80439897029579 26.78316438483722 0 0
27.18689197698378 27.79600127662088 0 0
28.25505557064426 29.27399846040008 0 0
23
1.622616350770183 0.5593561767259594 0 0
1.956267692327445 1.632694651662352 0 0
2.602460095115262 2.23155785341927 0 0
3.834935081921682 3.545244757885368 0 0
4.348097354823085 3.854566656971635 0 0
5.56614920851019 4.514883997542595 0 0
5.750057317812421 5.674480693807616 0 0
7.715942267868468 6.373237876961293 0 0
8.981348406353568 8.684673126418261 0 0
9.581247571894826 9.233568710914685 0 0
9.800182561982153 9.665413519161412 0 0
11.11375290740334 10.11142111483709 0 0
12.03079936876648 11.50377980199997 0 0
12.70316304363959 12.07511028829424 0 0
14.63942540193922 13.41262751165263 0 0
19.18957826252654 14.66005497335079 0 0
21.41217119251439 20.42303873592414 0 0
21.73391488401316 21.41559744395391 0 0
22.40051891654954 22.08113754118436 0 0
22.96784480514598 22.63371056978107 0 0
25.03549705896929 22.97206747664538 0 0
26.77148295316629 26.54284826555239 0 0
27.79843058951381 27.41205650861487 0 0
28
0.1711281440912202 0.2134043120791773 0 0
0.2371065731393967 0.65178391608455 0 0
0.7438757105713278 1.44877366509613 0 0
1.476014094289369 2.86413140241907 0 0
2.877224581996033 4.640151883663345 0 0
5.282986608847193 5.297491121309665 0 0
5.3666448468199 6.650740709420384 0 0
6.76513152667366 6.775000844218899 0 0
7.108318040298805 7.747747720639914 0 0
7.851383962015456 7.969257324998 0 0
8.827948984496036 9.042016745308054 0 0
9.480515368307113 10.54400558166419 0 0
10.56587179062331 11.50078037078689 0 0
11.84740150174882 12.20707237536572 0 0
12.6648569091929 13.14296213108038 0 0
14.21784372542013 15.9627156274203 0 0
15.99454210266925 16.22613312307023 0 0
16.24434898328254 16.37241582808262 0 0
16.5654052842253 16.60816760990643 0 0
17.03402469310248 17.05858298028132 0 0
17.38857848837334 18.31511815858723 0 0
18.6236500330288 20.45343900046315 0 0
20.73035033965368 23.75846749577454 0 0
23.8392600963593 26.03629614113881 0 0
26.21826740026319 26.27857856680583 0 0
27.1410744244923 28.04720359401275 0 0
28.24628417712659 28.95077168011201 0 0
29.59135357662123 29.75551499980737 0 0
19
4.503149209278478 4.529372053347948 0 0
6.631931250644306 6.79178387486343 0 0
7.104361270096176 8.315805286139515 0 0
11.98094214686839 12.77207182243759 0 0
13.8926914014606 13.94435714985759 0 0
14.09469853883173 14.38014581945896 0 0
14.75133930194724 15.22745221961234 0 0
16.81796522565746 17.26051160339074 0 0
18.2730865780909 18.64886024452417 0 0
19.91022746202628 20.01121628197001 0 0
20.12314087104863 21.19203107698771 0 0
21.29631064086302 22.01238697730529 0 0
22.08537711915977 22.2454201865494 0 0
23.42378695697412 23.6160499744065 0 0
24.53937388767472 24.6083760605859 0 0
25.39220614134415 25.5874781549636 0 0
25.94159863432919 27.84970326411888 0 0
27.98186453153049 28.02994439832954 0 0
28.08496635094533 28.26600037611072 0 0
