# Status file for ctqmc. Used to save all times t_s, t_e.
10
15
0.6251190293417253 0.5473158522902466 0 0
1.872471498001135 1.579854765425973 0 0
6.522519804475579 5.725172898176889 0 0
6.969797843623138 6.727127665341021 0 0
8.099454768744128 8.075271261649283 0 0
9.170058892932396 9.102427232564212 0 0
12.93143771998364 12.90834024075813 0 0
12.95630961133085 12.93366786528027 0 0
16.10430176921864 16.09363916141967 0 0
19.88905317282998 19.72277616131619 0 0
22.73496484070234 22.45163486676485 0 0
24.11984665632325 23.98668423114516 0 0
25.61420195761223 25.60039381565621 0 0
26.36225163419342 26.20225153228788 0 0
26.96829616660159 26.89661758555401 0 0
34
1.935123091853744 1.895354666673264 0 0
2.530508516332737 2.512860780813272 0 0
2.646013553042116 2.621434368210879 0 0
2.871631097110039 2.835794996969708 0 0
3.229643355766216 2.899147778030907 0 0
6.078761204964629 5.8686917533182 0 0
6.372666570636145 6.345861385287713 0 0
8.073668351056753 8.058323808259686 0 0
10.08767539594187 10.06811402311031 0 0
10.3153856838912 10.13748032552806 0 0
12.47913217178766 11.27601303169057 0 0
12.68982750148515 12.52691389408028 0 0
13.1519632202086 12.73205773221915 0 0
13.59211670578471 13.58516955379093 0 0
13.72543468806028 13.71677165975342 0 0
14.01816282412579 13.97924783254471 0 0
15.21715396139347 15.20936266360499 0 0
17.4822332661327 16.79664322116236 0 0
18.52169326942995 17.52972985092283 0 0
19.82463673531778 19.69154972803114 0 0
21.08352706708051 21.0216540777872 0 0
21.33566694252053 21.3267912193575 0 0
21.51138708229402 21.34391578847194 0 0
21.96578762835776 21.96236258862746 0 0
22.7745606124205 22.76294666588929 0 0
23.72594519118394 23.69892991142713 0 0
24.22948799226094 24.19448034672726 0 0
24.76548047098425 24.67135800754301 0 0
24.91836356861866 24.87428652636008 0 0
25.957270848846 25.10322882201084 0 0
26.10599336063828 26.04927533899939 0 0
26.36473194348251 26.31139471868406 0 0
28.2753206594771 28.27421314160357 0 0
28.50454456910604 28.39298161425112 0 0
11
1.552848447753298 0.4130974738140036 0 0
2.506732475622373 2.175365269492077 0 0
4.557189292944027 4.532710937690932 0 0
5.428994512847467 5.360383203627801 0 0
9.249658499550613 9.00885962812273 0 0
12.24347431751904 12.23340940208682 0 0
13.2235890682961 12.45483494560086 0 0
21.57740361060468 21.57102027371893 0 0
27.9045046492495 27.81310226067248 0 0
28.94958677002735 28.92433377058089 0 0
29.33365926368404 29.29653320233843 0 0
26
0.625311205650899 1.487579243427113 0 0
1.539239880948824 1.656384825959377 0 0
1.968333473042448 2.047002482268073 0 0
2.129601369305449 4.22340659859393 0 0
4.295068210655281 4.34923101174005 0 0
4.417665448572374 6.198468252972209 0 0
6.332279694124413 6.467779257775785 0 0
6.607759616864453 7.045835766598162 0 0
7.862682798207614 10.57690308125064 0 0
10.67051442951522 10.89949576102961 0 0
12.57079917796408 13.73332285619813 0 0
13.81662286007963 15.19504044169748 0 0
15.33474159653081 16.14990720389737 0 0
16.19853903105321 16.3053641754614 0 0
16.34807473318377 16.49479749550123 0 0
16.50623135602273 17.78095261867698 0 0
17.80116043236137 18.59150126941832 0 0
20.27423537433401 20.41822607034289 0 0
20.4202066298549 21.86667100326623 0 0
21.9586192007394 22.70801726670339 0 0
23.03361704629512 25.58096128680338 0 0
25.59004441930234 26.85965289373853 0 0
26.92724500237449 26.97753203740809 0 0
27.14553608083652 27.77522769903608 0 0
27.78625709584589 28.92160122904078 0 0
29.0055448854383 29.51184141544876 0 0
13
0.1180534197833509 0.07654312142891939 0 0
2.60728799668175 0.5122044027738966 0 0
2.650171935838397 2.619680453731115 0 0
4.1433544606873 3.508265737337714 0 0
4.6255276100151 4.279412504713122 0 0
5.217918169251439 4.823838358142488 0 0
9.203445195812684 8.767526696661117 0 0
14.62718797378914 14.62504927184387 0 0
17.63295092261054 17.48418995905661 0 0
18.37111577071791 18.09145992809694 0 0
25.75873523928056 25.70379238062851 0 0
27.1650569611268 27.07890507836013 0 0
29.41502201179517 29.40534738660506 0 0
30
0.8296580959986932 0.7821222291492955 0 0
2.02906208368973 1.709818305429611 0 0
2.747664226732324 2.155963141861341 0 0
3.328448328055769 3.077684501288319 0 0
3.800767609874028 3.763631115566923 0 0
5.664270958874166 4.454087343581008 0 0
6.889860803082327 6.872194055118216 0 0
7.261223036330096 7.046447346174643 0 0
8.859142590167302 7.879019427694472 0 0
11.38259622419424 9.66683382898551 0 0
11.78620607234469 11.63989625738912 0 0
12.67607999141931 12.15633283264111 0 0
13.37877693597472 12.85371519561398 0 0
13.80614340556333 13.78014841662516 0 0
15.04566550983852 13.94657689148668 0 0
15.6994318852304 15.11147158453109 0 0
16.90656076582464 16.88056979162439 0 0
17.2469993848436 17.20977706512663 0 0
17.61810508768164 17.5612361532253 0 0
17.79038191816016 17.77871552184655 0 0
18.79422233023134 18.38986129663001 0 0
19.42438112143903 19.29367220701563 0 0
19.94363080877448 19.91026071753119 0 0
20.38171924820982 20.2716588018976 0 0
21.28842050126116 20.49744519988225 0 0
21.46938433910494 21.40832197438399 0 0
22.62314971552704 22.24958574524763 0 0
24.65875746068764 22.77204315584093 0 0
26.00073844047271 24.76857390057755 0 0
29.87329978581336 27.01634064371147 0 0
32
1.417552683837145 1.354158571532906 0 0
2.308020725152302 2.3020721672279 0 0
3.628907186826196 3.560097810324289 0 0
6.056855534112002 3.837325448505407 0 0
6.455931996363597 6.4512859298702 0 0
6.682323172930821 6.516768769457089 0 0
6.772159092833633 6.768713677130652 0 0
7.92471981856912 7.423494404846296 0 0
10.06400445240095 9.351486048785667 0 0
10.53163309486813 10.3398463858873 0 0
11.46896940918374 10.59680536394158 0 0
12.09508932736768 12.00824564147099 0 0
13.86218122267925 13.1563546390792 0 0
16.77495360485225 13.89902528698794 0 0
16.93537633632032 16.92657752989426 0 0
17.47235756663914 17.2751546491847 0 0
17.48974685031799 17.48714752683311 0 0
19.06143158294531 17.66390247141312 0 0
19.92713434690934 19.80758288784805 0 0
20.44882807483368 20.18022953378452 0 0
20.85487890621105 20.74335667837572 0 0
21.24271680827956 21.00394447251521 0 0
22.21832346957522 21.25455870342095 0 0
22.59755031773349 22.22740270509357 0 0
23.7692304696819 22.93801863152608 0 0
25.19716743042211 24.6610558484209 0 0
27.24095362294169 25.21766918488109 0 0
27.54920427759506 27.46424114754788 0 0
28.01597434165718 27.76799586960682 0 0
28.47834796820537 28.2694315987941 0 0
28.77487604720006 28.75486150907873 0 0
29.48808740794183 29.18791135982888 0 0
17
0.6851873696494394 1.921283867894406 0 0
7.475208966272072 7.802859713964572 0 0
9.90108090270963 10.78257932131731 0 0
10.796856093196 11.76911423278924 0 0
12.22504611969321 13.76918652714264 0 0
14.75992566032193 14.7601405485633 0 0
14.9583996504628 14.99287048661968 0 0
18.78820105670796 19.00855301086499 0 0
19.5593482042476 19.91730392136951 0 0
22.18482637812724 22.84282077523357 0 0
23.15605617920056 24.21383023969726 0 0
24.53257851107269 24.69227243970399 0 0
24.73498544055649 24.87277352530742 0 0
24.96961325879955 25.5673668459772 0 0
26.15230997452867 26.42185846029028 0 0
27.20096136118103 27.73165287019775 0 0
29.39039530187724 29.78273369679971 0 0
33
0.3889251863890024 0.2001592682598243 0 0
0.9758661017014005 0.7207683381825312 0 0
1.381428688574712 1.335043974026223 0 0
4.342299852968245 2.374162423407113 0 0
5.940848037972034 4.980490162265047 0 0
6.469939215567353 6.450669666592932 0 0
6.58096312584926 6.509796721244081 0 0
7.383001013058958 7.068803752750299 0 0
11.15498327684992 8.104026340214554 0 0
11.2910846400123 11.25714689921382 0 0
11.33138971538976 11.30090831178905 0 0
13.72619113386512 13.02579732660123 0 0
14.55177095670922 14.40740894205211 0 0
15.79396950630732 15.58688051945559 0 0
17.43471113937251 15.86164678255992 0 0
17.70193894210129 17.61703525781228 0 0
18.14634182181258 18.13690908753426 0 0
19.12318125162125 18.90733445353462 0 0
20.1487937396874 19.67550756541928 0 0
20.22352119984332 20.20487303604937 0 0
21.17868904984089 20.8713268470103 0 0
21.35465378761682 21.2369203330628 0 0
22.10646853673541 22.1018776685065 0 0
22.83969819494816 22.79090605505491 0 0
25.87719250414136 23.29870088778759 0 0
26.60524673042295 26.31953248560533 0 0
26.66806273815089 26.6263076367659 0 0
26.90493567898507 26.87765001432802 0 0
27.80578315451649 27.36068306560233 0 0
28.0099240413032 27.95569161650132 0 0
28.12924694411141 28.05278496501771 0 0
29.0403051910952 28.31604172745164 0 0
29.77840131576827 29.08950057613908 0 0
24
0.3580188997033673 1.612701505207017 0 0
1.787576294835969 2.629771193848443 0 0
2.751426742798374 2.798789288858126 0 0
3.545144539154273 5.212391560457993 0 0
5.694637297836945 6.215029782616321 0 0
6.788145959474914 7.413125171126945 0 0
8.520341220186557 8.762541087721436 0 0
8.966090885435703 9.458656439389964 0 0
9.605811913556341 9.693676131889603 0 0
10.17481026638758 10.37340302715565 0 0
10.75165198947938 11.23124135797168 0 0
11.41814184138182 11.75268009890845 0 0
11.9949306006672 12.1979470651825 0 0
12.28711299677248 12.88106215674667 0 0
18.18570373311771 18.47172445065522 0 0
18.97977322433767 19.09620364500207 0 0
21.07031638344386 21.55038124810689 0 0
22.8185548036208 23.03721559671172 0 0
24.0292549572266 24.23694588606372 0 0
24.82281998400297 25.44911379522869 0 0
25.61145580881578 25.81202187647299 0 0
25.96747420666408 26.03740328380863 0 0
26.41053450306027 26.50057474931051 0 0
26.96743938084161 27.04844402178151 0 0
