# Status file for ctqmc. Used to save all times t_s, t_e.
10
36
0.2340331376690019 0.1930979746137261 0 0
1.931388331058417 1.852343080653519 0 0
3.109694408686146 2.789481005545574 0 0
3.884732420826878 3.638937435671366 0 0
4.696776375961442 4.095272005447142 0 0
5.301776467269098 5.074691598567231 0 0
6.875178045401408 6.445085790401078 0 0
7.761997223876807 7.376653076588373 0 0
8.372973929493901 8.358133167903897 0 0
8.641136103067643 8.640238829424332 0 0
8.781651036923776 8.763844108644133 0 0
10.36068881377986 8.85215404084026 0 0
10.48910131897996 10.47896833154849 0 0
10.62381867753223 10.60517945722079 0 0
11.3063818451448 11.25212414700779 0 0
11.41567777347689 11.38945795040489 0 0
11.72641646568976 11.72107054918923 0 0
12.83435140417484 12.36529098285084 0 0
13.63080001176593 12.86316662412447 0 0
13.75381352137877 13.68991732755179 0 0
13.85511719397296 13.84290342654753 0 0
14.10797221104735 13.86084756383479 0 0
17.85440604846513 17.35076559025678 0 0
19.09103526459395 17.87022374550697 0 0
19.71707956329124 19.34621772170602 0 0
22.08339820074492 22.0706774517776 0 0
22.40682794637365 22.40306141830253 0 0
23.70667776889885 23.67046233244012 0 0
24.57753370050412 24.00821318966979 0 0
24.97823151551139 24.60461446793732 0 0
25.65418475110009 25.56722354231015 0 0
25.77644686931596 25.73462036372205 0 0
28.13580602633279 26.94738970561848 0 0
28.28592641911593 28.23830266541563 0 0
28.81333169597166 28.79645974890942 0 0
29.36237459345576 29.35003391919571 0 0
21
0.296738414252399 0.2400904980994198 0 0
1.50327817898455 0.4987577419244262 0 0
4.043873146115071 1.616404309129372 0 0
5.367955828559741 4.170776311938049 0 0
7.482668258211631 6.418513638960305 0 0
8.371736855631381 8.226828594893979 0 0
10.0166210241025 9.264808570923659 0 0
10.79481558622346 10.6669088368975 0 0
11.6383135334875 10.87536653664785 0 0
13.54310499051489 13.39764046163162 0 0
14.74436128804617 14.56873507059267 0 0
15.2848901286651 15.24355691767025 0 0
16.29677999438158 15.99678077427645 0 0
18.6617435722604 18.61988519294648 0 0
19.65422714240425 19.53697122436975 0 0
20.62496600549772 20.57825785192434 0 0
23.57912748994664 23.51572289043601 0 0
25.6021407415137 24.81699404711042 0 0
25.70743309550447 25.66051424386428 0 0
26.954171090073 26.93647248378202 0 0
29.55531621039949 28.08047357933987 0 0
8
0.3122956059369066 0.2413978347295256 0 0
3.116618166963301 3.10603024280912 0 0
3.717370966658662 3.553944763320446 0 0
19.85329308481019 19.74368830396605 0 0
23.779083543201 23.74530175225953 0 0
24.73690585063542 24.71586559568618 0 0
25.51406386717126 24.95530391803727 0 0
26.90509612123184 26.4591974020201 0 0
25
0.3546662893578231 2.149920711455954 0 0
2.279721732077142 2.555260701583332 0 0
2.620962213593805 3.176222141950937 0 0
3.980303928804419 4.334844133696 0 0
4.384717420303752 4.427797386510193 0 0
4.542166769911537 5.691924627452988 0 0
6.346000868789732 7.204845880887012 0 0
7.214766667825383 7.748387563305308 0 0
7.871981851591178 9.9543207989568 0 0
10.43113078996865 10.50646664348878 0 0
10.65758037674276 10.96150201421298 0 0
11.00401090042545 11.47570993486983 0 0
11.98609376040636 13.25069060745385 0 0
13.33998753387721 15.43228412466761 0 0
15.4706675749574 20.15361650308139 0 0
20.26221585255467 20.28647186753143 0 0
20.40552674639706 22.46620613452178 0 0
22.51261487537797 23.4655547171255 0 0
23.52958254463032 24.21161198434826 0 0
24.2376664906543 24.50247040108648 0 0
24.86658445931768 26.0539842741133 0 0
26.59012060490266 27.23451973533489 0 0
27.34468540889753 27.72758991723271 0 0
28.44222339322491 28.44670899609637 0 0
28.8133059855891 29.83590331219937 0 0
9
10.31036176266793 10.1150184033905 0 0
11.43625775715147 11.42259751564768 0 0
13.65607599930773 13.60449982218551 0 0
14.6593258072397 14.60588039934519 0 0
20.74506790919781 20.56362160178298 0 0
20.97808261117551 20.93814948466157 0 0
23.36153286860803 23.34067237351027 0 0
23.49409728920076 23.46552704543008 0 0
25.25101811130508 25.20704539033602 0 0
33
0.2710218450153692 0.2582505123986927 0 0
0.5325402870059959 0.2770488070564031 0 0
0.7551547424482836 0.5958289125659251 0 0
0.8486746921600621 0.816850066589526 0 0
1.685045091257799 1.157408741237917 0 0
1.944900162875625 1.906206128867807 0 0
2.418675278713081 2.368656778399634 0 0
3.838425896862813 3.829773674686191 0 0
3.912647679275873 3.865553641926335 0 0
5.921910139129739 5.319891114980763 0 0
6.106390783630195 6.072787051169493 0 0
6.205364459817615 6.163715815356098 0 0
8.04549671869465 7.754098383039154 0 0
8.988706514163846 8.332177595926984 0 0
10.50822372880265 10.32134641172981 0 0
13.11207571392444 11.89486033126451 0 0
13.7605868398737 13.48300004221386 0 0
14.53421486975928 14.33898286133756 0 0
14.58566793035896 14.58356349979209 0 0
14.88487500872445 14.76655430998353 0 0
16.00128899281355 15.65030185003474 0 0
17.3481082725313 16.17590292344061 0 0
17.9112839972917 17.82791797154141 0 0
19.43883452741918 19.28127290785267 0 0
20.72497404645158 19.46422691842851 0 0
22.06099540996311 21.01545635229919 0 0
23.45755201077965 22.18374847335108 0 0
23.72836621026357 23.50706997797482 0 0
24.64950059823343 24.51677991713711 0 0
27.90538593090058 25.91738687582871 0 0
28.28385013344029 28.11839761655803 0 0
28.59320389064967 28.55362872213637 0 0
29.39932703885657 29.39744661986049 0 0
29
0.2271307431371348 0.6942200281308017 0 0
0.7471317134996815 0.9066367882392983 0 0
0.9130240191574914 1.292385200521998 0 0
1.340760449352094 1.708722871237853 0 0
2.27261580736569 4.070122989534529 0 0
4.246251631932661 6.512753301379362 0 0
6.627674666569853 7.073594804621401 0 0
7.49444420412768 8.04848530146719 0 0
8.416099656261409 9.911095577446376 0 0
9.916429269230798 10.53506710264964 0 0
11.0558085071998 11.07352912294771 0 0
11.15589368199477 12.02878467572856 0 0
12.08486284059796 12.19982006540564 0 0
12.22679752606264 12.98166486734624 0 0
13.20819523593827 13.35281320186119 0 0
14.25360670568179 14.41347902699091 0 0
15.6345966167768 16.14978326531423 0 0
16.71596676817463 16.97494623548615 0 0
17.13487572939874 17.38563821458759 0 0
18.29012299125007 19.3817701856909 0 0
19.38285360912997 19.83398410763902 0 0
21.55032977619417 21.65882618678635 0 0
23.93971208200405 24.67710984498706 0 0
24.91735044771761 25.23693128864382 0 0
25.34668075774275 25.587726233817 0 0
26.63260322231829 27.56987513292046 0 0
27.6171930408483 28.19309190131379 0 0
28.28846130049748 29.56248282118447 0 0
29.58353537184238 29.61604811401116 0 0
20
0.01694840019719379 0.4551648110096539 0 0
0.9624568239149144 1.645144560796048 0 0
3.587688061711912 3.975919908072815 0 0
4.233862518427193 5.034453630977423 0 0
7.600919829656592 7.664826590654934 0 0
7.873263715157737 7.876016946497716 0 0
9.611853361815285 9.828581584611038 0 0
9.962669385245798 10.39265879120227 0 0
12.44943967317197 12.49662202203584 0 0
12.74997616429021 12.82071279753833 0 0
12.8877427018441 13.27820961398331 0 0
13.7554238610489 14.37377936569412 0 0
15.76294605474012 16.4187396644926 0 0
16.49137855360524 16.70088543580141 0 0
17.56988152877299 18.07487958853248 0 0
21.15167015062091 21.2939517067112 0 0
23.9285514078048 25.73841735887498 0 0
26.33663998004127 26.62634306290857 0 0
26.79016462191234 27.31991981017293 0 0
27.46881851557677 28.69074400325462 0 0
37
0.1943669153713365 0.1621515386114787 0 0
1.262030097325305 0.8762213546599166 0 0
1.880385113745233 1.619985392593686 0 0
3.383638941623796 2.577743604275813 0 0
4.917946341990231 4.618052702649545 0 0
5.191812992663327 5.099654478392078 0 0
6.073951297232154 5.98989841302266 0 0
6.382931015495233 6.088615842079683 0 0
9.231470480320354 6.392877588651541 0 0
9.500420495613016 9.390304922422425 0 0
10.48491576484133 10.47466893328154 0 0
10.71650401760665 10.63506127438234 0 0
11.31845432822182 11.29912683741697 0 0
11.8067416534777 11.70032772718808 0 0
13.05640561432478 11.99201841187364 0 0
14.37997486130038 13.8498878149365 0 0
14.9619757860315 14.62403620044212 0 0
15.04403364938152 14.96395470782273 0 0
15.71661972983753 15.68458131113404 0 0
15.79353645150911 15.76592651187913 0 0
16.92844122533673 16.47115322386536 0 0
17.53814485338884 17.15773109168591 0 0
17.81812849342976 17.57611668646974 0 0
18.14894184674698 18.03349180684341 0 0
18.38339845867587 18.18150572237133 0 0
19.00367270008852 18.59960466481865 0 0
19.31210824219118 19.06067049503264 0 0
20.51266848760125 19.5472729024781 0 0
20.52424816540969 20.51471951242587 0 0
21.26199329227783 21.25381509917288 0 0
21.88905619156806 21.73393347793801 0 0
23.42032310158233 23.1803691278114 0 0
23.72975075979965 23.57947609652404 0 0
24.17692974880913 23.76574327329308 0 0
24.56407190902182 24.49090978631069 0 0
25.89894662236732 25.82079364914696 0 0
30.02291999214339 27.06098595047206 0 0
17
0.3778321570106682 0.4401168431693586 0 0
2.241494511524158 2.246072953084262 0 0
3.738173778818928 3.780738923723117 0 0
3.955535966786299 4.557579790337822 0 0
5.25461790122684 5.304509714160625 0 0
6.328764011412058 7.947262049935693 0 0
8.496606063983386 10.08948525235409 0 0
10.63926959708721 10.74298023307537 0 0
12.96457474789608 13.13824780900422 0 0
13.38655697811905 13.57538740575457 0 0
17.21503316474394 17.45060810480912 0 0
18.51875407789257 19.0571399345743 0 0
20.50825245146909 20.76998357794085 0 0
21.3472556103675 21.67951162302307 0 0
22.23315664067619 22.81616396968468 0 0
25.66549245309512 25.74524635569179 0 0
26.06308664048552 28.71506335718003 0 0
