# Status file for ctqmc. Used to save all times t_s, t_e.
10
19
0.8009774507606647 0.7987756779085429 0 0
1.994696450490619 1.766176661158978 0 0
2.101994018070768 2.093356208625135 0 0
4.188379434722801 4.176114448413175 0 0
4.882083043859478 4.820419666981554 0 0
5.38117519555775 5.277397283917987 0 0
8.941217780533481 8.922057022266538 0 0
11.6597362280964 11.60866934247233 0 0
13.1202694321401 13.07921576528583 0 0
15.4980292637272 15.33032330871259 0 0
16.09219779064902 15.9050731189599 0 0
16.96563763077228 16.90001274034093 0 0
18.34130385017945 18.32381187966974 0 0
19.58458681672185 18.98660896596678 0 0
20.39350363051387 20.30878339920682 0 0
21.05092125587628 20.81460497247575 0 0
22.08557024086149 21.31860975869781 0 0
22.3499470679055 22.34623402258647 0 0
24.96473997071322 24.8587778861066 0 0
21
0.0536952068833294 0.05057632644735932 0 0
0.9352707642188204 0.8243753408278648 0 0
2.591383527765018 2.561606375503666 0 0
2.89059799055419 2.835515812260796 0 0
9.034722435943427 8.973458276380022 0 0
10.05713341739038 9.974934830213748 0 0
13.30963158171075 13.22162954821514 0 0
13.91672013124419 13.90993319412317 0 0
14.17350863898545 14.06439744490808 0 0
16.04258936791697 15.79991100907146 0 0
16.14190534883832 16.11470390116234 0 0
16.42239210977173 16.2655360409317 0 0
17.53024782211449 17.42523680956694 0 0
18.91179607110969 18.85959102975762 0 0
21.10701971859667 21.08052013135291 0 0
22.17252194893686 21.96961433430529 0 0
22.94619680715716 22.87515868858532 0 0
23.30113415899345 23.07329630317454 0 0
27.08004256845701 26.94717582995872 0 0
27.8467674709468 27.79378799873403 0 0
29.3656675550934 29.1692976457622 0 0
9
3.875666613547473 3.827236841715887 0 0
4.635566437260199 4.484842491745884 0 0
5.63852091753179 5.120675854794283 0 0
7.872571168629719 7.788435814457563 0 0
18.45390353378064 18.0717630482318 0 0
18.71297547171868 18.50672649650287 0 0
20.99674255107 20.95779195496706 0 0
23.73450092723002 23.6276821144014 0 0
29.26711021643505 29.17722255403464 0 0
28
1.506364211750906 0.7512049309051392 0 0
2.36927405381175 2.021827192639466 0 0
2.530211220160881 2.526231470362576 0 0
3.932705444207668 3.844365695622981 0 0
5.115553102580034 5.092702640505632 0 0
5.980892784255177 5.936678477702213 0 0
6.84692179840148 6.52854333304634 0 0
7.938923021106009 7.87580223958295 0 0
8.518399151379365 8.310564139135998 0 0
10.29364193479194 10.28190129045372 0 0
10.78524754149145 10.6916699646454 0 0
11.07888194463133 11.03394608505412 0 0
11.19884993434795 11.14471830566141 0 0
14.23300481147321 13.89676909285337 0 0
14.5633209593846 14.50544325508983 0 0
18.16018277471363 17.95176713341014 0 0
19.01336181589019 18.95257237618494 0 0
20.94632814076424 20.75647201092864 0 0
21.53075343236196 21.44536592026448 0 0
21.58554928004915 21.54447869973649 0 0
21.88223233480072 21.68695228069867 0 0
22.37868176039316 22.32085437066805 0 0
23.65081339223171 23.60191419282619 0 0
25.44265811781964 25.38816150646379 0 0
26.53013891421344 26.50899274377676 0 0
27.72346124023612 27.71004649151606 0 0
28.93715271130995 28.76572489268827 0 0
29.86965209383648 29.80977585923133 0 0
14
1.522580606089218 1.587201988414307 0 0
1.752485950408592 5.344051092148607 0 0
5.476823341813374 6.239318705974546 0 0
6.297451690459056 9.064608201633026 0 0
9.158885130254081 11.26206509782774 0 0
11.32815852811892 11.45148434785487 0 0
11.48079008756784 16.12329939058268 0 0
16.15149411567904 18.49524158681013 0 0
18.71175025030083 23.70158301054112 0 0
23.82042337185644 25.58724704345929 0 0
25.72225506167457 25.75472989685617 0 0
26.07354588505416 26.32917192059313 0 0
27.11786378863898 27.4350844456457 0 0
27.7393934741094 29.55109014787894 0 0
22
2.50297415571668 0.495744848970574 0 0
3.256670784164447 2.561926236386746 0 0
6.761130982211975 4.078488231889384 0 0
8.231990183284557 8.180805747800044 0 0
9.442045709584448 8.665516415142163 0 0
11.53448943537855 9.603154310355897 0 0
13.08286506918273 13.0732903613835 0 0
19.01650681804296 13.6307661073007 0 0
19.20837618420147 19.20236885411769 0 0
19.53945007700201 19.53823435398125 0 0
21.65143847624649 20.0353210859148 0 0
21.85060238781687 21.83313805420012 0 0
23.49643773691052 22.39970764525242 0 0
25.17593521330819 23.55354668079245 0 0
25.40849495667736 25.20703403963565 0 0
25.43232727664223 25.41293096758292 0 0
25.69371739066468 25.50517114063166 0 0
26.11397788090155 25.77613483051882 0 0
26.92559618305555 26.91563650655014 0 0
27.44046960619733 27.10957262586808 0 0
27.733170544339 27.65942321116791 0 0
29.31970319226341 28.13232743935119 0 0
31
0.2266711741183993 0.1074034589819657 0 0
1.171711047804347 1.026722717342626 0 0
1.655881204294716 1.516567837774177 0 0
2.534794475526211 2.527518498470405 0 0
2.803151944558219 2.631449913398218 0 0
3.14521605632669 3.000608139264778 0 0
6.060088412634995 3.44710591747363 0 0
6.829574337983909 6.164615368228555 0 0
7.883482073777968 6.985525418074727 0 0
8.324287546128206 8.277090634057423 0 0
8.68085903023637 8.461025049164157 0 0
8.840055799543363 8.77394285583598 0 0
10.68571171186786 9.445459115650646 0 0
11.14434262896864 10.85571288598049 0 0
12.33394645667995 11.736324722792 0 0
12.60295792537005 12.59254449500981 0 0
13.89326280030716 12.60536466219684 0 0
14.67665156138141 14.16984292802194 0 0
14.87879130013381 14.79218951303188 0 0
17.04711734136399 16.7625072263312 0 0
17.14385525114826 17.11335544483707 0 0
20.29422729981952 17.56366386969421 0 0
20.87658606921741 20.49650527732466 0 0
21.66814948882945 21.08107457621488 0 0
22.68583934459671 21.70847096497932 0 0
23.06288996603625 23.00343198069255 0 0
25.64363095202326 24.06006068860074 0 0
27.38995168686459 27.38649612174407 0 0
27.88584185153946 27.87296283686291 0 0
28.49049439881464 28.38010855049721 0 0
28.8484528282163 28.84509543171612 0 0
24
0.3223161899179701 0.8742090633758046 0 0
0.9440862078669421 0.9693705655959555 0 0
0.9789442580854002 1.445552449222784 0 0
1.885821309980065 2.022084992128429 0 0
2.038019419786874 2.238365692520523 0 0
3.483334948907826 5.021944420319093 0 0
5.100145552479365 5.288449413362881 0 0
5.406321607133041 5.997418329490067 0 0
8.863152194788054 9.453581779914821 0 0
13.85437047668971 14.65468572747233 0 0
16.73787770914326 16.96378028292706 0 0
17.9877963955801 18.23282686638853 0 0
18.4326337594352 18.71698138566379 0 0
19.33502638864935 19.54380811344945 0 0
19.69149876217945 19.71673549048413 0 0
21.00105119503526 21.74620742938843 0 0
21.82960040442812 22.15740165454445 0 0
23.73014026182623 24.26558535367393 0 0
24.48107221673136 24.49858499185271 0 0
24.61771656869759 24.6796955786939 0 0
28.0943927569935 28.25769253665243 0 0
28.63576946018304 28.66879035257008 0 0
28.74491148941947 29.02540426862843 0 0
29.60873195909912 29.93266625468064 0 0
26
0.6261415113315039 0.3339603217737412 0 0
2.109177329432197 2.025957915801921 0 0
2.558119615235719 2.518982111368547 0 0
2.710441054310364 2.695280510315014 0 0
2.899321612897604 2.872644807509506 0 0
4.19164284055461 3.302992886031298 0 0
4.985781051610617 4.749955001936757 0 0
5.090539641147249 4.98907751515627 0 0
8.477872368198902 5.544518218008202 0 0
9.386825802007332 8.503212039102797 0 0
9.796498140833437 9.490212596203309 0 0
12.5900843234991 11.36975925132348 0 0
13.38916512806115 12.59922947721587 0 0
13.81199756829279 13.51538839101646 0 0
13.823318959668 13.81665255150049 0 0
16.18856137232543 15.5669838501344 0 0
17.00490978379304 16.43050928282059 0 0
17.37309336573352 17.05500678378303 0 0
17.65191189842423 17.52915625219591 0 0
19.62962366309804 19.62106105968825 0 0
19.72841789230259 19.65855095619917 0 0
21.38729777174996 20.97326180553668 0 0
22.10964944881196 21.92072354211314 0 0
22.82769424587215 22.27447454697751 0 0
26.9440699299582 23.3102745584107 0 0
30.00797896214227 27.70591966773632 0 0
29
1.023221160827869 0.8252028787829845 0 0
1.893819432799425 1.691722496998427 0 0
2.133952333278368 1.94752253040448 0 0
5.104955698597301 2.48536234114592 0 0
5.953564817319043 5.584232468406235 0 0
6.297051036591278 6.295071802091774 0 0
8.227595769547074 6.766045881180138 0 0
8.305044265706563 8.273701865094788 0 0
9.831654579400492 8.441755955857309 0 0
10.12545591102212 10.07105805115093 0 0
10.17118640589737 10.16793377657656 0 0
11.6145522090437 10.4209979523729 0 0
11.90242216139054 11.70892842315486 0 0
15.42777612373352 11.98345299469143 0 0
16.52153871637337 16.21390832097403 0 0
16.96671971834762 16.59385174345193 0 0
18.00827191302634 17.01162935470784 0 0
18.66009706342813 18.07220069544604 0 0
21.13674630355652 18.84945936766718 0 0
24.17428356393698 21.31341248341488 0 0
24.28634954071707 24.23682488949126 0 0
24.43415008511204 24.33332834713147 0 0
25.37709443076153 24.94533161283518 0 0
25.51116294228711 25.46575947159746 0 0
25.83341366916845 25.75257283982123 0 0
26.22884947068134 25.9772893541861 0 0
26.62909569108322 26.30228727277889 0 0
26.76975357269519 26.62939086914406 0 0
29.88796608648143 26.88044148031749 0 0
