# Status file for ctqmc. Used to save all times t_s, t_e.
10
32
1.306578622187018 0.1429759325739148 0 0
2.491326846838048 2.203549701962709 0 0
3.37883051170257 2.535839524415996 0 0
4.821841002641071 4.815637451779054 0 0
6.253047246447201 5.995385421454342 0 0
7.498402349413619 7.456191379297109 0 0
8.498659017474813 8.420511049173315 0 0
9.017835747323437 9.008845393415005 0 0
9.825475342157313 9.775186777545963 0 0
10.85572364755185 10.73458066216885 0 0
11.41316482824128 11.38484636557833 0 0
12.67096621398941 12.6533697757029 0 0
13.59365629790053 12.98498687493508 0 0
14.14186804905336 13.77361646180733 0 0
16.22342924168523 14.30370561922136 0 0
17.0205810556962 16.95747603300521 0 0
17.06071610523061 17.04490172658766 0 0
17.33656249939931 17.32858127672197 0 0
18.06495220335136 18.01495183161375 0 0
18.61514974947347 18.58787074401173 0 0
19.34374157801591 19.32221991626832 0 0
20.11890348305833 20.11862704687424 0 0
20.37477581361698 20.29986634070283 0 0
21.62576493922542 20.88418984607368 0 0
21.78113341782445 21.7807538254675 0 0
22.40521615878349 22.38991102653974 0 0
22.90750945213785 22.63125093719523 0 0
24.23581834198154 24.18165236900148 0 0
26.00072896663428 25.54446604971855 0 0
29.18082435735695 26.91235531350813 0 0
29.91299256790385 29.88437631775961 0 0
30.03509024060152 29.98683641767257 0 0
15
0.04494084279569677 0.03764343026629646 0 0
2.472240766697267 1.928084114714426 0 0
2.907056395400443 2.580169992061911 0 0
5.215586802489581 5.206750956379589 0 0
15.49432655003032 15.33973552533994 0 0
16.46554784252152 16.1726208454742 0 0
19.46308299291573 19.09449999291379 0 0
19.63506248793031 19.54159100768339 0 0
21.07310601005442 21.06437886731643 0 0
23.68688914630613 23.64566835652375 0 0
26.74374831502023 26.71880005830272 0 0
27.36711920970373 27.33165054026207 0 0
28.27729625650258 28.18784377609814 0 0
28.99113540180807 28.72149147868784 0 0
29.74113227944559 29.73346511433602 0 0
14
0.04676407940067406 4.957690609882751 0 0
5.628191631803854 6.934814102521724 0 0
6.940047063928496 9.037658433343601 0 0
9.130035061815793 14.59999493155577 0 0
14.6026397665243 17.05880012303202 0 0
17.06775482121766 22.40492204881143 0 0
22.5146597316867 22.99598224022495 0 0
23.0400944057299 23.93389197498839 0 0
23.97376585833855 25.17585223447547 0 0
25.24416371729883 25.63335239003374 0 0
25.67531529068387 27.53143083936209 0 0
27.63032652884854 28.82703428563937 0 0
29.09072803874611 29.4982682420682 0 0
29.92015905337784 30.05527802007108 0 0
36
0.2196974991443564 0.2053367976632498 0 0
1.162962073206052 0.8041129273268514 0 0
1.994720590570873 1.414081348305529 0 0
3.893451620582652 3.834066364544587 0 0
5.471188167672101 5.455814407378669 0 0
5.657083609052268 5.589954782308087 0 0
6.586291302642619 6.299643501107814 0 0
7.25673077610996 7.027864534955782 0 0
7.843607605238993 7.734123454653108 0 0
10.56332635143282 10.56064543269452 0 0
10.65512228890482 10.6133953486778 0 0
12.10641719880607 12.10082601853518 0 0
12.17834842632646 12.14562043692354 0 0
12.23172667769019 12.20556302147192 0 0
12.64339286182518 12.39997210389303 0 0
13.97127620306682 13.44710797736937 0 0
14.26349989443467 14.15559292925387 0 0
14.56177271022572 14.36846793432969 0 0
16.71252893550622 15.03714329248557 0 0
17.18498912692947 17.06215303055036 0 0
17.47806355544952 17.3312207862209 0 0
18.32204591472829 18.30379351537844 0 0
19.02549699020826 18.85799244599927 0 0
19.1640354799754 19.13822744435373 0 0
20.02739035460797 19.92372559567493 0 0
20.3828325139366 20.11741010425245 0 0
20.66154251052875 20.59659738111666 0 0
21.71554009483861 21.51570057212563 0 0
22.47884663986887 22.42657273941792 0 0
23.87370741789551 23.55350802282469 0 0
24.08194024032953 23.96766766906428 0 0
25.51507243561172 25.42782676283586 0 0
25.74497504407452 25.70986090544806 0 0
27.74346731294001 27.72730721089968 0 0
27.85873135200083 27.83816158238041 0 0
29.19089859584407 28.93812608219424 0 0
9
2.285510270704872 2.276138482451852 0 0
4.778697812348029 4.596917362492107 0 0
6.397844706601685 6.322018932423451 0 0
7.201862494803033 7.181569958565458 0 0
16.07375843390909 16.02290933155876 0 0
16.51395083257919 16.47759786965823 0 0
16.77694866982201 16.59581300659518 0 0
19.01187503175891 19.00221584671599 0 0
22.28705435700082 21.79718225155706 0 0
32
1.258914247249045 0.1443602092297169 0 0
1.751303312152071 1.639971413163893 0 0
3.219791851318281 1.941767281934546 0 0
4.634655384588992 3.381812792876672 0 0
5.489715461761203 5.183791801920425 0 0
6.474488207485644 5.52569746830322 0 0
9.852288179035021 6.816190956596385 0 0
10.15365834010598 10.09232214624363 0 0
10.38606877713826 10.3151002348749 0 0
10.71554194588518 10.60656303109729 0 0
10.80129581962158 10.77202473965544 0 0
10.90809480794747 10.8421339885601 0 0
12.68365861022109 11.82299854320373 0 0
14.16101378052638 13.19777317550319 0 0
14.55162610123484 14.47846138182297 0 0
15.2874377562608 15.27752443151303 0 0
16.85211429623607 16.29035451544226 0 0
17.77472450233681 17.32993659734549 0 0
18.06858118849115 18.03083120410515 0 0
18.93648060122103 18.81776400124596 0 0
19.13756733368018 19.04809791988632 0 0
19.90837245765973 19.26831054446532 0 0
20.60819883251281 20.3262605768472 0 0
21.02511106066026 20.74086831418021 0 0
21.09555940931853 21.09252524084224 0 0
21.32218511261609 21.30651840367389 0 0
22.62162688478211 22.00482713183069 0 0
23.34389394693881 23.22040655332695 0 0
24.29566211978934 24.25847481535605 0 0
25.6060278753743 24.90764860350147 0 0
27.07634650836487 26.1342127225929 0 0
29.89538226199593 29.52498621921055 0 0
33
1.00656578899514 1.222806646201985 0 0
1.593575400830979 1.701078615538846 0 0
1.716622777062446 1.895829457388626 0 0
2.135894216332949 2.796972395651328 0 0
2.938640613122368 3.868039151999151 0 0
4.104998117751472 4.310802551446479 0 0
4.319253311971411 4.743560818685739 0 0
5.164715254615237 5.331251117987656 0 0
5.848096268968114 5.987077128356223 0 0
6.056525997465821 6.277669960118473 0 0
8.98009335096272 9.042786793852168 0 0
9.980497667132278 10.10080715449387 0 0
11.94286252753049 12.67444414278793 0 0
12.77377751991518 12.82764294392994 0 0
12.83128268808867 13.67398798107344 0 0
13.71829711822438 14.1752529380897 0 0
14.30134787738714 14.63286765213006 0 0
14.65603036386713 16.17135107917024 0 0
16.37555080132611 16.39874989809705 0 0
16.46881532560662 17.47394292755852 0 0
17.49161824960968 17.57530728705663 0 0
17.93811624812207 18.05182763613235 0 0
19.2134332411693 19.59865940967842 0 0
22.01756335913303 22.06416678506502 0 0
22.09779703494014 22.16621173544296 0 0
22.23233151554606 22.95277094720055 0 0
23.56858568880342 24.3473497918607 0 0
25.13514108351428 25.81893565824709 0 0
27.81360225464664 28.02595444384981 0 0
28.08682776100307 28.47574859683401 0 0
28.76143311801193 29.38325088822023 0 0
29.4319018644063 29.49683499402245 0 0
29.76496536087683 29.77937103465292 0 0
13
2.615338200571862 1.147320666635729 0 0
6.148012463877521 2.921031535508101 0 0
7.401757041770772 6.432932071782202 0 0
8.434127353052673 7.831400814959848 0 0
10.54787331920208 9.548819447240044 0 0
11.86236232060577 11.0837786887028 0 0
12.42904890386779 11.97230054366175 0 0
13.49175630916065 12.95687669492111 0 0
15.82691745975938 13.54148488892187 0 0
19.8128707321636 16.47921070991568 0 0
21.45378772112146 20.55909575084644 0 0
22.04468101185905 21.8072404818197 0 0
28.81971153562286 22.66522430924928 0 0
37
0.2523655135744853 0.124019837027916 0 0
0.445960819543707 0.3871823252131925 0 0
0.8628220964179464 0.8509338315018804 0 0
2.446539569996884 2.318183022801926 0 0
3.270912198850939 3.24738057096951 0 0
3.72988434598211 3.416648492618293 0 0
5.134361640403005 3.851697116332671 0 0
5.801066767973081 5.79571398487166 0 0
5.946804679943669 5.905178699642786 0 0
6.123126830128713 6.087375885564293 0 0
7.462749052146821 7.328848314680311 0 0
7.721774961097917 7.649498068143461 0 0
8.886148544919674 8.656872208421468 0 0
10.06002201063659 8.964552934626536 0 0
13.08811039814781 10.27759085623445 0 0
13.22402412957028 13.16715658628923 0 0
13.4122382617946 13.36418360050113 0 0
13.70705867984972 13.60719120702253 0 0
14.89530462509451 14.66234949805867 0 0
15.51712177334877 15.49064382473144 0 0
16.22481458541138 15.65329100564798 0 0
16.35555312508769 16.3420613430727 0 0
17.64572042990497 17.13371235673456 0 0
17.87582977572537 17.81692413562451 0 0
18.01632001365323 17.89632499816759 0 0
18.71133476992663 18.58509456043504 0 0
19.5309900639474 19.3425959761146 0 0
19.62713958392245 19.61057812544439 0 0
20.97114454358577 20.45291973851471 0 0
21.60677840190601 21.54714414646046 0 0
22.75060924292831 22.60930737232131 0 0
22.99149232399397 22.77466342232195 0 0
25.31194818706536 23.33944592375791 0 0
26.21154802347116 26.07483444935104 0 0
27.19486392774121 27.19271011861931 0 0
27.53392427958859 27.35041567888093 0 0
30.02131324537878 29.30188868548942 0 0
15
2.39342790999909 2.808701140975614 0 0
3.600111510957188 3.626342905375627 0 0
6.453487841371858 6.453857792250478 0 0
6.676085939691163 7.100225967868479 0 0
7.205098881660158 7.219510999247695 0 0
10.18765671815524 10.70939885697967 0 0
15.69967625356789 15.7730052094178 0 0
15.91394471077088 16.20007007167325 0 0
18.9470999300318 18.99629027823116 0 0
19.30202033847164 19.75882742006575 0 0
20.35333735065072 20.38274546452515 0 0
21.01885709149452 21.04556931550008 0 0
23.0037904276898 23.36602241695588 0 0
23.42789336563735 23.6938129494313 0 0
29.3106971043231 29.89575652297603 0 0
