# Status file for ctqmc. Used to save all times t_s, t_e.
10
25
0.3853507063566582 0.05045208545154178 0 0
1.502477987530565 0.5421972571372962 0 0
2.945657086697809 2.649366747895402 0 0
3.235373138450553 3.227002119011645 0 0
4.845628936801321 4.683676556179964 0 0
8.908056575331845 8.830400850188417 0 0
9.949488432728858 9.805100452193159 0 0
10.18190591682091 10.18042988642116 0 0
10.49763613128006 10.39661315650793 0 0
10.92633863383077 10.56370092839371 0 0
11.54254543723508 11.48556956721134 0 0
12.21688565505728 12.0131577226925 0 0
12.95134423933558 12.7158589973158 0 0
14.906233778791 14.58288757292986 0 0
16.36349938424104 16.30842193207979 0 0
17.47071234042394 17.40376255371474 0 0
17.61976835539761 17.5848360435572 0 0
19.26618104485928 17.98097294876354 0 0
20.31353923676367 20.15789939406499 0 0
20.86571336155422 20.77928386586705 0 0
20.92827845352021 20.92621355916831 0 0
25.16222352453282 25.1368382211719 0 0
27.49188935344792 26.71007967979363 0 0
27.75708011774488 27.71658528070471 0 0
28.02817330438121 27.90924500389015 0 0
26
1.70491564597915 1.686345472396156 0 0
2.334442911876784 1.905261827102106 0 0
3.679785164698558 3.265230421447449 0 0
3.820670992082196 3.794055642446766 0 0
4.235252239377236 4.163480866324563 0 0
5.216142720809531 5.044058933263681 0 0
5.51160525916052 5.372680159171335 0 0
7.431226887106483 7.335270087255211 0 0
9.738453120485939 9.632634832654812 0 0
10.62762541300304 10.4339560439791 0 0
10.86710726786419 10.83929949403418 0 0
14.22750278627775 14.20613872992591 0 0
15.69653045780775 15.39604150104589 0 0
16.54980755607751 16.37367269262899 0 0
17.03961969553214 16.91062616517501 0 0
17.55426776710296 17.34290019128096 0 0
17.59255272396122 17.58857488089215 0 0
18.36113900922083 18.15034417007577 0 0
19.48970015265893 19.43674749030728 0 0
19.65013096600767 19.56785521418834 0 0
21.4349048628252 20.58017163540659 0 0
21.89932163280529 21.66530783871685 0 0
24.7179098917439 24.69345844022872 0 0
26.01195320851753 25.98449232817536 0 0
27.80474349888199 27.76095255452059 0 0
29.2956348720091 28.36649667593753 0 0
8
2.419219584244889 2.269266346301489 0 0
4.402317990155457 4.240421490418083 0 0
7.849854509621896 7.097456582422775 0 0
8.997624451964358 8.901621065167745 0 0
16.38954040603953 16.36274408021026 0 0
24.47923715755127 24.4759090050962 0 0
27.27553889659955 27.19821655289515 0 0
29.64446079759033 29.35196150301099 0 0
24
2.949285981714995 2.923819740891947 0 0
4.981866659029157 3.729007593530306 0 0
6.792615514342533 6.692304355375863 0 0
8.601260020503981 8.497448427087203 0 0
9.247657127981075 9.220492408264452 0 0
12.09729524914617 10.95275581737289 0 0
12.21080046243031 12.18471524738833 0 0
12.43506393071895 12.42660308382461 0 0
13.89691011682665 13.88927968946395 0 0
14.70088522153818 14.51084321001614 0 0
15.18235789027126 14.94406694737521 0 0
15.83412424957528 15.28189261302234 0 0
15.97604879095898 15.91822119943362 0 0
18.587676816271 18.37452016011019 0 0
18.78472419280974 18.64608266746326 0 0
20.79536325568429 19.43873214886185 0 0
22.88842045019909 22.8129210221372 0 0
23.04859533673879 22.9989002339706 0 0
24.93734241495567 24.35014727357048 0 0
25.94758967649048 25.89448506615423 0 0
26.11307271495643 26.1082880301213 0 0
27.54733157576876 26.77645074010532 0 0
27.58566567404454 27.54799770255529 0 0
27.89878151217804 27.76347192661922 0 0
10
1.872749177000934 1.758739394161774 0 0
4.049806203928759 3.612301272220686 0 0
8.074621375602769 7.499580784873473 0 0
8.561305855275014 8.206512564499793 0 0
12.70212310766379 12.43833027713025 0 0
14.90251146881692 13.17751589945742 0 0
15.68301732830082 15.53213823342817 0 0
17.82512337419068 17.8152282786852 0 0
19.98315737701311 19.77632192765362 0 0
25.47025591301756 25.46849429253782 0 0
31
1.450332528260084 1.990997983054523 0 0
2.352255348667125 2.480120440826739 0 0
2.720153431195772 2.968422096433999 0 0
3.047072927672113 4.136795012958275 0 0
4.18017398259578 4.474176717304867 0 0
4.525037620805438 4.910556856809758 0 0
4.933734003852952 5.134737403768121 0 0
5.359730184437582 5.550772009258853 0 0
6.052184109634307 6.194470439368366 0 0
6.370129850233421 6.399554386149695 0 0
7.07506845680714 7.159467627806217 0 0
7.298271793394814 7.718729957683522 0 0
7.990280132259486 8.046178936895796 0 0
8.324604396037067 8.458094056797105 0 0
8.512669333207375 8.737037943223989 0 0
8.839010882145542 9.329048490130111 0 0
10.19123619190144 10.49928837906576 0 0
12.82409685293955 13.2286735391286 0 0
13.25245483295534 14.50892719987175 0 0
14.5892231667031 14.98339121199199 0 0
15.47060760600001 15.50664757644807 0 0
15.53917690288897 15.76598779009461 0 0
16.24013818622718 16.65981402287654 0 0
17.40278202570858 17.80800895413702 0 0
17.99757131033222 18.09402257891228 0 0
19.27252832582933 19.8785209407719 0 0
20.12417555816259 20.41734863508516 0 0
20.58443996616216 20.64369190530249 0 0
23.7553928743101 24.10850213500739 0 0
26.78580989289554 28.01174154549017 0 0
29.74819885098474 29.82051931579809 0 0
34
1.954281985531346 1.012626935636434 0 0
2.903146746078301 2.542756534039676 0 0
3.276476851227578 2.988408083890113 0 0
4.237580641185457 3.511236776829413 0 0
7.325961488730199 4.389306583476421 0 0
7.827050835468575 7.806983240450174 0 0
8.36898759547875 7.867847151273603 0 0
9.337910125975244 8.526838392003322 0 0
10.93651350027374 10.10948200566859 0 0
11.51075012362167 11.49136755828231 0 0
11.67094281097445 11.6078013611882 0 0
15.80219460014378 14.6871375144953 0 0
16.30505076348775 16.13339247730449 0 0
16.77641631996512 16.76003233129536 0 0
17.08957940738934 17.04787174093645 0 0
17.50472247874833 17.41990611862096 0 0
17.54148563162932 17.52184065070348 0 0
18.71429739773119 17.92207782498862 0 0
19.15747713429946 18.73288858546511 0 0
19.78986677115618 19.78549936928081 0 0
19.94001008596974 19.90768214858343 0 0
22.14027597951819 21.96701750526269 0 0
22.32824586360501 22.3031240756565 0 0
23.56257675133692 22.48135991556211 0 0
24.10683651846275 23.66583201838251 0 0
24.44961577619332 24.44332535833106 0 0
25.94879112387985 24.94666941500416 0 0
26.09990489427768 25.97458385911089 0 0
26.1460331898327 26.12189819641167 0 0
27.39645084783816 27.10064915406297 0 0
27.52997816815508 27.52677346254668 0 0
27.91152563589847 27.62052629471587 0 0
27.97247501951468 27.92974856216902 0 0
29.96557617965124 29.09002846558712 0 0
25
0.9378733259985594 0.6210591654163089 0 0
1.953153919049116 1.228742547064654 0 0
3.808918051759529 2.351118075093712 0 0
4.511056193177926 4.178733206903789 0 0
5.676262610427623 5.192701177599674 0 0
6.677354721267361 5.737338588205067 0 0
7.328855746694481 7.235787940178666 0 0
8.124945943823519 7.456544647192833 0 0
10.08366416621354 8.41121615970372 0 0
11.44717146122102 10.93801318823858 0 0
11.90799893882291 11.78640260233355 0 0
14.48944078371652 12.4431916697458 0 0
14.57685273949454 14.50872729517048 0 0
15.23409953585269 14.94943706541171 0 0
15.72702422034811 15.71635786615736 0 0
16.3512469015779 16.24776518107551 0 0
17.50900069650636 16.47077435159406 0 0
17.65527911493001 17.58918400703079 0 0
19.35951208194247 18.25580756630095 0 0
20.96906061349418 20.7887501642067 0 0
22.05820680400135 21.64542580272107 0 0
24.62602374629331 22.16073903066417 0 0
26.75355686579173 24.63064102143085 0 0
27.42800751505479 27.37805604044135 0 0
29.97695662131017 27.57804658749784 0 0
26
2.178253724299665 2.299283874899383 0 0
2.654683243248274 2.877623374054824 0 0
2.894659331737536 3.054845820676722 0 0
3.27474024247989 3.467830376091369 0 0
3.494220756035129 6.061601988972348 0 0
6.326183809293616 6.726479725111196 0 0
7.204185358269099 8.422074636694557 0 0
8.528579255858505 9.006486460891804 0 0
10.46902989051329 11.22149092653863 0 0
11.23210355572426 11.27279847410032 0 0
11.45790635847241 11.74303303849403 0 0
13.51682921657464 13.73304620466445 0 0
14.2941942210555 14.35609439942335 0 0
14.53750546738735 15.93699490473921 0 0
16.94424650503426 19.25259929752579 0 0
21.11055590000258 21.11491996028672 0 0
21.90839824300579 21.9435141069102 0 0
22.41059486333552 23.04575096203333 0 0
23.21168709349435 23.71122941583095 0 0
24.09515879660798 24.50348045035246 0 0
24.62146454525006 24.79154425475352 0 0
24.83440227633348 25.62123713851576 0 0
25.90100450792981 27.15828470130162 0 0
27.18136651179454 28.59364988687622 0 0
28.79493984880681 29.51814079971995 0 0
29.55228161598936 29.96639861483083 0 0
20
0.8130034031566935 0.09233905031201672 0 0
1.104303020323543 0.8275266718866577 0 0
3.551751595838657 1.48224461262664 0 0
4.591385505151908 4.511180111629459 0 0
5.597051050066196 4.648615739499351 0 0
7.693875163112285 5.610462402806973 0 0
10.45849676336928 8.422459796679773 0 0
10.73639905097773 10.712680962445 0 0
11.17797917236386 10.91389564947288 0 0
16.17696733245741 12.54208962298893 0 0
16.72425434760032 16.19220338233758 0 0
18.43805250778782 16.94388236534374 0 0
18.60960692435693 18.51976396981732 0 0
19.04501506876002 18.98238613877956 0 0
21.18991816325166 19.83495108331054 0 0
23.28068506229818 22.06136446285573 0 0
23.4715874902986 23.37171667561582 0 0
27.15325129630396 23.55658735799318 0 0
29.15863167074128 27.38497537649455 0 0
29.73986972242916 29.34528187961162 0 0
