# Status file for ctqmc. Used to save all times t_s, t_e.
10
21
0.2284272118434387 0.03432454818243258 0 0
1.092598661624006 1.063553537493056 0 0
2.329217959230779 2.254369841246981 0 0
4.258744508223212 4.215948751335729 0 0
6.88805248028445 4.803848928831637 0 0
8.706202899196327 8.538913714738785 0 0
11.16561270215786 10.51204378024535 0 0
12.35882054928924 12.32652223361081 0 0
13.63387218898621 13.36817785003548 0 0
14.2014744415379 14.13771289663618 0 0
16.11908167131064 16.05475364235534 0 0
16.80269362714849 16.23043903674213 0 0
18.17430396980334 17.04258080478085 0 0
20.20802921448217 19.01200504981123 0 0
23.63047276692329 23.36064375285043 0 0
24.33992951552242 23.71512739586202 0 0
24.78146640296458 24.76333161259207 0 0
26.75638449834712 25.58850240728874 0 0
29.20757344940613 29.12858625697811 0 0
29.50677589460277 29.3234152062594 0 0
29.89342361683737 29.85114893342819 0 0
18
0.979810716023835 0.769509562589069 0 0
3.058390901686179 2.949180164340728 0 0
4.99979499918497 4.973270560556205 0 0
5.729657318832638 5.704102777734302 0 0
6.242364477169931 6.09328984881115 0 0
6.47781909086516 6.296855226333587 0 0
7.986243323353743 7.889301277270187 0 0
12.80415813615337 12.48957839789577 0 0
12.88205844550489 12.82009763806232 0 0
17.98808126545861 16.63307988554557 0 0
18.75650608238244 18.72373539199295 0 0
20.52788538886701 20.44599615476409 0 0
22.94805542259991 22.37567098354567 0 0
23.470989672587 23.3749700805303 0 0
25.05209621564477 23.70668278254136 0 0
25.5163650489088 25.47314195337239 0 0
28.45658306134347 28.36761801228906 0 0
29.74460380627144 29.11653379224193 0 0
10
5.433628563783135 5.303126769386882 0 0
12.56206999111669 12.49955064052538 0 0
14.34737000393038 14.33078876014886 0 0
17.14661492142505 17.00282988734132 0 0
17.67884123728193 17.64882540257983 0 0
18.03029551684893 17.82779098257044 0 0
21.21614103614561 21.18267273958631 0 0
22.35322374932879 22.29898952888352 0 0
23.34843949979956 22.60094133336719 0 0
29.43739293220999 29.43476604035686 0 0
20
0.9982632255754149 0.9388114609315614 0 0
1.590656665984102 1.437276470229714 0 0
1.797356166389019 1.797030995374456 0 0
9.846117606606404 9.72628894400807 0 0
10.13965547717507 9.908559101693049 0 0
13.20709106448305 12.48888037190378 0 0
13.39438883721143 13.33549800992884 0 0
13.98609489440175 13.95816164290793 0 0
16.38204352551085 16.23144978528888 0 0
16.74380951924321 16.71583204676405 0 0
16.82113945697628 16.81384544354798 0 0
18.3892756373859 18.07656277563344 0 0
18.89494575892489 18.84064466085799 0 0
19.96963567622254 19.68649984108411 0 0
20.06338837243664 20.02190418810705 0 0
21.10624326414467 21.10070981557934 0 0
21.20674407384583 21.15746919930105 0 0
22.75126915869453 22.74484442119766 0 0
28.23185233708532 28.22773143258237 0 0
29.27503734264604 29.25925664643497 0 0
9
7.546449859224585 7.467432860527516 0 0
8.116218572309414 8.101107400262146 0 0
10.86436431970543 10.85049626742287 0 0
11.37331952245558 11.15300470179657 0 0
17.47647687154549 17.46163236105932 0 0
17.53784234388394 17.48676541672634 0 0
19.22850936770503 19.16407512242703 0 0
26.09027424871686 26.04092710240984 0 0
29.27857208408988 29.26678798175435 0 0
28
0.7958597594960684 1.412441623956047 0 0
1.519505556194301 2.116283031965819 0 0
2.34160299706006 2.615504101907571 0 0
2.657412932937635 3.24047258004681 0 0
3.258000194082205 3.578844193935965 0 0
4.051337615171127 4.115772525543936 0 0
4.196098599132265 4.310510389346943 0 0
4.562039806247856 4.629128980622848 0 0
4.709231321292331 4.719913775729908 0 0
4.801001106710829 6.698279937790863 0 0
6.781224942685884 7.191588177547949 0 0
9.439065200616362 10.08410294255787 0 0
10.46904969824679 11.12953111595637 0 0
11.74819077666385 12.11054406559882 0 0
12.14075899985119 12.24385480911753 0 0
12.27725068166632 13.22601790398935 0 0
13.93427682111466 16.50090474910652 0 0
16.50747133582414 17.29580662679207 0 0
17.37199547346282 18.67957440682527 0 0
18.75060207501171 18.93663048214878 0 0
19.34885326205294 19.46273145886532 0 0
20.42045382952725 20.62995358288121 0 0
22.10205735568585 22.48799705676135 0 0
22.5045450669387 23.1458946573233 0 0
23.24355849978364 23.63236513180268 0 0
23.63293663963658 23.63612127859524 0 0
23.75923414849651 24.4869309245739 0 0
25.15924027640009 26.26911011433209 0 0
28
0.7688677524051768 1.518228526994416 0 0
1.531796800205108 1.587253184436301 0 0
1.731401228289589 1.868241220680013 0 0
2.119151012443216 2.165514505349556 0 0
2.711491317434903 3.344548295577277 0 0
3.894457476452305 4.041975030447377 0 0
4.98320729190127 5.15595454491953 0 0
5.294012655143666 6.762860560406379 0 0
7.864455307922652 7.936828333681436 0 0
7.961202390073733 7.973843991282184 0 0
8.027480806707432 8.113666567266318 0 0
8.141647360457645 8.198706888428575 0 0
8.204096977050895 9.845258922256296 0 0
10.48917610872113 11.41041651945538 0 0
12.52869863165642 13.35780860131941 0 0
15.08966321962505 15.5137200935927 0 0
17.14487288999636 19.05610631639461 0 0
19.06489382250005 19.41094691392757 0 0
19.50281360765817 19.77896558690971 0 0
19.79068837357144 19.85994809845127 0 0
19.86810663340421 20.08612878195655 0 0
21.6586627790198 21.72990077964822 0 0
22.68245919141979 22.75999935388037 0 0
23.68314285656174 24.16412060930415 0 0
24.27575963681882 27.21279640003558 0 0
27.31112747702223 28.10874498565268 0 0
28.11365659344621 28.11814206993243 0 0
28.33363826234867 29.76301603946966 0 0
18
2.227500259451738 0.01423630671436626 0 0
5.016267896969333 2.403567791051889 0 0
5.063810548564341 5.057966998594469 0 0
7.051969930439027 5.150945998362145 0 0
9.989503542128482 7.053057488738183 0 0
10.36733129474168 10.25477407032144 0 0
11.04996811437254 10.97889927167996 0 0
11.87905590704855 11.86437737957129 0 0
13.75488850465091 12.40045182426467 0 0
16.27444975387585 13.76330709475464 0 0
19.68992378219339 17.96231654671205 0 0
21.44847081730425 20.26892781742822 0 0
22.06096358108606 21.53963399379411 0 0
25.16166006667113 22.33595716478706 0 0
26.02547360109271 25.19004078095864 0 0
28.29943667923254 26.44626947246843 0 0
28.5099319664332 28.36931053183129 0 0
29.65202615403462 28.61059667972167 0 0
23
0.07215799121233601 0.3102838318577614 0 0
0.5267957305293005 0.8334150881699252 0 0
3.400838481803181 4.80635427465301 0 0
5.768527691498899 6.267271053493111 0 0
6.381878110023237 6.679061881929131 0 0
6.781612350699429 7.830666344526277 0 0
7.913533084149066 8.22395257582529 0 0
8.418742165832558 8.960241641949334 0 0
10.40448388022506 10.55269502457357 0 0
12.45208701281785 12.74311041165068 0 0
13.29134429758158 13.92973044704205 0 0
14.53419513816572 15.03727335106195 0 0
16.80119818529258 16.95047717436271 0 0
18.06461746724844 18.22774337905686 0 0
18.76950279231101 20.53421340864288 0 0
21.39172556862119 22.3696164231931 0 0
22.43804051057258 23.50403533172216 0 0
23.57831033396126 24.23971049150936 0 0
24.40083507154571 24.84724065417163 0 0
26.65266587501026 27.81881291308414 0 0
27.82788058855673 27.93819036039608 0 0
28.2334545282054 28.7219527366512 0 0
28.73285647059175 29.81177024476863 0 0
17
0.04756693478192275 0.4760396908220073 0 0
4.748641960960558 5.913531364233212 0 0
6.578336275065093 7.357718384893381 0 0
7.370302267893575 7.878659725850868 0 0
9.148864407329398 9.398454099753497 0 0
10.10249357311048 10.26505746270789 0 0
13.69915678904033 14.23271699966141 0 0
14.72855425104809 14.78098069419739 0 0
16.12777378400315 16.36968682770163 0 0
16.62706358351963 16.94692513864183 0 0
16.9834701083076 17.72562131776679 0 0
17.98294208181231 18.34409686344783 0 0
24.49995305839817 24.73527720714875 0 0
26.41804229456864 26.59274615584819 0 0
26.62860248317277 26.70212944167605 0 0
27.92663289499203 28.51293114577336 0 0
29.22329891247077 29.96158263695535 0 0
