-10.0	-0.10209121106741899	-0.0010521470084188687
-9.97496871088861	-0.10235520660944987	-0.0010576462861409883
-9.949937421777221	-0.10262058352352585	-0.0010631891796681003
-9.924906132665832	-0.10288735277716597	-0.0010687761554873556
-9.899874843554443	-0.10315552545530819	-0.001074407686391877
-9.874843554443054	-0.10342511276189764	-0.0010800842515841743
-9.849812265331664	-0.1036961260215007	-0.0010858063367815435
-9.824780976220275	-0.10396857668094825	-0.0010915744343235013
-9.799749687108886	-0.10424247631100186	-0.0010973890432813326
-9.774718397997496	-0.10451783660805142	-0.0011032506695697593
-9.749687108886107	-0.10479466939583928	-0.0011091598260607935
-9.724655819774718	-0.10507298662721246	-0.0011151170326998297
-9.699624530663328	-0.10535280038590526	-0.0011211228166240145
-9.67459324155194	-0.10563412288835251	-0.0011271777122829633
-9.64956195244055	-0.10591696648552945	-0.0011332822615618555
-9.62453066332916	-0.10620134366482847	-0.0011394370139069798
-9.599499374217771	-0.10648726705196171	-0.001145642526453789
-9.574468085106382	-0.10677474941290022	-0.001151899364157478
-9.549436795994993	-0.1070638036558442	-0.0011582080999262283
-9.524405506883603	-0.10735444283322557	-0.0011645693147570915
-9.499374217772216	-0.10764668014374908	-0.0011709835978746216
-9.474342928660825	-0.1079405289344632	-0.0011774515468723308
-9.449311639549435	-0.1082360027028704	-0.001183973767856982
-9.424280350438046	-0.10853311509907146	-0.0011905508755958394
-9.399249061326657	-0.10883187992794956	-0.0011971834936669189
-9.37421777221527	-0.10913231115138948	-0.001203872254612304
-9.349186483103878	-0.1094344228905364	-0.0012106178000946387
-9.32415519399249	-0.10973822942809619	-0.001217420781056807
-9.2991239048811	-0.11004374521067241	-0.0012242818578849363
-9.274092615769712	-0.11035098485114721	-0.0012312017005747793
-9.249061326658325	-0.11065996313110299	-0.0012381809889015411
-9.224030037546934	-0.11097069500328777	-0.001245220412593269
-9.198998748435546	-0.1112831955941221	-0.0012523206715078618
-9.173967459324155	-0.11159748020625443	-0.0012594824758137759
-9.148936170212767	-0.11191356432115829	-0.0012667065461745791
-9.123904881101378	-0.11223146360177758	-0.0012739936139373716
-9.098873591989987	-0.11255119389522077	-0.0012813444213252102
-9.0738423028786	-0.11287277123550032	-0.0012887597216336252
-9.048811013767208	-0.11319621184632586	-0.0012962402794313463
-9.023779724655821	-0.11352153214394355	-0.0013037868707652836
-8.998748435544432	-0.1138487487400309	-0.0013114002833699533
-8.973717146433042	-0.11417787844464265	-0.0013190813168814084
-8.948685857321653	-0.11450893826921056	-0.0013268307830557624
-8.923654568210262	-0.11484194542959868	-0.0013346495059925005
-8.898623279098874	-0.11517691734921535	-0.0013425383223626165
-8.873591989987485	-0.11551387166218192	-0.0013504980816417343
-8.848560700876096	-0.11585282621656096	-0.0013585296463483536
-8.823529411764707	-0.1161937990776443	-0.0013666338922873273
-8.798498122653317	-0.11653680853130283	-0.0013748117087986748
-8.773466833541928	-0.1168818730873984	-0.0013830639990119796
-8.748435544430539	-0.11722901148326031	-0.0013913916801063448
-8.72340425531915	-0.11757824268722744	-0.001399795683576199
-8.69837296620776	-0.117929585902258	-0.0014082769555030462
-8.67334167709637	-0.1182830605696069	-0.0014168364568332619
-8.648310387984981	-0.11863868637257295	-0.0014254751636622045
-8.623279098873592	-0.11899648324031978	-0.0014341940675247173
-8.598247809762203	-0.11935647135176713	-0.0014429941756921925
-8.573216520650814	-0.1197186711395595	-0.0014518765114764414
-8.548185231539424	-0.12008310329411179	-0.001460842114540474
-8.523153942428035	-0.1204497887677292	-0.001469892041216381
-8.498122653316646	-0.12081874877881384	-0.0014790273648305637
-8.473091364205256	-0.1211900048161476	-0.0014882491760364398
-8.448060075093867	-0.12156357864326228	-0.0014975585831548603
-8.423028785982478	-0.12193949230289466	-0.0015069567125224285
-8.397997496871088	-0.12231776812152935	-0.001516444708847956
-8.3729662077597	-0.12269842871403212	-0.0015260237355772517
-8.34793491864831	-0.12308149698837484	-0.0015356949752664798
-8.32290362953692	-0.12346699615045445	-0.0015454596299643087
-8.297872340425531	-0.12385494970900934	-0.0015553189216031321
-8.272841051314144	-0.12424538148063333	-0.0015652740923995444
-8.247809762202753	-0.12463831559489198	-0.0015753264052643773
-8.222778473091363	-0.12503377649954053	-0.0015854771442225465
-8.197747183979974	-0.12543178896585055	-0.001595727614842974
-8.172715894868585	-0.1258323780940424	-0.0016060791446788718
-8.147684605757197	-0.12623556931883045	-0.0016165330837186785
-8.122653316645806	-0.12664138841508168	-0.00162709080484794
-8.097622027534417	-0.1270498615035904	-0.0016377537043224448
-8.072590738423028	-0.12746101505697377	-0.0016485232022529527
-8.047559449311638	-0.12787487590568808	-0.0016594007431017868
-8.02252816020025	-0.12829147124417167	-0.0016703877961917245
-7.9974968710888605	-0.1287108286371153	-0.0016814858562274161
-7.972465581977473	-0.1291329760258652	-0.0016926964438298009
-7.947434292866082	-0.12955794173496	-0.0017040211060838542
-7.922403003754694	-0.12998575447880628	-0.0017154614170999903
-7.897371714643305	-0.13041644336849717	-0.0017270189785896415
-7.872340425531914	-0.13085003791877434	-0.00173869542045531
-7.8473091364205265	-0.1312865680551392	-0.0017504924013955956
-7.8222778473091354	-0.1317260641211186	-0.0017624116095255836
-7.797246558197748	-0.1321685568856854	-0.0017744547630130921
-7.772215269086359	-0.13261407755084056	-0.0017866236107312095
-7.7471839799749675	-0.1330626577593592	-0.0017989199329276294
-7.72215269086358	-0.1335143296027074	-0.0018113455419112871
-7.697121401752189	-0.13396912562913044	-0.0018239022827568042
-7.672090112640801	-0.13442707885191857	-0.0018365920340272586
-7.647058823529412	-0.1348882227578598	-0.0018494167085159152
-7.622027534418023	-0.135352591315873	-0.001862378254007355
-7.596996245306634	-0.1358202189858383	-0.0018754786540587508
-7.571964956195245	-0.13629114072762522	-0.001888719928801762
-7.546933667083856	-0.1367653920103174	-0.0019021041357658159
-7.5219023779724665	-0.13724300882165272	-0.0019156333707232968
-7.496871088861077	-0.13772402767767322	-0.0019293097685574522
-7.471839799749688	-0.1382084856325927	-0.0019431355041536532
-7.446808510638299	-0.13869642028889195	-0.0019571127933147078
-7.421777221526909	-0.1391878698076446	-0.0019712438937010985
-7.39674593241552	-0.13968287291908127	-0.0019855311057968075
-7.371714643304131	-0.14018146893339423	-0.001999976773901588
-7.346683354192741	-0.14068369775179784	-0.002014583287150573
-7.321652065081352	-0.14118959987784138	-0.002029353080561991
-7.296620775969963	-0.14169921642899047	-0.002044288636113975
-7.2715894868585735	-0.14221258914847898	-0.002059392483851391
-7.246558197747184	-0.14272976041743962	-0.0020746672030236024
-7.221526908635795	-0.14325077326732386	-0.002090115423254281
-7.196495619524406	-0.14377567139261566	-0.0021057398257441433
-7.171464330413016	-0.14430449916384966	-0.0021215431445079196
-7.146433041301627	-0.1448373016409421	-0.0021375281676464814
-7.121401752190238	-0.14537412458684387	-0.0021536977386553873
-7.0963704630788484	-0.14591501448152186	-0.002170054757771087
-7.071339173967459	-0.1464600185362825	-0.0021866021833559274
-7.04630788485607	-0.14700918470844332	-0.002203343033323399
-7.0212765957446805	-0.14756256171636797	-0.0022202803866049298
-6.996245306633291	-0.14812019905486773	-0.002237417384659539
-6.971214017521902	-0.14868214701098725	-0.002254757233027996
-6.946182728410513	-0.1492484566801809	-0.00227230320293285
-6.921151439299123	-0.14981917998289696	-0.0022900586329259866
-6.896120150187734	-0.1503943696815715	-0.002308026930585337
-6.871088861076345	-0.15097407939806035	-0.0023262115742624504
-6.8460575719649555	-0.1515583636315027	-0.002344616114882652
-6.821026282853566	-0.15214727777664735	-0.002363244177799762
-6.795994993742177	-0.15274087814264378	-0.002382099464707135
-6.770963704630788	-0.1533392219723157	-0.002401185755607131
-6.745932415519399	-0.15394236746193593	-0.0024205069108410703
-6.720901126408009	-0.15455037378150913	-0.002440066873181787
-6.69586983729662	-0.15516330109558835	-0.0024598696699911216
-6.670838548185231	-0.15578121058463226	-0.002479919415444589
-6.645807259073841	-0.15640416446692965	-0.00250022031282579
-6.620775969962453	-0.1570322260210976	-0.002520776656892973
-6.595744680851063	-0.157665459609184	-0.002541592836320512
-6.570713391739676	-0.15830393070038196	-0.0025626733362180123
-6.545682102628285	-0.1589477058953849	-0.0025840227407298985
-6.520650813516897	-0.1595968529513958	-0.002605645735718506
-6.495619524405506	-0.1602514408078145	-0.002627547111533916
-6.470588235294117	-0.16091153961262922	-0.002649731765873493
-6.445556946182729	-0.16157722074952477	-0.002672204706734917
-6.420525657071338	-0.16224855686574163	-0.002694971055465996
-6.395494367959951	-0.16292562190070442	-0.0027180360499150166
-6.37046307884856	-0.16360849111544604	-0.0027414050476856056
-6.34543178973717	-0.1642972411228557	-0.002765083529499989
-6.320400500625783	-0.16499194991877572	-0.002789077102675012
-6.295369211514392	-0.16569269691397867	-0.0028133915047152385
-6.270337922403004	-0.16639956296705075	-0.002838032607027771
-6.245306633291613	-0.1671126304182167	-0.002863006418763608
-6.2202753441802265	-0.16783198312413383	-0.002888319090790539
-6.195244055068836	-0.16855770649368926	-0.0029139769198029382
-6.170212765957448	-0.16928988752483998	-0.002939986352573825
-6.145181476846059	-0.17002861484252368	-0.0029663539903550438
-6.120150187734667	-0.17077397873768532	-0.002993086593431626
-6.09511889862328	-0.1715260712074514	-0.0030201910858365082
-6.070087609511891	-0.17228498599650063	-0.0030476745602323733
-6.0450563204005014	-0.17305081863966404	-0.0030755442829674164
-6.020025031289112	-0.1738236665058063	-0.0031038076993123846
-5.994993742177721	-0.17460362884303188	-0.0031324724388863824
-5.9699624530663336	-0.17539080682525673	-0.003161546321279521
-5.9449311639549425	-0.1761853036002121	-0.0031910373618806937
-5.919899874843555	-0.17698722433890962	-0.003220953777919237
-5.894868585732166	-0.17779667628664458	-0.0032513039947297275
-5.869837296620776	-0.1786137688155752	-0.003282096652249491
-5.844806007509387	-0.17943861347894952	-0.0033133406117589956
-5.819774718397998	-0.18027132406703372	-0.0033450449628757593
-5.7947434292866085	-0.18111201666480925	-0.003377219030812903
-5.769712140175219	-0.1819608097115082	-0.003409872383914157
-5.74468085106383	-0.18281782406204697	-0.003443014841477562
-5.719649561952441	-0.18368318305044717	-0.003476656481880959
-5.694618272841051	-0.18455701255529944	-0.0035108076510227933
-5.669586983729662	-0.18543944106737592	-0.0035454789710926233
-5.644555694618273	-0.18633059975944408	-0.003580681349686528
-5.619524405506883	-0.18723062255839987	-0.0036164259892831445
-5.594493116395494	-0.18813964621978696	-0.0036527243970972964
-5.569461827284105	-0.18905781040481098	-0.0036895883953286567
-5.5444305381727155	-0.1899852577599446	-0.003727030131824196
-5.519399249061326	-0.19092213399923003	-0.003765062091173976
-5.494367959949937	-0.19186858798938294	-0.00380369710626094
-5.469336670838549	-0.19282477183782265	-0.003842948370286598
-5.444305381727158	-0.19379084098373456	-0.0038828294492955773
-5.419274092615769	-0.194766954292308	-0.00392335429522338
-5.3942428035043815	-0.1957532741522661	-0.0039645372594930665
-5.36921151439299	-0.19674996657683788	-0.00400639310718802
-5.344180225281603	-0.19775720130831154	-0.004048937031829399
-5.319148936170212	-0.19877515192632106	-0.004092184670788841
-5.2941176470588225	-0.19980399596003762	-0.004136152121368201
-5.269086357947435	-0.20084391500441592	-0.00418085595758079
-5.244055068836044	-0.20189509484069218	-0.0042263132476696615
-5.219023779724656	-0.20295772556130398	-0.004272541572401296
-5.193992490613266	-0.20403200169943916	-0.00431955904417517
-5.168961201501876	-0.2051181223634147	-0.004367384326991968
-5.1439299123904885	-0.20621629137610087	-0.0044160366573258135
-5.1188986232791	-0.20732671741962705	-0.004465535865949063
-5.09386733416771	-0.20844961418559743	-0.004515902400760559
-5.06883604505632	-0.20958520053108373	-0.004567157350672097
-5.043804755944931	-0.21073370064065022	-0.004619322470610693
-5.018773466833542	-0.21189534419470388	-0.004672420207698345
-4.993742177722154	-0.21307036654445508	-0.004726473728674633
-4.968710888610763	-0.21425900889381513	-0.00478150694863202
-4.943679599499373	-0.21546151848855294	-0.004837544561137714
-4.918648310387985	-0.2166781488130621	-0.004894612069821543
-4.893617021276597	-0.21790915979511605	-0.004952735821513863
-4.868585732165207	-0.2191548180189926	-0.00501194304102366
-4.843554443053817	-0.22041539694738915	-0.005072261867652539
-4.818523153942427	-0.22169117715255882	-0.005133721393547448
-4.793491864831038	-0.22298244655714466	-0.005196351704001412
-4.768460575719651	-0.2242895006851882	-0.005260183919819674
-4.7434292866082615	-0.2256126429238444	-0.005325250241876159
-4.71839799749687	-0.226952184796351	-0.00539158399799496
-4.69336670838548	-0.2283084462468393	-0.005459219692300065
-4.668335419274092	-0.22968175593760737	-0.00552819305718761
-4.643304130162704	-0.23107245155952344	-0.005598541108086053
-4.618272841051315	-0.2324808801562519	-0.005670302201181186
-4.593241551939924	-0.23390739846305775	-0.005743516094296966
-4.568210262828536	-0.2353523732609833	-0.005818224011136539
-4.543178973717147	-0.2368161817472373	-0.005894468709104072
-4.518147684605758	-0.23829921192271103	-0.005972294550943914
-4.4931163954943685	-0.23980186299756784	-0.006051747580453108
-4.468085106382977	-0.24132454581594528	-0.006132875602541934
-4.44305381727159	-0.2428676833008541	-0.006215728267939694
-4.418022528160201	-0.24443171092045418	-0.006300357162866617
-4.392991239048811	-0.2460170771769427	-0.0063868159040178195
-4.367959949937422	-0.2476242441194029	-0.006475160239234479
-4.342928660826031	-0.2492536878820423	-0.006565448154267659
-4.317897371714643	-0.2509058992493433	-0.006657739986074035
-4.292866082603254	-0.25258138424977633	-0.006752098543119997
-4.267834793491865	-0.2542806647798388	-0.006848589233211211
-4.2428035043804755	-0.25600427926029645	-0.006947280199409147
-4.217772215269086	-0.2577527833266719	-0.007048242464645282
-4.192740926157699	-0.25952675055615715	-0.007151550085697566
-4.167709637046308	-0.2613267732332977	-0.0072572803172534
-4.142678347934918	-0.26315346315697946	-0.007365513786848382
-4.117647058823529	-0.26500745249144353	-0.007476334681543486
-4.09261576971214	-0.2668893946642728	-0.007589830947282332
-4.067584480600752	-0.268799965314521	-0.0077060945019596415
-4.042553191489361	-0.2707398632944181	-0.007825221463330118
-4.017521902377972	-0.27270981172836395	-0.007947312392995376
-3.9924906132665825	-0.2747105591332302	-0.008072472557829235
-3.967459324155193	-0.2767428806043287	-0.008200812210334914
-3.9424280350438052	-0.27880757907176534	-0.008332446889579374
-3.917396745932415	-0.2809054866323297	-0.008467497744517525
-3.8923654568210257	-0.28303746596247714	-0.008606091881706138
-3.867334167709638	-0.28520441181851575	-0.008748362739618503
-3.8423028785982494	-0.2874072526305759	-0.008894450492005499
-3.8172715894868587	-0.28964695219762976	-0.009044502483013734
-3.7922403003754686	-0.29192451149141646	-0.009198673697069403
-3.7672090112640793	-0.29424097057793125	-0.00935712726687171
-3.7421777221526913	-0.2965974106659061	-0.00952003502321837
-3.717146433041303	-0.2989949562926638	-0.009687578090815116
-3.6921151439299127	-0.30143477765870796	-0.009859947534705172
-3.6670838548185225	-0.3039180931235702	-0.010037345062507587
-3.6420525657071328	-0.3064461718766768	-0.010219983788279348
-3.617021276595745	-0.3090203367984357	-0.010408089064531646
-3.5919899874843564	-0.3116419675283004	-0.010601899389747503
-3.566958698372966	-0.31431250375837977	-0.010801667399683116
-3.541927409261576	-0.3170334487731236	-0.01100766095180825
-3.5168961201501876	-0.3198063732579018	-0.011220164313476024
-3.4918648310387996	-0.32263291940182176	-0.011439479465834965
-3.46683354192741	-0.3255148053230126	-0.011665927537141484
-3.4418022528160197	-0.32845382984784316	-0.011899850381037748
-3.4167709637046295	-0.3314518776792868	-0.012141612317574386
-3.391739674593241	-0.33451092499382135	-0.012391602057339527
-3.366708385481853	-0.33763304551107604	-0.012650234832070516
-3.341677096370464	-0.34082041708593686	-0.01291795475866058
-3.3166458072590737	-0.34407532887911013	-0.013195237467627626
-3.291614518147683	-0.34740018916940224	-0.01348259303201402
-3.2665832290362946	-0.3507975338792727	-0.013780569238484612
-3.2415519399249066	-0.3542700358948833	-0.014089755249277506
-3.2165206508135173	-0.35782051527296826	-0.014410785711866984
-3.191489361702127	-0.3614519504398022	-0.014744345383012579
-3.166458072590739	-0.36516749050259817	-0.015091174345653902
-3.14142678347935	-0.3689704688112316	-0.01545207391131754
-3.11639549436796	-0.37286441792877145	-0.015827913317902582
-3.091364205256571	-0.37685308619344593	-0.016219637353626512
-3.0663329161451807	-0.3809404560831696	-0.016628275063461588
-3.0413016270337927	-0.3851307646273548	-0.01705494972574848
-3.0162703379224034	-0.3894285261506161	-0.01750089032535342
-2.991239048811014	-0.393838557680398	-0.017967444797694274
-2.966207759699625	-0.39836600740709477	-0.018456095377753452
-2.941176470588234	-0.403016386652935	-0.018968476463162482
-2.916145181476846	-0.40779560588717745	-0.019506395495005165
-2.891113892365457	-0.41271001542298963	-0.020071857480006595
-2.8660826032540676	-0.4177664515495773	-0.020667093931114936
-2.8410513141426783	-0.4229722889961911	-0.021294597200742664
-2.816020025031289	-0.42833550079822524	-0.021957161436537018
-2.790988735919901	-0.4338647268465809	-0.02265793172326893
-2.7659574468085104	-0.4395693526580157	-0.02340046341363728
-2.740926157697121	-0.445459600216067	-0.024188794233680817
-2.715894868585732	-0.4515466331102509	-0.025027532528936088
-2.6908635794743425	-0.45784267865738076	-0.0259219660721338
-2.6658322903629545	-0.4643611702338547	-0.02687819729234832
-2.6408010012515644	-0.47111691368792885	-0.0279033127693683
-2.615769712140175	-0.4781262824312007	-0.02900559760111289
-2.5907384230287853	-0.48540744659713136	-0.03019480914603003
-2.565707133917396	-0.49298064241484846	-0.031482530192118954
-2.540675844806008	-0.5008684884806117	-0.03288262960756697
-2.515644555694618	-0.5090963554965297	-0.034411870209162976
-2.4906132665832286	-0.5176927944240528	-0.036090720837913454
-2.4655819774718406	-0.526690023125805	-0.03794445540557529
-2.440550688360452	-0.5361244599355137	-0.04000466056723066
-2.4155193992490616	-0.5460372671144689	-0.042311332789907626
-2.3904881101376714	-0.5564748133910163	-0.04491583562842704
-2.365456821026282	-0.5674888530537678	-0.047885124052211736
-2.340425531914894	-0.5791359877712279	-0.05130784222578989
-2.3153942428035057	-0.591475498043265	-0.05530317137777617
-2.2903629536921155	-0.6045636388278373	-0.060033590884481694
-2.2653316645807253	-0.6184404632911764	-0.06572272739807875
-2.2403003754693356	-0.6331012571893596	-0.07267812685202157
-2.2152690863579476	-0.6484378031052196	-0.08131268230181198
-2.190237797246559	-0.6641274452163688	-0.0921384670311038
-2.165206508135169	-0.6794618461676941	-0.10565669635477942
-2.140175219023779	-0.6932217681889051	-0.12200180955559388
-2.1151439299123904	-0.7040086168227425	-0.14034487658598432
-2.0901126408010025	-0.7113888728167517	-0.15888989208169244
-2.0650813516896127	-0.7163775565119106	-0.17650651536584808
-2.0400500625782225	-0.7193174402958493	-0.1935477567743177
-2.0150187734668323	-0.7189039265043855	-0.2090631017199889
-1.989987484355444	-0.7158585337360223	-0.21947586142274944
-1.9649561952440555	-0.7151104259327964	-0.22305367209281995
-1.939924906132667	-0.7212281013864305	-0.2232099873646717
-1.914893617021277	-0.734442191103831	-0.22494849094236102
-1.8898623279098858	-0.7524188318484138	-0.23118520233108344
-1.8648310387984974	-0.7727638953136782	-0.2429034464744967
-1.839799749687109	-0.793629111794066	-0.26023879725563387
-1.8147684605757206	-0.8136919715162468	-0.2830801095956318
-1.7897371714643304	-0.8317759354428695	-0.3116615104813155
-1.764705882352942	-0.8458229222330758	-0.3463431598278021
-1.7396745932415527	-0.8527860942728964	-0.3862225962436024
-1.7146433041301625	-0.8499731255378546	-0.4283676522167098
-1.6896120150187741	-0.8363181631536909	-0.4682959840105508
-1.664580725907384	-0.8134620266193251	-0.5007480007792412
-1.6395494367959955	-0.7868057243816197	-0.5221195725840205
-1.6145181476846062	-0.7630652003107093	-0.5340951626770898
-1.589486858573217	-0.7443919262577791	-0.5429811889325225
-1.5644555694618276	-0.7259551080054186	-0.5529604086291766
-1.5394242803504374	-0.7015284668771684	-0.5602364738447588
-1.514392991239049	-0.6720674500016617	-0.5553372913840352
-1.4893617021276597	-0.6482463664394243	-0.5326327847911538
-1.4643304130162704	-0.6424649738079774	-0.49779766588716556
-1.4392991239048811	-0.6584794098701244	-0.4635407282360693
-1.4142678347934918	-0.6912162726967289	-0.43978630384716083
-1.3892365456821025	-0.7330678926207312	-0.4304348181921321
-1.3642052565707132	-0.777330457178567	-0.4353170223483478
-1.339173967459324	-0.8190848600978062	-0.4513666524314241
-1.3141426783479346	-0.8568304546419795	-0.47379180566304957
-1.2891113892365453	-0.8928489350449568	-0.4990487002202589
-1.264080100125157	-0.931164042110144	-0.5267393170985912
-1.2390488110137667	-0.9758450121227041	-0.5599886988816518
-1.2140175219023774	-1.028604781985173	-0.6061469599800499
-1.1889862327909881	-1.0849226824865121	-0.6745747822435364
-1.1639549436795988	-1.1335720036775798	-0.7713206312210518
-1.1389236545682104	-1.160271623354513	-0.8955222061951208
-1.1138923654568202	-1.1518745188057045	-1.0400100027459946
-1.0888610763454318	-1.0957853722587283	-1.1929078699159752
-1.0638297872340434	-0.9806645299696576	-1.330795569060964
-1.0387984981226523	-0.8135361540720922	-1.416262997004669
-1.013767209011264	-0.6324943294576151	-1.4216307845713099
-0.9887359198998737	-0.48718501519063684	-1.3540683284509218
-0.9637046307884853	-0.4077073330452978	-1.2509067305725452
-0.9386733416770969	-0.3922806755600624	-1.154048717161024
-0.9136420525657085	-0.41884319686721044	-1.088464800497956
-0.8886107634543183	-0.46458098900105893	-1.0598458745445103
-0.8635794743429273	-0.515317709973298	-1.0663297532841909
-0.8385481852315388	-0.5595783216222524	-1.1081183779989614
-0.8135168961201504	-0.5799271395590092	-1.182271358318988
-0.788485607008762	-0.559246441224942	-1.271293560994112
-0.7634543178973718	-0.4981646927741262	-1.3475225069299195
-0.7384230287859816	-0.4162778403128353	-1.3952019062762138
-0.7133917396745932	-0.33090245142684116	-1.4173232258632789
-0.6883604505632039	-0.24837946032108005	-1.4206419471389642
-0.6633291614518155	-0.17103667068875253	-1.4092172312347633
-0.6382978723404253	-0.09971094750490829	-1.3851701235608314
-0.6132665832290352	-0.03657267393258824	-1.347931397768859
-0.5882352941176467	0.012257739890427992	-1.2989260067763726
-0.5632040050062583	0.04190223813920552	-1.24520442659228
-0.5381727158948699	0.053079889535652576	-1.1952849127118885
-0.5131414267834788	0.04987250299801505	-1.1545296907377003
-0.48811013767208866	0.035449233546510237	-1.1261465424804062
-0.46307884856070025	0.01331179496305167	-1.1151751668721288
-0.43804755944931184	-0.008006476217400891	-1.126915786765791
-0.41301627033792343	-0.01457359651039351	-1.1607724869477782
-0.38798498122653324	0.006636637923467074	-1.2052766173683125
-0.36295369211514483	0.0581551239344531	-1.241073578502542
-0.33792240300375376	0.12875290865713185	-1.2512164846177627
-0.31289111389236535	0.19846908344631575	-1.2300457342622946
-0.28785982478097694	0.24876501114704028	-1.1875125038478163
-0.26282853566958675	0.27533890061457694	-1.1430258181271742
-0.23779724655819834	0.2890347043157538	-1.1092451748735148
-0.21276595744680904	0.301649110489656	-1.0847620835041722
-0.18773466833541974	0.31577701916091	-1.0640226269698392
-0.16270337922403044	0.33163382817282033	-1.046302787010267
-0.13767209011264026	0.3528815162565336	-1.029605405594402
-0.11264080100125184	0.37981915228499397	-1.0071874451769456
-0.08760951188986255	0.40607967868038164	-0.9750691690357521
-0.06257822277847325	0.42636542432796837	-0.9367024600809712
-0.03754693366708395	0.4425542787231534	-0.8949290257149617
-0.01251564455569465	0.45462964045498466	-0.8448270035539771
0.01251564455569465	0.4521376199269381	-0.7843802440704458
0.03754693366708395	0.4256287544117363	-0.7251368934626475
0.06257822277847325	0.37924087925640154	-0.682711171134563
0.08760951188986255	0.32623813266293483	-0.6640806219617198
0.11264080100125184	0.2789789690949033	-0.6659956382113636
0.13767209011264114	0.24326943419978495	-0.680273973481209
0.16270337922403044	0.21907746118508306	-0.6999497856280931
0.18773466833541974	0.20458128916137264	-0.7209787095492006
0.21276595744680726	0.19790581882249814	-0.7403076527040917
0.23779724655819834	0.19520015583605368	-0.7551020093949256
0.26282853566958764	0.1900879905817041	-0.7667791744233389
0.28785982478097694	0.17996767431519836	-0.7830068954065598
0.31289111389236623	0.17077919251909038	-0.8113906809638078
0.33792240300375376	0.17418395438508114	-0.8519738690880816
0.36295369211514483	0.1989725669151388	-0.8938092099675118
0.38798498122653235	0.24105260368376621	-0.9220210128559563
0.41301627033792343	0.2866532520832449	-0.931938963431735
0.43804755944931273	0.32646349829653676	-0.9306372805257586
0.46307884856070025	0.3611510498412821	-0.9264088502664102
0.4881101376720913	0.3955850478835717	-0.9211202287299057
0.5131414267834788	0.431278524777304	-0.9129850253144622
0.5381727158948699	0.4694322766536762	-0.9022990301830404
0.5632040050062574	0.5144512060722978	-0.8852387567639959
0.5882352941176467	0.56350477386877	-0.8513075037153698
0.6132665832290378	0.6028324026882489	-0.7967668027325017
0.6382978723404253	0.6210655490431001	-0.7307407290566033
0.6633291614518164	0.6169465531250723	-0.6654416776257787
0.6883604505632039	0.5948388774216229	-0.6093161195227854
0.7133917396745932	0.561143450754458	-0.5673168891158016
0.7384230287859808	0.5232610886126285	-0.5405915993393978
0.7634543178973718	0.4869006379222523	-0.5263432979928322
0.7884856070087629	0.45417078448249865	-0.5204138392894732
0.8135168961201504	0.4242720608763433	-0.5200182982435584
0.8385481852315397	0.39586390260384513	-0.5251343375574209
0.8635794743429273	0.3694932551976928	-0.5371667175003777
0.8886107634543183	0.34743234169592996	-0.5567678210384599
0.9136420525657059	0.3325715704588903	-0.5830067252976863
0.9386733416770969	0.32692140722960406	-0.6132570794914751
0.9637046307884862	0.3308033593801374	-0.645263704540616
0.9887359198998737	0.34605806847585896	-0.6777119996885043
1.0137672090112648	0.3757646867016733	-0.7047322334174001
1.0387984981226523	0.4156902570946626	-0.7164488118317041
1.0638297872340434	0.4533106727892788	-0.7097852426206204
1.088861076345431	0.4781836948825777	-0.6927706984275536
1.1138923654568202	0.48980463816607944	-0.67799305627644
1.1389236545682113	0.49693572231235744	-0.6731735286047259
1.1639549436795988	0.5097953915762825	-0.676722596487211
1.18898623279099	0.5339459755211914	-0.6815861083824414
1.2140175219023774	0.5703023965282825	-0.6786051660092115
1.2390488110137667	0.6127939545627207	-0.6576560409973584
1.264080100125156	0.6470067490748226	-0.6153888050334817
1.2891113892365453	0.6599179534765678	-0.5612256707638723
1.3141426783479364	0.6495182454278924	-0.5100653528214619
1.339173967459324	0.6225814082363057	-0.4726229015063178
1.3642052565707132	0.5886111045109359	-0.4533901364290772
1.3892365456821025	0.5567336429267382	-0.45194140022168905
1.4142678347934918	0.5342428527625684	-0.46434175754022555
1.4392991239048811	0.5262496853199634	-0.4840759580743976
1.4643304130162704	0.5341837288125368	-0.5016885676490833
1.4893617021276597	0.5521148203701945	-0.5079039039352864
1.514392991239049	0.5689317204850758	-0.5009076094896131
1.5394242803504383	0.5766985864718368	-0.487169165497442
1.5644555694618276	0.5743595998851244	-0.4756069656272152
1.589486858573217	0.5664985158340081	-0.47314525409936015
1.6145181476846044	0.5606549013403069	-0.4823784899967629
1.6395494367959955	0.5648950973550323	-0.5015601867975561
1.6645807259073848	0.58666420755114	-0.5235590202898778
1.6896120150187741	0.6270108557569193	-0.5348901896922261
1.7146433041301634	0.674840449123206	-0.5244102774655346
1.739674593241551	0.714857925836702	-0.4936506887946841
1.764705882352942	0.7392188678273031	-0.4529258272332893
1.7897371714643295	0.7486216433168377	-0.41243009498763783
1.8147684605757206	0.7482620680390036	-0.3781565069935038
1.83979974968711	0.7441599726746373	-0.35190793134037746
1.8648310387984974	0.7418700566842112	-0.3322871187139601
1.8898623279098885	0.7449967444694067	-0.31452071535161485
1.914893617021276	0.7522916996182256	-0.2924464452574072
1.939924906132667	0.7582245639908377	-0.26342665172043994
1.9649561952440546	0.7578748894269765	-0.22976262929230545
1.989987484355444	0.7495710341156726	-0.1957928515271237
2.015018773466835	0.7346155358768411	-0.16531282423995264
2.0400500625782225	0.715783131736859	-0.14009943962485247
2.065081351689613	0.6955603225919543	-0.12007123761629804
2.090112640801001	0.6754735693678586	-0.10432788370077814
2.1151439299123904	0.6562617031653973	-0.09187791816354698
2.1401752190237784	0.6382047431907847	-0.08190097329121392
2.165206508135169	0.6213545981324685	-0.07378079046269653
2.1902377972465596	0.6056614257684091	-0.06706900948603664
2.2152690863579476	0.5910361440601607	-0.06144096857248008
2.240300375469337	0.5773796366503576	-0.056659840268091725
2.265331664580725	0.5645956285389117	-0.05255067917107311
2.2903629536921155	0.5525957893763378	-0.04898235975294463
2.315394242803503	0.5413012288178132	-0.04585512729624718
2.340425531914894	0.5306423839687375	-0.04309198875625339
2.3654568210262834	0.5205582512304203	-0.040632702302815175
2.3904881101376714	0.5109954091311184	-0.03842952918874045
2.415519399249062	0.501907034459442	-0.03644419072037019
2.4405506883604495	0.49325199635341893	-0.03464565864725852
2.4655819774718406	0.48499405702573606	-0.03300852922980097
2.490613266583228	0.47710118201968826	-0.03151181142690398
2.515644555694618	0.46954495185148876	-0.030138012714238813
2.5406758448060085	0.4623000629734255	-0.0288724415051573
2.565707133917396	0.45534390540156633	-0.02770266910779299
2.590738423028787	0.4486562052158059	-0.026618110534905082
2.6157697121401746	0.44221872154119823	-0.02560969481917798
2.6408010012515644	0.43601498912218944	-0.024669603423900364
2.665832290362953	0.4300300990122162	-0.023791060960636698
2.6908635794743425	0.424250511145865	-0.022968166451547405
2.7158948685857336	0.41866389362358397	-0.02219575628818411
2.740926157697121	0.4132589844291586	-0.021469292169437226
2.765957446808511	0.4080254720379017	-0.02078476887457665
2.7909887359198997	0.40295389198126014	-0.020138637899631398
2.816020025031289	0.39803553693250854	-0.019527743866558887
2.841051314142678	0.39326237828769256	-0.018949271282589636
2.8660826032540676	0.38862699755198665	-0.018400699737403662
2.8911138923654573	0.38412252611777586	-0.017879766018575067
2.916145181476846	0.379742592248153	-0.017384431930214772
2.9411764705882355	0.3754812742671409	-0.01691285683740549
2.9662077596996244	0.3713330591132691	-0.016463374145729476
2.991239048811014	0.36729280554195454	-0.016034471072763668
3.0162703379224016	0.363355711369417	-0.015624771185754022
3.0413016270337927	0.3595172842403939	-0.015233019273494781
3.066332916145182	0.3557733154769018	-0.014858068195848461
3.091364205256571	0.3521198566282997	-0.014498867415271042
3.1163954943679606	0.3485531983959544	-0.014154452964171654
3.141426783479348	0.34506985165067977	-0.013823938642287339
3.166458072590739	0.3416665302991421	-0.01350650827131353
3.1914893617021267	0.3383401357877268	-0.013201408861236356
3.2165206508135173	0.335087743059939	-0.012907944565290628
3.241551939924907	0.3319065878069298	-0.012625471319116087
3.2665832290362946	0.32879405487098595	-0.012353392075208988
3.2916145181476857	0.3257476676791194	-0.01209115255674577
3.316645807259073	0.32276507859888065	-0.011838237465736165
3.341677096370464	0.31984406012145883	-0.011594167089622158
3.366708385481852	0.3169824967882584	-0.01135849425817132
3.391739674593241	0.31417837778694035	-0.01113080160906079
3.416770963704632	0.3114297901512855	-0.010910699126109846
3.4418022528160197	0.3087349125066786	-0.010697821918859074
3.4668335419274103	0.3060920093093985	-0.010491828216241506
3.4918648310387983	0.30349942553358994	-0.01029239755055999
3.5168961201501876	0.30095558176469844	-0.010099229110964244
3.5419274092615756	0.29845896966255075	-0.009912040248185565
3.566958698372966	0.29600814776106216	-0.00973056511450277
3.591989987484357	0.2936017375749662	-0.009554553424828192
3.617021276595745	0.29123841998695016	-0.009383769326464795
3.642052565707134	0.2889169318912301	-0.009217990366530501
3.667083854818522	0.2866360630719714	-0.009057006547303558
3.6921151439299127	0.2843946532970351	-0.008900619460842049
3.7171464330413	0.2821915896094273	-0.008748641495191143
3.7421777221526913	0.2800258038004569	-0.008600895105334124
3.7672090112640806	0.2778962700501354	-0.008457212142783617
3.7922403003754686	0.2758020027216488	-0.008317433238358695
3.817271589486859	0.27374205429794984	-0.008181407233268833
3.8423028785982467	0.2717155134495813	-0.008048990654131371
3.867334167709638	0.2697215032237977	-0.007920047227997015
3.8923654568210253	0.2677591793459379	-0.007794447433855477
3.917396745932415	0.2658277286247579	-0.007672068087444764
3.9424280350438057	0.2639263674541627	-0.007552791956501813
3.967459324155193	0.26205434040439635	-0.0074365074038696905
3.9924906132665843	0.2602109188963293	-0.007323108056126075
4.017521902377972	0.25839539995301786	-0.007212492495619183
4.042553191489361	0.2566071050231611	-0.007104563973995353
4.06758448060075	0.2548453788715308	-0.006999230145481165
4.09261576971214	0.2531095885318334	-0.006896402818341145
4.117647058823531	0.2513991223178189	-0.00679599772307563
4.142678347934918	0.24971338888877734	-0.006697934296052246
4.167709637046308	0.2480518163658541	-0.0066021354773790905
4.192740926157697	0.24641385149590556	-0.006508527521933714
4.217772215269086	0.24479895885982825	-0.006417039822554106
4.2428035043804755	0.24320662012255642	-0.006327604744484598
4.267834793491865	0.2416363333221116	-0.006240157470245436
4.292866082603254	0.24008761219527897	-0.006154635854164894
4.317897371714643	0.23855998553765695	-0.006070980285875791
4.342928660826033	0.23705299659600287	-0.005989133562135363
4.367959949937422	0.23556620249092336	-0.0059090407663798155
4.392991239048811	0.23409917366810268	-0.005830649155471887
4.418022528160199	0.23265149337639254	-0.0057539080531429755
4.44305381727159	0.23122275717119492	-0.005678768749670526
4.468085106382979	0.22981257244166825	-0.005605184407367313
4.4931163954943685	0.22842055796040983	-0.005533109971491668
4.518147684605758	0.22704634345432737	-0.005462502086217923
4.543178973717145	0.22568956919551525	-0.0053933190153332335
4.568210262828536	0.22434988561102537	-0.005325520567352279
4.593241551939924	0.22302695291049368	-0.005259068024764099
4.618272841051315	0.22172044073064096	-0.005193924077146289
4.643304130162704	0.22043002779574536	-0.005130052757901157
4.668335419274092	0.21915540159322386	-0.005067419384386141
4.693366708385483	0.21789625806352672	-0.005005990501226879
4.71839799749687	0.21665230130358984	-0.0049457338266166925
4.7434292866082615	0.21542324328313436	-0.004886618201419519
4.768460575719649	0.21420880357316038	-0.004828613540906619
4.793491864831038	0.21300870908599778	-0.004771690788968507
4.818523153942429	0.21182269382633706	-0.00471582187465483
4.843554443053817	0.2106504986526842	-0.004660979670904811
4.868585732165208	0.20949187104871525	-0.004607137955339796
4.8936170212765955	0.2083465649040509	-0.0045542713729984545
4.918648310387985	0.2072143403039769	-0.0045023554009026795
4.943679599499372	0.20609496332768595	-0.004451366314349927
4.968710888610763	0.20498820585461908	-0.004401281154834004
4.9937421777221545	0.2038938453785302	-0.004352077699503291
5.018773466833542	0.20281166482889687	-0.004303734432070491
5.043804755944931	0.20174145239933933	-0.004256230515094007
5.068836045056319	0.20068300138271228	-0.004209545763555654
5.09386733416771	0.1996361100125682	-0.00416366061966454
5.118898623279097	0.19860058131069402	-0.004118556128820761
5.1439299123904885	0.19757622294044735	-0.004074213916676955
5.168961201501878	0.19656284706562194	-0.004030616167239783
5.193992490613265	0.19556027021460695	-0.003987745601956013
5.219023779724656	0.19456831314958906	-0.003945585459732389
5.244055068836044	0.19358680074059076	-0.003904119477840436
5.269086357947435	0.19261556184410944	-0.0038633318736608704
5.2941176470588225	0.19165442918618747	-0.0038232073272247732
5.319148936170212	0.19070323924968688	-0.0037837309645109393
5.344180225281603	0.1897618321656181	-0.003744888341461675
5.36921151439299	0.1888300516083313	-0.0037066654286808877
5.3942428035043815	0.18790774469441227	-0.0036690485967807163
5.419274092615769	0.1869947618851279	-0.003632024602344976
5.444305381727158	0.1860909568922722	-0.0035955805744789064
5.469336670838548	0.18519618658727063	-0.0035597040019171716
5.494367959949937	0.18431031091341082	-0.003524382720662929
5.519399249061328	0.18343319280107137	-0.0034896049021326844
5.5444305381727155	0.18256469808582124	-0.003455359041782952
5.569461827284105	0.1817046954292849	-0.0034216339481957935
5.594493116395494	0.18085305624265247	-0.00338841873260202
5.619524405506883	0.18000965461273524	-0.0033557027988214386
5.644555694618273	0.17917436723046143	-0.0033234758336010113
5.669586983729662	0.17834707332172184	-0.00329172779733259
5.694618272841051	0.1775276545804693	-0.003260448915132953
5.719649561952441	0.17671599510398373	-0.003229629668269732
5.74468085106383	0.1759119813302283	-0.0031992607859176237
5.769712140175219	0.17511550197720077	-0.0031693332372301555
5.7947434292866085	0.17432644798421965	-0.003139838223713002
5.819774718397996	0.17354471245506597	-0.0031107671718854494
5.844806007509387	0.17277019060290572	-0.0030821117262175117
5.869837296620776	0.17200277969693561	-0.0030538637423305737
5.894868585732166	0.17124237901068398	-0.003026015280450208
5.919899874843555	0.17048888977190338	-0.0029985585991002895
5.9449311639549425	0.1697422151140014	-0.002971486149028072
5.9699624530663336	0.16900226002895025	-0.0029447905673505117
5.994993742177721	0.16826893132162468	-0.0029184646719123183
6.020025031289112	0.16754213756551048	-0.0028925014558470108
6.0450563204005014	0.16682178905974482	-0.002866894082332442
6.07008760951189	0.1661077977874314	-0.002841635879532673
6.09511889862328	0.165400077375189	-0.0028167203357186564
6.120150187734667	0.16469854305389248	-0.0027921410945601958
6.145181476846059	0.16400311162056255	-0.002767891950582417
6.170212765957445	0.16331370140135937	-0.002743966844779991
6.195244055068836	0.16263023221565495	-0.0027203598603826513
6.2202753441802265	0.16195262534113095	-0.002697065218766197
6.245306633291613	0.1612808034798802	-0.0026740772755029347
6.270337922403005	0.16061469072547152	-0.0026513905165462506
6.295369211514392	0.15995421253094474	-0.0026289995545438795
6.320400500625783	0.15929929567770862	-0.002606899125274893
6.3454317897371695	0.15864986824530908	-0.0025850840842056477
6.37046307884856	0.1580058595820366	-0.002563549403160019
6.395494367959952	0.15736720027635123	-0.002542290167099527
6.420525657071338	0.15673382212909356	-0.0025213015710092014
6.445556946182729	0.1561056581264538	-0.0025005789168850868
6.470588235294116	0.15548264241368268	-0.002480117610819656
6.495619524405506	0.15486471026951254	-0.0024599131601813163
6.520650813516895	0.15425179808126804	-0.002439961170884545
6.545682102628285	0.15364384332064657	-0.0024202573447473282
6.570713391739676	0.15304078452014314	-0.002400797476932599
6.5957446808510625	0.15244256125010439	-0.0023815774534705746
6.620775969962453	0.15184911409638385	-0.002362593248859096
6.645807259073841	0.15126038463859315	-0.002343840923739094
6.670838548185231	0.15067631542891338	-0.002325316622642397
6.695869837296622	0.15009684997146372	-0.002307016571809381
6.720901126408009	0.14952193270220282	-0.0022889370770738915
6.745932415519399	0.14895150896934922	-0.0022710745218130013
6.770963704630788	0.1483855250143001	-0.002253425364959406
6.795994993742178	0.14782392795304575	-0.002235986139074116
6.821026282853566	0.1472666657580448	-0.0022187534484774344
6.8460575719649555	0.14671368724056819	-0.0022017239674361174
6.871088861076346	0.1461649420334811	-0.002184894438404781
6.896120150187734	0.14562038057445745	-0.002168261670319684
6.921151439299124	0.14507995408961433	-0.0021518225369430394
6.946182728410513	0.14454361457755058	-0.002135573975256204
6.971214017521902	0.14401131479378088	-0.0021195129838999594
6.996245306633291	0.14348300823555035	-0.002103636621660421
7.0212765957446805	0.14295864912702408	-0.0020879420059988964
7.046307884856071	0.14243819240483344	-0.0020724263116243436
7.071339173967459	0.1419215937039751	-0.0020570867691068902
7.0963704630788484	0.1414088093440509	-0.002041920663531116
7.121401752190238	0.14089979631583455	-0.0020269253331877493
7.146433041301627	0.14039451226816463	-0.0020120981683025346
7.171464330413016	0.1398929154951456	-0.0019974366098010187
7.196495619524406	0.13939496492365386	-0.001982938148108104
7.221526908635795	0.13890062010113788	-0.001968600321981212
7.246558197747184	0.13840984118370642	-0.0019544207173759973
7.2715894868585735	0.13792258892449263	-0.0019403969663435614
7.296620775969963	0.13743882466229185	-0.0019265267459581212
7.321652065081352	0.1369585103104606	-0.0019128077772741867
7.3466833541927405	0.13648160834607323	-0.0018992378243123105
7.371714643304131	0.13600808179932802	-0.0018858146930724802
7.39674593241552	0.1355378942431932	-0.0018725362305743148
7.421777221526909	0.13507100978329237	-0.001859400323923191
7.446808510638299	0.13460739304801628	-0.0018464048994015114
7.471839799749687	0.134147009178862	-0.0018335479215843464
7.496871088861077	0.13368982382098396	-0.0018208273924786153
7.521902377972466	0.13323580311396058	-0.0018082413506852048
7.546933667083856	0.132784913682767	-0.001795787870583215
7.571964956195245	0.13233712262894662	-0.0017834650615357029
7.5969962453066335	0.13189239752197907	-0.001771271067116257
7.622027534418024	0.1314507063908371	-0.0017592040643557999
7.647058823529412	0.13101201771573098	-0.0017472622630089428
7.672090112640802	0.13057630042003168	-0.0017354439048393835
7.697121401752189	0.13014352386236983	-0.0017237472629237144
7.72215269086358	0.12971365782890673	-0.0017121706409731297
7.74718397997497	0.1292866725257731	-0.0017007123726724813
7.772215269086359	0.12886253857166718	-0.0016893708210361695
7.797246558197749	0.12844122699061505	-0.0016781443777804138
7.8222778473091354	0.12802270920488407	-0.001667031462711341
7.8473091364205265	0.12760695702804545	-0.0016560305231284914
7.872340425531913	0.12719394265818687	-0.0016451400332433246
7.897371714643305	0.12678363867126488	-0.0016343584936121844
7.922403003754695	0.1263760180145993	-0.0016236844305834058
7.947434292866082	0.12597105400050274	-0.0016131163957581079
7.972465581977473	0.1255687203000422	-0.0016026529654642836
7.99749687108886	0.12516899093693346	-0.0015922927402438527
8.022528160200253	0.12477184028155568	-0.0015820343443522142
8.047559449311638	0.1243772430450972	-0.0015718764252700774
8.072590738423028	0.12398517427381436	-0.0015618176532270808
8.09762202753442	0.123595609343411	-0.0015518567207369943
8.122653316645806	0.1232085239535346	-0.0015419923421441035
8.147684605757199	0.12282389412237846	-0.0015322232531804804
8.172715894868585	0.1224416961813989	-0.0015225482105338916
8.197747183979974	0.12206190677013444	-0.0015129659914259199
8.222778473091363	0.1216845028311323	-0.0015034753932002003
8.247809762202753	0.12130946160497398	-0.00149407523292034
8.272841051314145	0.12093676062540132	-0.0014847643469773069
8.297872340425531	0.12056637771453892	-0.001475541590706088
8.32290362953692	0.12019829097821075	-0.0014664058380112553
8.34793491864831	0.11983247880134949	-0.0014573559810013
8.3729662077597	0.11946891984349584	-0.0014483909296314488
8.397997496871088	0.11910759303438646	-0.001439509611354731
8.423028785982478	0.11874847756962667	-0.001430710970781094
8.448060075093867	0.11839155290644839	-0.0014219939693443638
8.473091364205256	0.11803679875955005	-0.0014133575849768023
8.498122653316646	0.11768419509701569	-0.0014048008117911043
8.523153942428035	0.11733372213631442	-0.001396322659769615
8.548185231539424	0.11698536034037517	-0.0013879221544605797
8.573216520650814	0.11663909041373555	-0.0013795983366812444
8.598247809762203	0.11629489329876672	-0.001371350262227638
8.623279098873592	0.11595275017196727	-0.00136317700159085
8.648310387984981	0.11561264244032778	-0.0013550776396796446
8.67334167709637	0.11527455173776525	-0.0013470512755492355
8.69837296620776	0.114938459921622	-0.0013390970221360844
8.72340425531915	0.11460434906923171	-0.001331214005998552
8.748435544430539	0.11427220147454958	-0.0013234013670632549
8.773466833541928	0.11394199964484379	-0.0013156582583769927
8.798498122653317	0.1136137262974499	-0.0013079838458640968
8.823529411764707	0.1132873643565828	-0.0013003773080890468
8.848560700876096	0.1129628969502105	-0.001292837836024284
8.873591989987485	0.1126403074069814	-0.001285364632822997
8.898623279098874	0.11231957925321133	-0.0012779569135968544
8.92365456821026	0.11200069620992366	-0.0012706139051984753
8.948685857321653	0.1116836421899411	-0.0012633348460085775
8.973717146433042	0.11136840129503525	-0.0012561189857276864
8.998748435544432	0.11105495781312305	-0.0012489655851722363
9.023779724655821	0.11074329621551462	-0.0012418739160750232
9.048811013767207	0.11043340115421206	-0.0012348432608898932
9.0738423028786	0.11012525745925399	-0.0012278729126004703
9.098873591989985	0.10981885013610959	-0.0012209621745330073
9.123904881101378	0.10951416436311717	-0.0012141103601730609
9.148936170212767	0.10921118548896963	-0.0012073167929860472
9.173967459324153	0.10890989903024288	-0.0012005808062415006
9.198998748435546	0.1086102906689673	-0.001193901742840989
9.224030037546932	0.10831234625024397	-0.0011872789551495724
9.249061326658325	0.10801605177990063	-0.0011807118048307455
9.27409261576971	0.10772139342218837	-0.001174199662684766
9.2991239048811	0.10742835749751949	-0.0011677419084902712
9.324155193992492	0.10713693048024343	-0.0011613379308491527
9.349186483103878	0.10684709899646257	-0.0011549871270345818
9.374217772215271	0.10655884982188218	-0.00114868890284208
9.399249061326657	0.10627216987970148	-0.0011424426724436457
9.424280350438046	0.10598704623853793	-0.0011362478582447977
9.449311639549435	0.10570346611038786	-0.0011301038907444774
9.474342928660825	0.1054214168486211	-0.0011240102083977755
9.499374217772218	0.10514088594601054	-0.0011179662574813934
9.524405506883603	0.10486186103279349	-0.0011119714919617634
9.549436795994993	0.1045843298747685	-0.0011060253733658106
9.574468085106382	0.10430828037141915	-0.001100127370654247
9.599499374217771	0.10403370055407417	-0.0010942769600973867
9.62453066332916	0.10376057858409665	-0.0010884736251533605
9.64956195244055	0.10348890275110165	-0.00108271685634878
9.67459324155194	0.10321866147120433	-0.001077006151161662
9.699624530663328	0.10294984328529946	-0.0010713410139066863
9.724655819774718	0.10268243685736538	-0.0010657209556226468
9.749687108886107	0.10241643097279796	-0.0010601454939621118
9.774718397997496	0.1021518145367714	-0.0010546141530831774
9.799749687108886	0.10188857657262712	-0.001049126463543333
9.824780976220275	0.10162670622028512	-0.001043681962195355
9.849812265331664	0.1013661927346864	-0.0010382801920851797
9.874843554443054	0.10110702548425606	-0.001032920702351743
9.899874843554443	0.1008491939493939	-0.0010276030481287063
9.924906132665832	0.1005926877209873	-0.0010223267904480578
9.949937421777221	0.10033749649895109	-0.0010170914961455336
9.97496871088861	0.1000836100907864	-0.0010118967377678112
10.0	0.09983101841016653	-0.0010067420934814664
