-10.0	-0.10209120033939885	-0.0010521467844316374
-9.97496871088861	-0.10235519582516671	-0.001057646060380425
-9.949937421777221	-0.10262057268253295	-0.001063188952115344
-9.924906132665832	-0.10288734187901304	-0.0010687759261232904
-9.899874843554443	-0.10315551449954004	-0.0010744074551971414
-9.874843554443054	-0.10342510174805337	-0.0010800840185391394
-9.849812265331664	-0.10369611494911554	-0.00108580610186631
-9.824780976220275	-0.10396856554955144	-0.0010915741975179095
-9.799749687108886	-0.10424246512011814	-0.0010973888045649456
-9.774718397997496	-0.10451782535720065	-0.0011032504289218645
-9.749687108886107	-0.10479465808453521	-0.0011091595834603935
-9.724655819774718	-0.10507297525496424	-0.0011151167881256346
-9.699624530663328	-0.1053527889522169	-0.001121122570054451
-9.67459324155194	-0.1056341113927216	-0.0011271774636961546
-9.64956195244055	-0.10591695492744933	-0.0011332820109356272
-9.62453066332916	-0.10620133204378568	-0.0011394367612188496
-9.599499374217771	-0.10648725536743801	-0.0011456422716809547
-9.574468085106382	-0.10677473766437161	-0.0011518991072768333
-9.549436795994993	-0.10706379184277987	-0.0011582078409143313
-9.524405506883603	-0.10735443095509	-0.0011645690535901788
-9.499374217772216	-0.10764666820000027	-0.0011709833345285952
-9.474342928660825	-0.10794051692455299	-0.0011774512813227543
-9.449311639549435	-0.10823599062624448	-0.0011839735000790737
-9.424280350438046	-0.10853310295516948	-0.0011905506055644632
-9.399249061326657	-0.10883186771620464	-0.0011971832213565766
-9.37421777221527	-0.10913229887122855	-0.0012038719799971473
-9.349186483103878	-0.10943441054137996	-0.0012106175231484419
-9.32415519399249	-0.10973821700935765	-0.0012174205017529674
-9.2991239048811	-0.1100437327217588	-0.001224281576196473
-9.274092615769712	-0.11035097229145867	-0.0012312014164743148
-9.249061326658325	-0.11065995050003312	-0.0012381807023613114
-9.224030037546934	-0.1109706823002225	-0.0012452201235851057
-9.198998748435546	-0.11128318281844105	-0.0012523203800031768
-9.173967459324155	-0.11159746735732924	-0.0012594821817835727
-9.148936170212767	-0.11191355139835396	-0.001266706249589436
-9.123904881101378	-0.1122314506044514	-0.0012739933147674313
-9.098873591989987	-0.11255118082272253	-0.0012813441195401768
-9.0738423028786	-0.11287275808717222	-0.0012887594172027595
-9.048811013767208	-0.11319619862150211	-0.0012962399723234449
-9.023779724655821	-0.11352151884195075	-0.0013037865609486846
-8.998748435544432	-0.1138487353601881	-0.0013113999708125245
-8.973717146433042	-0.1141778649862599	-0.0013190810015505318
-8.948685857321653	-0.11450892473159029	-0.0013268304649183388
-8.923654568210262	-0.11484193181203481	-0.0013346491850149244
-8.898623279098874	-0.11517690365099338	-0.0013425379985107712
-8.873591989987485	-0.11551385788257869	-0.0013504977548809984
-8.848560700876096	-0.1158528123548449	-0.0013585293166435781
-8.823529411764707	-0.11619378513307482	-0.0013666335596028134
-8.798498122653317	-0.11653679450312983	-0.0013748113730981967
-8.773466833541928	-0.11688185897486345	-0.0013830636602587445
-8.748435544430539	-0.11722899728559495	-0.0013913913382629954
-8.72340425531915	-0.11757822840365456	-0.0013997953386048064
-8.69837296620776	-0.11792957153199075	-0.001408276607365082
-8.67334167709637	-0.11828304611184844	-0.0014168361054896113
-8.648310387984981	-0.11863867182651663	-0.0014254748090731424
-8.623279098873592	-0.11899646860514886	-0.001434193709649883
-8.598247809762203	-0.11935645662665509	-0.0014429938144906141
-8.573216520650814	-0.11971865632366935	-0.0014518761469064906
-8.548185231539424	-0.12008308838659563	-0.0014608417465598598
-8.523153942428035	-0.12044977376772929	-0.0014698916697821523
-8.498122653316646	-0.12081873368546094	-0.0014790269898990794
-8.473091364205256	-0.12118998962856171	-0.0014882487975633742
-8.448060075093867	-0.12156356336055223	-0.0014975582010951646
-8.423028785982478	-0.12193947692415791	-0.0015069563268303365
-8.397997496871088	-0.122317752645852	-0.001516444319476968
-8.3729662077597	-0.12269841314048836	-0.0015260233424801086
-8.34793491864831	-0.12308148131602684	-0.0015356945783951612
-8.32290362953692	-0.12346698037835253	-0.0015454592292700189
-8.297872340425531	-0.1238549338361913	-0.001555318517036268
-8.272841051314144	-0.12424536550612475	-0.0015652736839096926
-8.247809762202753	-0.12463829951770551	-0.0015753259928003
-8.222778473091363	-0.1250337603186762	-0.001585476727732159
-8.197747183979974	-0.125431772680295	-0.0015957271942733334
-8.172715894868585	-0.125832361702769	-0.0016060787199761479
-8.147684605757197	-0.12623555282079915	-0.0016165326548281483
-8.122653316645806	-0.12664137180923823	-0.0016270903717139635
-8.097622027534417	-0.127049844788867	-0.0016377532668884552
-8.072590738423028	-0.12746099823228815	-0.0016485227604614227
-8.047559449311638	-0.1278748589699434	-0.0016594002968942226
-8.02252816020025	-0.1282914541962565	-0.0016703873455086336
-7.9974968710888605	-0.12871081147590321	-0.0016814854010082966
-7.972465581977473	-0.12913295875021452	-0.0016926959840131252
-7.947434292866082	-0.12955792434371322	-0.0017040206416070287
-7.922403003754694	-0.1299857369707907	-0.001715460947899347
-7.897371714643305	-0.1304164257425238	-0.00172701850460042
-7.872340425531914	-0.1308500201736376	-0.001738694941611623
-7.8473091364205265	-0.1312865501896172	-0.0017504919176304088
-7.8222778473091354	-0.13172604613397274	-0.0017624111207706977
-7.797246558197748	-0.13216853877565915	-0.0017744542691991068
-7.772215269086359	-0.13261405931666084	-0.0017866231117875137
-7.7471839799749675	-0.13306263939973453	-0.0017989194287823516
-7.72215269086358	-0.13351431111632828	-0.001811345032491292
-7.697121401752189	-0.13396910701466885	-0.0018239017679876563
-7.672090112640801	-0.13442706010802852	-0.0018365915138331978
-7.647058823529412	-0.13488820388317527	-0.0018494161828198155
-7.622027534418023	-0.13535257230900835	-0.001862377722730713
-7.596996245306634	-0.1358201998453891	-0.0018754781171216376
-7.571964956195245	-0.13629112145216596	-0.0018887193861228113
-7.546933667083856	-0.13676537259840263	-0.0019021035872621758
-7.5219023779724665	-0.1372429892718165	-0.0019156328163105912
-7.496871088861077	-0.13772400798842738	-0.0019293092081497883
-7.471839799749688	-0.1382084658024275	-0.0019431349376635252
-7.446808510638299	-0.13869640031627622	-0.001957112220653019
-7.421777221526909	-0.13918784969102477	-0.001971243314777092
-7.39674593241552	-0.13968285265687969	-0.001985530520518034
-7.371714643304131	-0.14018144852401138	-0.0019999761821738802
-7.346683354192741	-0.14068367719361013	-0.0020145826888779933
-7.321652065081352	-0.14118957916920016	-0.0020293524756467836
-7.296620775969963	-0.14169919556822352	-0.002044288024456549
-7.2715894868585735	-0.14221256813388838	-0.0020593918653502687
-7.246558197747184	-0.14272973924730212	-0.0020746665775753692
-7.221526908635795	-0.14325075193988987	-0.002090114790753525
-7.196495619524406	-0.14377564990610897	-0.002105739186083452
-7.171464330413016	-0.14430447751646758	-0.0021215424975778016
-7.146433041301627	-0.1448372798308539	-0.0021375275133353184
-7.121401752190238	-0.14537410261219058	-0.0021536970768494044
-7.0963704630788484	-0.14591499234041586	-0.0021700540883542716
-7.071339173967459	-0.14645999622680683	-0.0021866015062099935
-7.04630788485607	-0.14700916222865168	-0.0022033423483277513
-7.0212765957446805	-0.14756253906428332	-0.002220279693636564
-6.996245306633291	-0.14812017622848223	-0.002237416683593021
-6.971214017521902	-0.14868212400826103	-0.0022547565237353863
-6.946182728410513	-0.14924843349904218	-0.002272302485283654
-6.921151439299123	-0.14981915662124068	-0.0022900579067870854
-6.896120150187734	-0.1503943461372597	-0.00230802619582092
-6.871088861076345	-0.15097405566891964	-0.0023262108307339478
-6.8460575719649555	-0.15155833971532612	-0.0023446153624486783
-6.821026282853566	-0.15214725367119183	-0.002363243416316042
-6.795994993742177	-0.15274085384562894	-0.0023820986940264214
-6.770963704630788	-0.1533391974814252	-0.002401184975579148
-6.745932415519399	-0.1539423427748149	-0.0024205061213124204
-6.720901126408009	-0.15455034889576452	-0.0024400660739958787
-6.69586983729662	-0.15516327600878696	-0.0024598688609880873
-6.670838548185231	-0.1557811852943014	-0.002479918596461217
-6.645807259073841	-0.1564041389705543	-0.0025002194836954094
-6.620775969962453	-0.15703220031612206	-0.0025207758174453808
-6.595744680851063	-0.15766543369300823	-0.0025415919863819
-6.570713391739676	-0.15830390457036342	-0.0025626724756108413
-6.545682102628285	-0.15894767954883568	-0.0025840218692728075
-6.520650813516897	-0.1595968263855814	-0.0026056448532262534
-6.495619524405506	-0.1602514140199552	-0.0026275462178172015
-6.470588235294117	-0.1609115125998966	-0.0026497308607389062
-6.445556946182729	-0.1615771935090417	-0.0026722037899848308
-6.420525657071338	-0.16224852939458165	-0.0026949701268984233
-6.395494367959951	-0.16292559419588964	-0.002718035109323518
-6.37046307884856	-0.1636084631739466	-0.0027414040948591486
-6.34543178973717	-0.16429721294158847	-0.002765082564222836
-6.320400500625783	-0.16499192149460332	-0.002789076124726602
-6.295369211514392	-0.16569266824370726	-0.002813390513870037
-6.270337922403004	-0.1663995340474309	-0.002838031603055133
-6.245306633291613	-0.16711260124593996	-0.0028630054014276507
-6.2202753441802265	-0.16783195369583243	-0.0028883180598500012
-6.195244055068836	-0.1685576768059344	-0.0029139758750110073
-6.170212765957448	-0.1692898575741403	-0.0029399852936779804
-6.145181476846059	-0.17002858462532527	-0.002966352917096934
-6.120150187734667	-0.17077394825036776	-0.0029930855055468665
-6.09511889862328	-0.1715260404463282	-0.003020189983054513
-6.070087609511891	-0.17228495495781707	-0.003047673442276197
-6.0450563204005014	-0.17305078731959495	-0.003075543149553561
-6.020025031289112	-0.173823634900456	-0.0031038065501506028
-5.994993742177721	-0.17460359694842992	-0.0031324712736794918
-5.9699624530663336	-0.1753907746373595	-0.003161545139723195
-5.9449311639549425	-0.17618527111489768	-0.0031910361636632496
-5.919899874843555	-0.17698719155197815	-0.0032209525627214276
-5.894868585732166	-0.17779664319381522	-0.003251302762224511
-5.869837296620776	-0.17861373541248537	-0.003282095402101806
-5.844806007509387	-0.17943857976115066	-0.0033133393436255046
-5.819774718397998	-0.18027129002999198	-0.0033450436764046014
-5.7947434292866085	-0.18111198230390121	-0.0033772177256434477
-5.769712140175219	-0.18196077502201932	-0.0034098710596767215
-5.74468085106383	-0.18281778903917062	-0.0034430134977931604
-5.719649561952441	-0.18368314768927865	-0.003476655118360988
-5.694618272841051	-0.18455697685083852	-0.00351080626726872
-5.669586983729662	-0.18543940501451991	-0.0035454775666957207
-5.644555694618273	-0.18633056335298837	-0.003580679924227518
-5.619524405506883	-0.18723058579303373	-0.0036164245423318934
-5.594493116395494	-0.1881396090900902	-0.0036527229282124233
-5.569461827284105	-0.18905777290525239	-0.0036895869040572266
-5.5444305381727155	-0.18998521988487946	-0.0037270286177013183
-5.519399249061326	-0.19092209574289512	-0.0037650605537224106
-5.494367959949937	-0.1918685493458955	-0.003803695544990739
-5.469336670838549	-0.1928247328011746	-0.0038429467846946234
-5.444305381727158	-0.19379080154779252	-0.0038828278388651338
-5.419274092615769	-0.1947669144508082	-0.003923352659423704
-5.3942428035043815	-0.19575323389880903	-0.003964535597778901
-5.36921151439299	-0.1967499259048882	-0.004006391418999117
-5.344180225281603	-0.1977571602111905	-0.004048935316590003
-5.319148936170212	-0.19877511039720655	-0.004092182927907154
-5.2941176470588225	-0.19980395399195633	-0.004136150350235875
-5.269086357947435	-0.20084387259024244	-0.004180854157572302
-5.244055068836044	-0.20189505197314192	-0.004226311418141729
-5.219023779724656	-0.2029576822329302	-0.004272539712692311
-5.193992490613266	-0.20403195790262854	-0.004319557153604513
-5.168961201501876	-0.20511807809038202	-0.00436738240485931
-5.1439299123904885	-0.2062162466188829	-0.004416034702910445
-5.1188986232791	-0.20732667217007952	-0.004465533878509173
-5.09386733416771	-0.20844956843538853	-0.0045159003795324625
-5.06883604505632	-0.20958515427168825	-0.004567155294869436
-5.043804755944931	-0.21073365386334528	-0.004619320379423602
-5.018773466833542	-0.21189529689056114	-0.0046724180802925775
-4.993742177722154	-0.21307031870433624	-0.004726471564190692
-4.968710888610763	-0.21425896050836465	-0.004781504746184178
-4.943679599499373	-0.21546146954819054	-0.00483754231981304
-4.918648310387985	-0.2166780993079779	-0.004894609788678858
-4.893617021276597	-0.21790910971526203	-0.0049527334995826885
-4.868585732165207	-0.21915476735407582	-0.005011940677303063
-4.843554443053817	-0.22041534568686327	-0.005072259461109957
-4.818523153942427	-0.22169112528561682	-0.005133718943117432
-4.793491864831038	-0.2229823940727115	-0.0051963492085843836
-4.768460575719651	-0.2242894475719092	-0.0052601813782805215
-4.7434292866082615	-0.2256125891700797	-0.005325247653042847
-4.71839799749687	-0.2269521303901636	-0.005391581360657021
-4.69336670838548	-0.2283083911759857	-0.005459217005207006
-4.668335419274092	-0.22968170018953055	-0.005528190319047378
-4.643304130162704	-0.2310723951213376	-0.005598538317563189
-4.618272841051315	-0.23248082301473458	-0.00567029935689512
-4.593241551939924	-0.23390734060463808	-0.005743513194820042
-4.568210262828536	-0.23535231467172915	-0.005818221054992105
-4.543178973717147	-0.23681612241284425	-0.0058944656947642815
-4.518147684605758	-0.23829915182848682	-0.005972291476827634
-4.4931163954943685	-0.2398018021284226	-0.00605174444492353
-4.468085106382977	-0.24132448415637447	-0.0061328724039041395
-4.44305381727159	-0.24286762083492605	-0.006215725004438115
-4.418022528160201	-0.24443164763179231	-0.006300353832682304
-4.392991239048811	-0.24601701304871113	-0.006386812505265578
-4.367959949937422	-0.2476241791342903	-0.006475156769959927
-4.342928660826031	-0.24925362202224238	-0.0065654446124439915
-4.317897371714643	-0.25090583249653725	-0.006657736369598622
-4.292866082603254	-0.25258131658511596	-0.006752094849810953
-4.267834793491865	-0.254280596183923	-0.006848585460803592
-4.2428035043804755	-0.2560042097131521	-0.006947276345551
-4.217772215269086	-0.2577527128077319	-0.0070482385268934526
-4.192740926157699	-0.2595266790442367	-0.007151546061513288
-4.167709637046308	-0.2613267007065714	-0.007257276203997552
-4.142678347934918	-0.26315338959295315	-0.007365509581776541
-4.117647058823529	-0.265007377866932	-0.007476330381800654
-4.09261576971214	-0.266889318955369	-0.007589826549897295
-4.067584480600752	-0.26879988849656566	-0.007706090003839072
-4.042553191489361	-0.2707397853419718	-0.007825216861252168
-4.017521902377972	-0.27270973261517284	-0.007947307683603057
-3.9924906132665825	-0.2747104788321921	-0.008072467737623148
-3.967459324155193	-0.2767427990874576	-0.0082008072756657
-3.9424280350438052	-0.27880749631015467	-0.008332441836639571
-3.917396745932415	-0.2809054025961079	-0.008467492569332855
-3.8923654568210257	-0.28303738062077316	-0.00860608658012626
-3.867334167709638	-0.2852043251394065	-0.008748357307307227
-3.8423028785982494	-0.28740716458104565	-0.008894444924430065
-3.8172715894868587	-0.28964686274351603	-0.009044496775433593
-3.7922403003754686	-0.2919244205973622	-0.009198667844524043
-3.7672090112640793	-0.29424087820732464	-0.009357121264167703
-3.7421777221526913	-0.29659731678082535	-0.009520028864915367
-3.717146433041303	-0.29899486085381255	-0.009687571771210943
-3.6921151439299127	-0.3014346806253521	-0.00985994104781962
-3.6670838548185225	-0.30391799445346485	-0.01003733840206513
-3.6420525657071328	-0.306446071525994	-0.010219976947690421
-3.617021276595745	-0.30902023472168366	-0.010408082036872494
-3.5919899874843564	-0.3116418636782437	-0.010601892167738408
-3.566958698372966	-0.3143123980859445	-0.010801659975664785
-3.541927409261576	-0.317033341227303	-0.011007653317716333
-3.5168961201501876	-0.31980626378565674	-0.011220156460813518
-3.4918648310387996	-0.32263280794797283	-0.011439471385642112
-3.46683354192741	-0.3255146918301195	-0.011665919219963133
-3.4418022528160197	-0.32845371425608233	-0.011899841816887864
-3.4167709637046295	-0.33145175992632187	-0.012141603495897305
-3.391739674593241	-0.33451080501465624	-0.012391592966967614
-3.366708385481853	-0.3376329232379046	-0.012650225461177928
-3.341677096370464	-0.3408202924479725	-0.012917945094712486
-3.3166458072590737	-0.3440752018024178	-0.013195227497324694
-3.291614518147683	-0.3474000595766987	-0.013482582741231052
-3.2665832290362946	-0.3507974016897255	-0.013780558612203269
-3.2415519399249066	-0.35426990102388844	-0.014089744271511826
-3.2165206508135173	-0.3578203776319042	-0.014410774365581084
-3.191489361702127	-0.3614518099357742	-0.01474433365002927
-3.166458072590739	-0.36516734703815346	-0.015091162206553408
-3.14142678347935	-0.3689703222840502	-0.015452061345324583
-3.11639549436796	-0.3728642682313301	-0.015827900302760007
-3.091364205256571	-0.3768529332126536	-0.016219623865454214
-3.0663329161451807	-0.38094029969996696	-0.01662826107659806
-3.0413016270337927	-0.38513060471627314	-0.017054935212571985
-3.0162703379224034	-0.3894283625793006	-0.017500875256080545
-2.991239048811014	-0.39383839030907425	-0.01796742914015142
-2.966207759699625	-0.3983658360879857	-0.018456079097116863
-2.941176470588234	-0.40301621122962167	-0.018968459521661853
-2.916145181476846	-0.4077954261938786	-0.019506377851584083
-2.891113892365457	-0.4127098312837677	-0.020071839089931855
-2.8660826032540676	-0.417766262777459	-0.020667074745525208
-2.8410513141426783	-0.4229720953921784	-0.0212945771661251
-2.816020025031289	-0.4283353021501897	-0.02195714049411682
-2.790988735919901	-0.433864522928022	-0.02265790980829385
-2.7659574468085104	-0.43956914322665874	-0.023400440454534682
-2.740926157697121	-0.4454593850122838	-0.024188770151058372
-2.715894868585732	-0.4515464118552578	-0.025027507234390383
-2.6908635794743425	-0.4578424510511904	-0.025921939466819418
-2.6658322903629545	-0.4643609359529387	-0.02687816926524786
-2.6408010012515644	-0.4711166723825319	-0.027903283195184904
-2.615769712140175	-0.4781260337222454	-0.02900556633768112
-2.5907384230287853	-0.4854071900726514	-0.030194776031107984
-2.565707133917396	-0.49298037762585195	-0.03148249503937503
-2.540675844806008	-0.5008682149362739	-0.03288259220151047
-2.515644555694618	-0.5090960726586152	-0.03441183029866804
-2.4906132665832286	-0.5176925017004319	-0.03609067812785288
-2.4655819774718406	-0.5266897198629511	-0.037944409545875364
-2.440550688360452	-0.5361241454099105	-0.04000461113836512
-2.4155193992490616	-0.5460369405229515	-0.04231127928340362
-2.3904881101376714	-0.556474473840298	-0.0449157774202917
-2.365456821026282	-0.5674884995499982	-0.04788506036618521
-2.340425531914894	-0.5791356192114869	-0.05130777208183334
-2.3153942428035057	-0.5914751132133502	-0.055303093519046304
-2.2903629536921155	-0.6045632364156115	-0.06003350367320395
-2.2653316645807253	-0.6184400419350082	-0.06572262866798108
-2.2403003754693356	-0.6331008156017263	-0.07267801370595252
-2.2152690863579476	-0.6484373403498588	-0.08131255086050136
-2.190237797246559	-0.6641269612740464	-0.09213831220946132
-2.165206508135169	-0.6794613429439955	-0.10565651194518677
-2.140175219023779	-0.6932212508293718	-0.12200158927492763
-2.1151439299123904	-0.7040080940957715	-0.14034461672845855
-2.0901126408010025	-0.7113883543413113	-0.15888959418058687
-2.0650813516896127	-0.7163770485148859	-0.17650618437480808
-2.0400500625782225	-0.7193169469556892	-0.19354739666201864
-2.0150187734668323	-0.7189034543307942	-0.20906271797681708
-1.989987484355444	-0.7158580871921687	-0.21947546716055952
-1.9649561952440555	-0.7151099978892261	-0.22305328353344944
-1.939924906132667	-0.7212276746079715	-0.22320961187404348
-1.914893617021277	-0.7344417487484444	-0.22494812388585222
-1.8898623279098858	-0.7524183633597722	-0.23118483250849178
-1.8648310387984974	-0.7727633961578274	-0.24290306089933586
-1.839799749687109	-0.7936285819770776	-0.26023838289631795
-1.8147684605757206	-0.8136914148207522	-0.2830796539364724
-1.7897371714643304	-0.8317753593496628	-0.31166100164214605
-1.764705882352942	-0.8458223391129807	-0.34634258725562206
-1.7396745932415527	-0.852785522432722	-0.38622195382188595
-1.7146433041301625	-0.8499725871209592	-0.4283669430003487
-1.6896120150187741	-0.8363176778441416	-0.46829522326617756
-1.664580725907384	-0.8134616024703522	-0.5007472137616418
-1.6395494367959955	-0.786805351306222	-0.5221187833987154
-1.6145181476846062	-0.7630648560334213	-0.534094379461364
-1.589486858573217	-0.7443915934792092	-0.5429803989311455
-1.5644555694618276	-0.7259547908538101	-0.5529595889535209
-1.5394242803504374	-0.7015281941333135	-0.560235613980209
-1.514392991239049	-0.672067256446131	-0.5553364128963684
-1.4893617021276597	-0.6482462617564173	-0.5326319362949324
-1.4643304130162704	-0.6424649304778677	-0.497796891959225
-1.4392991239048811	-0.6584793827308966	-0.4635400460867492
-1.4142678347934918	-0.6912162217941547	-0.43978570732861316
-1.3892365456821025	-0.7330677890554992	-0.430434291060999
-1.3642052565707132	-0.7773302800329882	-0.43531654434566486
-1.339173967459324	-0.8190845955483366	-0.45136620007143036
-1.3141426783479346	-0.8568300978498287	-0.4737913550080604
-1.2891113892365453	-0.8928484886043985	-0.4990482331421771
-1.264080100125157	-0.9311635084751341	-0.5267388243543427
-1.2390488110137667	-0.9758443861823292	-0.5599881758712646
-1.2140175219023774	-1.0286040490072463	-0.6061463988995325
-1.1889862327909881	-1.0849218203865816	-0.6745741652000868
-1.1639549436795988	-1.1335709873281994	-0.7713199230633806
-1.1389236545682104	-1.1602704371654318	-0.8955213455997364
-1.1138923654568202	-1.1518731848638182	-1.0400089063958522
-1.0888610763454318	-1.0957839718936906	-1.192906473145575
-1.0638297872340434	-0.9806631707693781	-1.3307938822958867
-1.0387984981226523	-0.8135348873398243	-1.4162611041079354
-1.013767209011264	-0.6324931099991946	-1.421628761606669
-0.9887359198998737	-0.48718374850705526	-1.3540661771399312
-0.9637046307884853	-0.4077059307311191	-1.2509043789693346
-0.9386733416770969	-0.3922790756286793	-1.1540460329610742
-0.9136420525657085	-0.4188413808564586	-1.088461588327715
-0.8886107634543183	-0.4645790152080381	-1.0598418700594094
-0.8635794743429273	-0.5153157729162149	-1.0663246256223333
-0.8385481852315388	-0.5595768523154694	-1.1081117747813645
-0.8135168961201504	-0.5799269176963364	-1.1822630663150628
-0.788485607008762	-0.5592485807223297	-1.2712838304372065
-0.7634543178973718	-0.4981703074761842	-1.3475124047522022
-0.7384230287859816	-0.4162873559879826	-1.3951933993522059
-0.7133917396745932	-0.33091473743854843	-1.417318556824464
-0.6883604505632039	-0.2483918684223066	-1.4206420056954507
-0.6633291614518155	-0.17104692840916896	-1.4092207884074228
-0.6382978723404253	-0.09971845552673594	-1.3851753237875284
-0.6132665832290352	-0.03657778262816645	-1.3479370473523828
-0.5882352941176467	0.01225459345625015	-1.2989314810254469
-0.5632040050062583	0.041900662161326735	-1.2452093025796434
-0.5381727158948699	0.05307946951815525	-1.1952889056120608
-0.5131414267834788	0.04987284530507406	-1.154532634820641
-0.48811013767208866	0.03544992880415598	-1.126148315177303
-0.46307884856070025	0.013312320831942281	-1.1151757592282425
-0.43804755944931184	-0.008006693447932332	-1.1269154831373496
-0.41301627033792343	-0.014574910177979418	-1.1607719449753788
-0.38798498122653324	0.006634420535804262	-1.2052766196629727
-0.36295369211514483	0.05815268198456582	-1.2410745081467842
-0.33792240300375376	0.12875086652420678	-1.2512181234275568
-0.31289111389236535	0.1984676301147348	-1.2300476398337414
-0.28785982478097694	0.2487640506190398	-1.1875144047583346
-0.26282853566958675	0.27533834377537836	-1.1430276320404047
-0.23779724655819834	0.2890345623722301	-1.1092468345485291
-0.21276595744680904	0.30164939678183783	-1.0847634192461535
-0.18773466833541974	0.3157776164852857	-1.0640234146553271
-0.16270337922403044	0.33163448055884026	-1.046302877302549
-0.13767209011264026	0.3528819045679832	-1.0296047782311308
-0.11264080100125184	0.3798189259709316	-1.0071862218227319
-0.08760951188986255	0.4060785101597068	-0.9750677018520412
-0.06257822277847325	0.4263632571978388	-0.9367013678161631
-0.03754693366708395	0.4425515853825422	-0.8949288693046626
-0.01251564455569465	0.4546271997292342	-0.8448277881499751
0.01251564455569465	0.4521359130871873	-0.784381380589167
0.03754693366708395	0.425627648217437	-0.725137686068892
0.06257822277847325	0.37923981540226753	-0.6827112551888566
0.08760951188986255	0.326236437862704	-0.6640800949018285
0.11264080100125184	0.2789761390937397	-0.6659950700383476
0.13767209011264114	0.24326547753796943	-0.6802742340005423
0.16270337922403044	0.21907303547058873	-0.6999515562888027
0.18773466833541974	0.20457734650847023	-0.7209820332239008
0.21276595744680726	0.19790303218481695	-0.740311969986588
0.23779724655819834	0.19519865842323209	-0.755106596438236
0.26282853566958764	0.19008752257201064	-0.7667835153957604
0.28785982478097694	0.17996786307654608	-0.7830107913258851
0.31289111389236623	0.17077975457476252	-0.811394157866567
0.33792240300375376	0.17418475320960206	-0.8519770341033525
0.36295369211514483	0.19897357958531905	-0.8938121482457628
0.38798498122653235	0.24105385344724753	-0.9220237471802171
0.41301627033792343	0.2866547580637413	-0.9319414670813481
0.43804755944931273	0.3264652599017716	-0.9306394987088502
0.46307884856070025	0.36115304062954606	-0.9264107087765003
0.4881101376720913	0.39558719956355376	-0.9211216390316501
0.5131414267834788	0.4312806999342114	-0.9129859136477201
0.5381727158948699	0.4694342764409161	-0.9022994059617947
0.5632040050062574	0.5144528545878103	-0.8852387588191583
0.5882352941176467	0.5635060199142152	-0.8513073433049777
0.6132665832290378	0.6028333179128974	-0.7967666422556237
0.6382978723404253	0.6210662340845725	-0.7307406379103469
0.6633291614518164	0.6169470820650548	-0.6654416771451135
0.6883604505632039	0.5948393078012717	-0.6093162213290471
0.7133917396745932	0.5611438424097641	-0.5673170935641719
0.7384230287859808	0.5232614991312108	-0.5405918805525334
0.7634543178973718	0.48690110142891824	-0.5263436036213933
0.7884856070087629	0.4541712969809042	-0.5204141106091801
0.8135168961201504	0.42427258413798524	-0.5200184948259062
0.8385481852315397	0.39586438223948933	-0.5251344544205202
0.8635794743429273	0.3694936466179806	-0.5371667874698288
0.8886107634543183	0.347432631467539	-0.5567678993643169
0.9136420525657059	0.3325717820821726	-0.583006865044445
0.9386733416770969	0.326921590214758	-0.6132573107354106
0.9637046307884862	0.3308035701811408	-0.6452640274687838
0.9887359198998737	0.34605835735618184	-0.6777123890869245
1.0137672090112648	0.37576508915364604	-0.704732641664639
1.0387984981226523	0.4156907804869641	-0.7164491777328786
1.0638297872340434	0.45331129485968286	-0.7097855123888772
1.088861076345431	0.47818437842451855	-0.6927708358304014
1.1138923654568202	0.4898053396898811	-0.67799303980049
1.1389236545682113	0.4969363953685001	-0.6731733504529129
1.1639549436795988	0.5097959899387838	-0.6767222601228063
1.18898623279099	0.5339464504108896	-0.6815856268730464
1.2140175219023774	0.5703026941400174	-0.6786045714875251
1.2390488110137667	0.612794032452683	-0.6576553974010664
1.264080100125156	0.6470066036554607	-0.6153881949845954
1.2891113892365453	0.659917621534378	-0.561225162045557
1.3141426783479364	0.6495177800889232	-0.5100649819626085
1.339173967459324	0.6225808592091988	-0.4726226800471433
1.3642052565707132	0.5886105114513799	-0.453390062122361
1.3892365456821025	0.5567330356845628	-0.4519414658686059
1.4142678347934918	0.5342422563271192	-0.46434195665593564
1.4392991239048811	0.5262491275582292	-0.4840762834477715
1.4643304130162704	0.5341832417919322	-0.5016890008132588
1.4893617021276597	0.5521144264924474	-0.5079044083340836
1.514392991239049	0.5689314177956117	-0.5009081432706686
1.5394242803504383	0.5766983533878451	-0.4871697003265369
1.5644555694618276	0.5743594092668551	-0.47560749250451223
1.589486858573217	0.5664983457917186	-0.47314578066829194
1.6145181476846044	0.5606547423150291	-0.48237903410385174
1.6395494367959955	0.5648949553802388	-0.5015607683838031
1.6645807259073848	0.5866641042537756	-0.5235596512442211
1.6896120150187741	0.6270108196358123	-0.5348908627644567
1.7146433041301634	0.6748404983112124	-0.5244109663330196
1.739674593241551	0.7148580585093881	-0.4936513622932313
1.764705882352942	0.7392190663946084	-0.45292646314984625
1.7897371714643295	0.7486218846729886	-0.41243068614816564
1.8147684605757206	0.7482623336901922	-0.3781570593832817
1.83979974968711	0.7441602543283501	-0.35190845787540886
1.8648310387984974	0.7418703583008733	-0.3322876317608937
1.8898623279098885	0.7449970792861644	-0.31452121765573116
1.914893617021276	0.7522920793133804	-0.29244692521240145
1.939924906132667	0.7582249880184264	-0.2634270902286963
1.9649561952440546	0.7578753448731967	-0.22976301099789295
1.989987484355444	0.7495715021862374	-0.19579317078824907
2.015018773466835	0.7346159993008752	-0.16531308527095537
2.0400500625782225	0.7157835792856986	-0.14009965207727174
2.065081351689613	0.6955607489989267	-0.1200714118426029
2.090112640801001	0.6754739732080313	-0.10432802845811234
2.1151439299123904	0.6562620849791327	-0.09187804018813733
2.1401752190237784	0.6382051043588276	-0.08190107759359157
2.165206508135169	0.6213549403032841	-0.07378088074980971
2.1902377972465596	0.6056617505931688	-0.06706908852074765
2.2152690863579476	0.5910364530817499	-0.06144103844048501
2.240300375469337	0.5773799312654887	-0.05665990256707904
2.265331664580725	0.5645959099934249	-0.052550735143127615
2.2903629536921155	0.5525960587745419	-0.04898241037746883
2.315394242803503	0.5413014871368776	-0.04585517335579873
2.340425531914894	0.5306426320740056	-0.04309203088378234
2.3654568210262834	0.5205584898898836	-0.0406327410160198
2.3904881101376714	0.5109956390283862	-0.038429564915403495
2.415519399249062	0.5019072562050412	-0.03644422381729337
2.4405506883604495	0.49325221049452284	-0.03464568941459513
2.4655819774718406	0.4849942640544706	-0.033008557922036746
2.490613266583228	0.47710138238021965	-0.03151183826136399
2.515644555694618	0.4695451459460488	-0.030138037877748713
2.5406758448060085	0.4623002511674674	-0.028872465159310322
2.565707133917396	0.4553440880281572	-0.02770269139315187
2.590738423028787	0.44865638257940654	-0.026618131574383995
2.6157697121401746	0.44221889392090824	-0.025609714720785458
2.6408010012515644	0.43601515677454605	-0.024669622282980707
2.665832290362953	0.43003026217362234	-0.02379107886171415
2.6908635794743425	0.4242506700346976	-0.022968183469853947
2.7158948685857336	0.4186640484420317	-0.022195772490931784
2.740926157697121	0.41325913536483144	-0.021469307616884876
2.765957446808511	0.40802561926524084	-0.020784783620928303
2.7909887359198997	0.4029540356627838	-0.020138651993797167
2.816020025031289	0.3980356772199066	-0.01952775735280262
2.841051314142678	0.3932625153228026	-0.018949284201082002
2.8660826032540676	0.38862713146765654	-0.018400712124697217
2.8911138923654573	0.3841226570386339	-0.017879777908013574
2.916145181476846	0.37974272029129463	-0.017384443352287563
2.9411764705882355	0.3754813995427483	-0.016912867820054817
2.9662077596996244	0.3713331817251614	-0.016463384714618657
2.991239048811014	0.3672929255880856	-0.016034481251511388
3.0162703379224016	0.36335582894232393	-0.015624780996139748
3.0413016270337927	0.35951739942760375	-0.015233028735639623
3.066332916145182	0.3557734283613011	-0.014858077328374813
3.091364205256571	0.3521199672884652	-0.014498876235443572
3.1163954943679606	0.3485533069064577	-0.014154461488022445
3.141426783479348	0.34506995808236457	-0.013823946884727384
3.166458072590739	0.3416666347193763	-0.013506516246231936
3.1914893617021267	0.33834023826063525	-0.01320141658158903
3.2165206508135173	0.3350878436466098	-0.01290795204317979
3.241551939924907	0.33190668656561745	-0.012625478565861372
3.2665832290362946	0.3287941518572816	-0.012353399101411812
3.2916145181476857	0.32574776294611607	-0.012091159372347093
3.316645807259073	0.32276517219733364	-0.011838244080068592
3.341677096370464	0.31984415209991385	-0.011594173511457265
3.366708385481852	0.31698258719318856	-0.01135850049576238
3.391739674593241	0.31417846666286225	-0.011130807670181687
3.416770963704632	0.3114298775408731	-0.010910705018090404
3.4418022528160197	0.30873499845086233	-0.010697827648617254
3.4668335419274103	0.30609209384746483	-0.01049183379031275
3.4918648310387983	0.3034995087032691	-0.010292402975124109
3.5168961201501876	0.3009556636022471	-0.010099234391869993
3.5419274092615756	0.2984590502028292	-0.009912045390973099
3.566958698372966	0.2960082270376074	-0.009730570124424343
3.591989987484357	0.29360181562005994	-0.009554558306867097
3.617021276595745	0.2912384968316777	-0.009383774085352925
3.642052565707134	0.2889170075655473	-0.009217995006764314
3.667083854818522	0.2866361376047526	-0.009057011073159068
3.6921151439299127	0.28439472671612986	-0.008900623876388427
3.7171464330413	0.2821916619417062	-0.008748645804303441
3.7421777221526913	0.28002587507185867	-0.008600899311705046
3.7672090112640806	0.2778963402857117	-0.008457216249934348
3.7922403003754686	0.2758020719456023	-0.00831743724964898
3.817271589486859	0.27374212253367336	-0.00818141115190636
3.8423028785982467	0.2717155807196945	-0.00804899448318056
3.867334167709638	0.26972156955018023	-0.007920050970386998
3.8923654568210253	0.26775924474976337	-0.007794451092387739
3.917396745932415	0.2658277931265215	-0.0076720716648001315
3.9424280350438057	0.26392643107371283	-0.007552795455247047
3.967459324155193	0.26205440316095957	-0.0074365108264636435
3.9924906132665843	0.26021098080853683	-0.007323111404925365
4.017521902377972	0.25839546103893146	-0.007212495772883612
4.042553191489361	0.25660716530029376	-0.007104567181892894
4.06758448060075	0.2548454383568696	-0.006999233286092697
4.09261576971214	0.253109647241863	-0.006896405893664858
4.117647058823531	0.251399180268536	-0.0067960007350311834
4.142678347934918	0.249713446095715	-0.006697937246484612
4.167709637046308	0.24805187284409666	-0.006602138368062272
4.192740926157697	0.24641390726010562	-0.006508530354574134
4.217772215269086	0.24479901392422318	-0.006417042598793897
4.2428035043804755	0.24320667450098624	-0.006327607465904592
4.267834793491865	0.24163638702803059	-0.006240160138368111
4.292866082603254	0.2400876652417698	-0.0061546384704570314
4.317897371714643	0.23856003793744632	-0.006070982851751053
4.342928660826033	0.2370530483614736	-0.005989136078956703
4.367959949937422	0.23556625363412548	-0.005909043235461762
4.392991239048811	0.2340992242007654	-0.0058306515780827285
4.418022528160199	0.23265154330993698	-0.005753910430506751
4.44305381727159	0.2312228065167423	-0.005678771082969026
4.468085106382979	0.2298126212100531	-0.00560518669774184
4.4931163954943685	0.22842060616218693	-0.00553311222004483
4.518147684605758	0.2270463910997823	-0.005462504294015234
4.543178973717145	0.22568961629467352	-0.005393321183404727
4.568210262828536	0.22434993217366164	-0.005325522696693917
4.593241551939924	0.22302699894613848	-0.0052590701163392276
4.618272841051315	0.22172048624858923	-0.005193926131886955
4.643304130162704	0.22043007280506483	-0.005130054776709428
4.668335419274092	0.21915544610276105	-0.00506742136813525
4.693366708385483	0.217896302081915	-0.00500599245076238
4.71839799749687	0.2166523448392553	-0.004945735742757573
4.7434292866082615	0.21542328634430347	-0.004886620084959276
4.768460575719649	0.21420884616786443	-0.004828615392614175
4.793491864831038	0.2130087512220798	-0.004771692609589197
4.818523153942429	0.21182273551145825	-0.0047158236649113335
4.843554443053817	0.2106505398943282	-0.004660981431497948
4.868585732165208	0.20949191185419422	-0.00460713968694939
4.8936170212765955	0.2083466052805102	-0.00455427307628411
4.918648310387985	0.2072143802584007	-0.004502357076504521
4.943679599499372	0.2060950028669013	-0.004451367962889329
4.968710888610763	0.20498824498529997	-0.004401282776914251
4.9937421777221545	0.20389388410720327	-0.004352079295710262
5.018773466833542	0.20281170316194616	-0.004303736002973251
5.043804755944931	0.20174149034300642	-0.004256232061245406
5.068836045056319	0.2006830389431054	-0.004209547285492961
5.09386733416771	0.19963614719566278	-0.004163662117909906
5.118898623279097	0.19860061812233834	-0.004118557603881808
5.1439299123904885	0.19757625938636308	-0.004074215369047237
5.168961201501878	0.19656288315141185	-0.004030617597399289
5.193992490613265	0.19556030594575424	-0.003987747010371638
5.219023779724656	0.1945683485314634	-0.003945586846858337
5.244055068836044	0.19358683577844837	-0.003904120844118701
5.269086357947435	0.19261559654310018	-0.003863333219521594
5.2941176470588225	0.19165446355135424	-0.0038232086530866653
5.319148936170212	0.19070327328596967	-0.00378373227078166
5.344180225281603	0.1897618658778568	-0.003744889628538169
5.36921151439299	0.1888300850012689	-0.0037066666969497505
5.3942428035043815	0.1879077777726959	-0.003669049846618521
5.419274092615769	0.1869947946533121	-0.003632025834118601
5.444305381727158	0.18609098935482113	-0.00359558178854583
5.469336670838548	0.18519621874856085	-0.0035597051986258014
5.494367959949937	0.18431034277773398	-0.003524383900352829
5.519399249061328	0.18343322437263326	-0.0034896060651349184
5.5444305381727155	0.18256472936874826	-0.0034553601884202826
5.569461827284105	0.18170472642762328	-0.003421635078782995
5.594493116395494	0.18085308696037153	-0.003388419847446087
5.619524405506883	0.18000968505372775	-0.0033557038982218426
5.644555694618273	0.1791743973985466	-0.0033234769178498986
5.669586983729662	0.17834710322064726	-0.0032917288667150286
5.694618272841051	0.1775276842139124	-0.00326044996992715
5.719649561952441	0.17671602447555354	-0.003229630708747207
5.74468085106383	0.1759120104434664	-0.003199261812343429
5.769712140175219	0.17511553083558326	-0.003169334249863065
5.7947434292866085	0.17432647659115957	-0.0031398392228056795
5.819774718397996	0.1735447408139138	-0.0031107681576846347
5.844806007509387	0.17277021871695128	-0.0030821126989642065
5.869837296620776	0.17200280756940925	-0.0030538647022601757
5.894868585732166	0.17124240664475782	-0.0030260162277927017
5.919899874843555	0.17048891717069278	-0.002998559534080366
5.9449311639549425	0.16974224228056653	-0.002971487071865308
5.9699624530663336	0.16900228696629782	-0.002944791478259492
5.994993742177721	0.1682689580327072	-0.0029184655711027873
6.020025031289112	0.16754216405322916	-0.002892502343524001
6.0450563204005014	0.16682181532695087	-0.002866894958696416
6.07008760951189	0.16610782383692618	-0.0028416367447796336
6.09511889862328	0.16540010320972498	-0.00281672119004026
6.120150187734667	0.16469856867617624	-0.0027921419381439013
6.145181476846059	0.1640031370332521	-0.0027678927836115763
6.170212765957445	0.16331372660706986	-0.002743967667433955
6.195244055068836	0.1626302572169559	-0.0027203606728368845
6.2202753441802265	0.16195265014054921	-0.002697066021192388
6.245306633291613	0.16128082807989969	-0.002674078068069096
6.270337922403005	0.160614715128535	-0.002651391299416793
6.295369211514392	0.1599542367394545	-0.0026290003278797345
6.320400500625783	0.1592993196940269	-0.002606899889233578
6.3454317897371695	0.15864989207175928	-0.00258508483894138
6.37046307884856	0.15800588322090406	-0.002563550148823776
6.395494367959952	0.15736722372988501	-0.0025422909038391455
6.420525657071338	0.15673384539950438	-0.0025213022989694425
6.445556946182729	0.1561056812159178	-0.002500579636207745
6.470588235294116	0.15548266532434063	-0.002480118321643604
6.495619524405506	0.15486473300347053	-0.002459913862642575
6.520650813516895	0.15425182064059986	-0.00243996186511638
6.545682102628285	0.15364386570739147	-0.0024202580308802972
6.570713391739676	0.15304080673630957	-0.0024007981550946333
6.5957446808510625	0.15244258329766713	-0.0023815781237870376
6.620775969962453	0.15184913597728894	-0.002362593911452848
6.645807259073841	0.15126040635475568	-0.0023438415787305363
6.670838548185231	0.15067633698221783	-0.0023253172701495567
6.695869837296622	0.15009687136376623	-0.0023070172119479602
6.720901126408009	0.14952195393533044	-0.0022889377099573247
6.745932415519399	0.1489515300451008	-0.0022710751475524932
6.770963704630788	0.14838554593444783	-0.0022534259836640086
6.795994993742178	0.1478239487193339	-0.002235986750850761
6.821026282853566	0.1472666863721918	-0.0022187540534309934
6.8460575719649555	0.14671370770426664	-0.002201724565669448
6.871088861076346	0.14616496234839788	-0.002184895030018785
6.896120150187734	0.1456204007422339	-0.002168262255413326
6.921151439299124	0.1450799741118683	-0.0021518231156134123
6.946182728410513	0.14454363445587604	-0.0021355745475985714
6.971214017521902	0.14401133452974715	-0.0021195135500077923
6.996245306633291	0.14348302783070394	-0.0021036371816254367
7.0212765957446805	0.14295866858288958	-0.0020879425599111033
7.046307884856071	0.14243821172291227	-0.0020724268595720802
7.071339173967459	0.14192161288574773	-0.0020570873111768607
7.0963704630788484	0.14140882839097493	-0.0020419211998084254
7.121401752190238	0.14089981522934844	-0.002026925863755949
7.146433041301627	0.14039453104968494	-0.002012098693243647
7.171464330413016	0.13989293414606838	-0.001997437129195569
7.196495619524406	0.13939498344535564	-0.0019829386620351603
7.221526908635795	0.13890063849497586	-0.0019686008305184145
7.246558197747184	0.13840985945101825	-0.0019544212205995963
7.2715894868585735	0.1379226070665974	-0.0019403974643284372
7.296620775969963	0.1374388426804894	-0.0019265272387778152
7.321652065081352	0.13695852820603324	-0.0019128082650009476
7.3466833541927405	0.13648162612028583	-0.0018992383070170953
7.371714643304131	0.1360080994534263	-0.001885815170824998
7.39674593241552	0.13553791177840685	-0.0018725367034430496
7.421777221526909	0.1350710272008341	-0.0018594007919754262
7.446808510638299	0.1346074103490819	-0.001846405362703375
7.471839799749687	0.13414702636463058	-0.0018335483802007957
7.496871088861077	0.13368984089261887	-0.0018208278464734973
7.521902377972466	0.13323582007260942	-0.0018082418001212695
7.546933667083856	0.13278493052956178	-0.001795788315522125
7.571964956195245	0.13233713936500438	-0.0017834655020380734
7.5969962453066335	0.13189241414840105	-0.0017712715032416697
7.622027534418024	0.13145072290871002	-0.0017592044961628245
7.647058823529412	0.13101203412612786	-0.001747262690555156
7.672090112640802	0.13057631672401016	-0.0017354443281813964
7.697121401752189	0.1301435400609741	-0.0017237476821171877
7.72215269086358	0.12971367392316768	-0.00171217105607279
7.74718397997497	0.1292866885167071	-0.0017007127837321415
7.772215269086359	0.12886255446027733	-0.0016893712281087624
7.797246558197749	0.1284412427778922	-0.0016781447809179814
7.8222778473091354	0.12802272489180502	-0.0016670318619650699
7.8473091364205265	0.12760697261557552	-0.0016560309185487333
7.872340425531913	0.12719395814727827	-0.001645140424879606
7.897371714643305	0.12678365406285766	-0.001634358881513224
7.922403003754695	0.12637603330962136	-0.0016236848147971284
7.947434292866082	0.12597106919986967	-0.001613116776331659
7.972465581977473	0.125568735404659	-0.0016026533424440585
7.99749687108886	0.12516900594769245	-0.0015922931136754849
8.022528160200253	0.12477185519933894	-0.0015820347142806194
8.047559449311638	0.12437725787077482	-0.0015718767917394505
8.072590738423028	0.12398518900824564	-0.001561818016280909
8.09762202753442	0.12359562398744499	-0.0015518570804180822
8.122653316645806	0.12320853850800914	-0.001541992698494577
8.147684605757199	0.12282390858812121	-0.0015322236062417962
8.172715894868585	0.12244171055922695	-0.0015225485603468612
8.197747183979974	0.12206192106085541	-0.0015129663380307125
8.222778473091363	0.12168451703554305	-0.0015034757366363673
8.247809762202753	0.12130947572386222	-0.0014940755732268042
8.272841051314145	0.12093677465954501	-0.0014847646841924002
8.297872340425531	0.12056639166470627	-0.0014755419248675427
8.32290362953692	0.1201983048451603	-0.0014664061691562244
8.34793491864831	0.11983249258583134	-0.0014573563091663736
8.3729662077597	0.11946893354625067	-0.0014483912548526549
8.397997496871088	0.11910760665614602	-0.0014395099336675416
8.423028785982478	0.1187484911111135	-0.0014307112902204508
8.448060075093867	0.118391566368377	-0.0014219942859446722
8.473091364205256	0.11803681214262608	-0.0014133578987719515
8.498122653316646	0.11768420840193652	-0.0014048011228144767
8.523153942428035	0.117333735363769	-0.0013963229680540904
8.548185231539424	0.11698537349104429	-0.0013879224600385454
8.573216520650814	0.1166391034882924	-0.001379598639584609
8.598247809762203	0.11629490629787584	-0.0013713505624878323
8.623279098873592	0.1159527630962859	-0.0013631772992388435
8.648310387984981	0.11561265529050543	-0.0013550779347459455
8.67334167709637	0.11527456451444365	-0.0013470515680639016
8.69837296620776	0.11493847262543566	-0.0013390973121287413
8.72340425531915	0.11460436170080761	-0.0013312142934983869
8.748435544430539	0.1142722140345075	-0.0013234016520990296
8.773466833541928	0.11394201213379661	-0.001315658540977052
8.798498122653317	0.11361373871600305	-0.0013079841260563714
8.823529411764707	0.11328737670533537	-0.001300377585901071
8.848560700876096	0.11296290922975391	-0.0012928381114831896
8.873591989987485	0.11264031961790087	-0.0012853649059555322
8.898623279098874	0.11231959139608572	-0.0012779571844293775
8.92365456821026	0.11200070828532428	-0.0012706141737569765
8.948685857321653	0.111683654198434	-0.0012633351123186721
8.973717146433042	0.11136841323717946	-0.0012561192498146282
8.998748435544432	0.11105496968947158	-0.0012489658470609215
9.023779724655821	0.11074330802661426	-0.0012418741757900017
9.048811013767207	0.11043341290060316	-0.0012348435184553624
9.0738423028786	0.11012526914147101	-0.0012278731680402904
9.098873591989985	0.10981886175468142	-0.0012209624278707132
9.123904881101378	0.10951417591856702	-0.0012141106114318503
9.148936170212767	0.10921119698181425	-0.0012073170421888007
9.173967459324153	0.10890991046099346	-0.001200581053410782
9.198998748435546	0.10861030203812971	-0.0011939019879990422
9.224030037546932	0.10831235755831904	-0.0011872791983183488
9.249061326658325	0.10801606302738219	-0.0011807120460318853
9.27409261576971	0.10772140460956679	-0.0011741999019396184
9.2991239048811	0.10742836862527846	-0.0011677421458198903
9.324155193992492	0.1071369415488623	-0.0011613381662743149
9.349186483103878	0.10684711000641442	-0.001154987360575765
9.374217772215271	0.10655886077363608	-0.0011486891345195028
9.399249061326657	0.10627218077372122	-0.0011424429022772464
9.424280350438046	0.105987057075282	-0.0011362480862542406
9.449311639549435	0.10570347689031019	-0.001130104116949168
9.474342928660825	0.10542142757217078	-0.0011240104328168654
9.499374217772218	0.10514089661363152	-0.0011179664801337721
9.524405506883603	0.10486187164492583	-0.0011119717128660733
9.549436795994993	0.10458434043184674	-0.0011060255925404397
9.574468085106382	0.10430829087387358	-0.0011001275881173506
9.599499374217771	0.10403371100233101	-0.0010942771758668715
9.62453066332916	0.10376058897857701	-0.0010884738392469024
9.64956195244055	0.10348891309222251	-0.0010827170687838217
9.67459324155194	0.10321867175937856	-0.001077006361955418
9.699624530663328	0.10294985352093562	-0.001071341223076145
9.724655819774718	0.1026824470408673	-0.0010657211631845838
9.749687108886107	0.10241644110456588	-0.0010601456999330709
9.774718397997496	0.10215182461720147	-0.001054614357479498
9.799749687108886	0.10188858660211068	-0.0010491266663811443
9.824780976220275	0.10162671619921017	-0.001043682163490574
9.849812265331664	0.10136620266343697	-0.001038280391853523
9.874843554443054	0.10110703536321193	-0.0010329209006087253
9.899874843554443	0.10084920377893129	-0.0010276032448896413
9.924906132665832	0.1005926975014787	-0.0010223269857280671
9.949937421777221	0.10033750623076501	-0.0010170916899595432
9.97496871088861	0.10008361977428748	-0.001011896930130563
10.0	0.09983102804571638	-0.0010067422844075166
