-10.0	-0.14645822468170447	-0.0022063434136225545
-9.97496871088861	-0.14701065521499987	-0.0022236233027900887
-9.949937421777221	-0.14756784669049217	-0.002241690778560914
-9.924906132665832	-0.1481297408954593	-0.0022606370091014885
-9.899874843554443	-0.14869634267087556	-0.0022805722045211923
-9.874843554443054	-0.14926768047143432	-0.002301674985408982
-9.849812265331664	-0.1498437607073621	-0.0023242269031746106
-9.824780976220275	-0.15042450174769845	-0.002348647743353273
-9.799749687108886	-0.15100961524031312	-0.0023755266454089643
-9.774718397997496	-0.15159838417060323	-0.0024056037451400257
-9.749687108886107	-0.15218929359386454	-0.002439555065147219
-9.724655819774718	-0.15277964362382337	-0.0024772390457635626
-9.699624530663328	-0.15336595851028745	-0.002516064688295349
-9.67459324155194	-0.1539468822135496	-0.002549659251584245
-9.64956195244055	-0.15452751809807644	-0.002571073059418717
-9.62453066332916	-0.1551173730675725	-0.0025801485699247697
-9.599499374217771	-0.1557216453070147	-0.002583636926208164
-9.574468085106382	-0.15633895270672718	-0.002587642274840692
-9.549436795994993	-0.1569660593186233	-0.0025941950943138793
-9.524405506883603	-0.15760110249465137	-0.0026031517800332474
-9.499374217772216	-0.15824336745581574	-0.0026143384746657524
-9.474342928660825	-0.15889226498305303	-0.0026277935380646586
-9.449311639549435	-0.1595472032947126	-0.0026433796907224436
-9.424280350438046	-0.1602077876327818	-0.0026607812926539728
-9.399249061326657	-0.16087384645673022	-0.0026796586683377806
-9.37421777221527	-0.16154535731447792	-0.002699730643836501
-9.349186483103878	-0.16222237781143684	-0.002720788934595594
-9.32415519399249	-0.16290500407330158	-0.002742686974932625
-9.2991239048811	-0.16359334945502266	-0.002765324707731823
-9.274092615769712	-0.1642875346060224	-0.0027886358376411364
-9.249061326658325	-0.16498768361252883	-0.002812578502957867
-9.224030037546934	-0.16569392356758203	-0.002837129419541673
-9.198998748435546	-0.16640638508918412	-0.0028622816470425805
-9.173967459324155	-0.16712520143391027	-0.0028880439536330053
-9.148936170212767	-0.16785050768154552	-0.002914439262411897
-9.123904881101378	-0.1685824419659986	-0.002941503923475492
-9.098873591989987	-0.16932114704204262	-0.002969289631811926
-9.0738423028786	-0.17006677049293425	-0.0029978673240249744
-9.048811013767208	-0.1708194629125355	-0.0030273322616113352
-9.023779724655821	-0.1715793729687239	-0.003057809244887366
-8.998748435544432	-0.17234663839620784	-0.0030894543218635503
-8.973717146433042	-0.17312137770840635	-0.0031224446303360766
-8.948685857321653	-0.17390370754585244	-0.003156952511196672
-8.923654568210262	-0.17469382541081155	-0.0031931521472845655
-8.898623279098874	-0.17549209308207006	-0.0032313763552643746
-8.873591989987485	-0.1762988994681678	-0.003272361151353887
-8.848560700876096	-0.17711435890292185	-0.00331728801662061
-8.823529411764707	-0.17793812055277497	-0.0033677083995464607
-8.798498122653317	-0.17876912985779372	-0.0034255914310478376
-8.773466833541928	-0.17960500538182073	-0.003493321174576216
-8.748435544430539	-0.18044088386540538	-0.0035730903107638297
-8.72340425531915	-0.18126813855077634	-0.00366460551331696
-8.69837296620776	-0.18207544950222265	-0.0037599447601881636
-8.67334167709637	-0.18285768002185399	-0.0038389285241802146
-8.648310387984981	-0.18363016040171717	-0.003878429661337434
-8.623279098873592	-0.1844237073387859	-0.0038761698488023466
-8.598247809762203	-0.18525700930949077	-0.003853024780284336
-8.573216520650814	-0.18612783410433256	-0.0038298892489424937
-8.548185231539424	-0.18702625584088098	-0.0038163773736460188
-8.523153942428035	-0.18794380279100953	-0.0038145068466962375
-8.498122653316646	-0.18887493557811358	-0.003823239378519755
-8.473091364205256	-0.18981636698343998	-0.0038406452074977522
-8.448060075093867	-0.19076619184763546	-0.003864693551341019
-8.423028785982478	-0.19172337961895652	-0.0038932710302158587
-8.397997496871088	-0.19268794820933763	-0.0039241452020749145
-8.3729662077597	-0.19366120721396646	-0.0039557279503665815
-8.34793491864831	-0.1946447925890655	-0.00398794817928215
-8.32290362953692	-0.19563940440826083	-0.004021619506350104
-8.297872340425531	-0.19664491941436418	-0.004057311943522074
-8.272841051314144	-0.19766107207574382	-0.0040951225295339485
-8.247809762202753	-0.19868774857329988	-0.004134929780954842
-8.222778473091363	-0.19972497495865013	-0.004176593163802218
-8.197747183979974	-0.20077282957411363	-0.00422002589581049
-8.172715894868585	-0.20183135344432823	-0.004265189872302068
-8.147684605757197	-0.2029004706672592	-0.004312018097548953
-8.122653316645806	-0.2039799814132559	-0.004360227563496741
-8.097622027534417	-0.20506982060250933	-0.004409090017745371
-8.072590738423028	-0.20617063250330311	-0.004457616907037431
-8.047559449311638	-0.207283846368821	-0.004505461993863006
-8.02252816020025	-0.20841065955511634	-0.004553338098388175
-7.9974968710888605	-0.20955138267672796	-0.004602196362542868
-7.972465581977473	-0.2107058616861823	-0.004652552800205417
-7.947434292866082	-0.2118739698800427	-0.004704538791087621
-7.922403003754694	-0.21305574206690778	-0.0047581343599145355
-7.897371714643305	-0.2142513418596157	-0.00481330128046484
-7.872340425531914	-0.2154610112212194	-0.004870029804580834
-7.8473091364205265	-0.21668503787168988	-0.004928350458207242
-7.8222778473091354	-0.21792373815959007	-0.004988337365301809
-7.797246558197748	-0.2191774482973853	-0.005050113033307343
-7.772215269086359	-0.22044651854838127	-0.005113858451350437
-7.7471839799749675	-0.22173130598746157	-0.005179831048470988
-7.72215269086358	-0.22303216051067318	-0.005248393561324995
-7.697121401752189	-0.2243493949361197	-0.005320057803438887
-7.672090112640801	-0.2256832211979067	-0.0053955470391372495
-7.647058823529412	-0.2270336166005596	-0.00547587421691897
-7.622027534418023	-0.22840005162921534	-0.005562405222393349
-7.596996245306634	-0.22978097075041573	-0.00565678322362578
-7.571964956195245	-0.23117295592598425	-0.005760341015931495
-7.546933667083856	-0.23256999444517906	-0.005872197531452694
-7.5219023779724665	-0.23396497107828326	-0.005985501064392269
-7.496871088861077	-0.2353569472936256	-0.0060853953385748205
-7.471839799749688	-0.23675968966892974	-0.006158111286112787
-7.446808510638299	-0.23819400744858205	-0.006206173190838533
-7.421777221526909	-0.23966957201194122	-0.0062450456762154685
-7.39674593241552	-0.24118318042406486	-0.006287486834255598
-7.371714643304131	-0.24272817139506594	-0.006338555146872899
-7.346683354192741	-0.24429951974714798	-0.006398738310023925
-7.321652065081352	-0.24589441016885663	-0.006466905605300727
-7.296620775969963	-0.24751160191967472	-0.006541684286156844
-7.2715894868585735	-0.24915077631516108	-0.006621941505796056
-7.246558197747184	-0.2508120950013411	-0.006706876286753139
-7.221526908635795	-0.2524959443858765	-0.006795982360642438
-7.196495619524406	-0.25420278904935417	-0.006888989547002668
-7.171464330413016	-0.25593306811706346	-0.006985810208031671
-7.146433041301627	-0.25768708836540966	-0.007086472047854387
-7.121401752190238	-0.2594649004519791	-0.007190969921014907
-7.0963704630788484	-0.2612662591459441	-0.0072989213688474
-7.071339173967459	-0.263091034269506	-0.007409064806794608
-7.04630788485607	-0.26494035559238127	-0.007519382329197505
-7.0212765957446805	-0.266817164361465	-0.0076287939347627195
-6.996245306633291	-0.2687243950200793	-0.007738488285424579
-6.971214017521902	-0.27066319111078285	-0.007850547194626177
-6.946182728410513	-0.2726334893509255	-0.007966265294615651
-6.921151439299123	-0.27463515733386584	-0.008086039148385902
-6.896120150187734	-0.27666839493969936	-0.00820985562650428
-6.871088861076345	-0.27873369717144664	-0.008337611662893383
-6.8460575719649555	-0.2808317443477378	-0.008469230438984543
-6.821026282853566	-0.2829633255151631	-0.00860468536332963
-6.795994993742177	-0.28512929730127323	-0.008743995537322566
-6.770963704630788	-0.2873305641603999	-0.008887215999181573
-6.745932415519399	-0.2895680697453553	-0.00903442925201258
-6.720901126408009	-0.2918427937913509	-0.009185739146838305
-6.69586983729662	-0.2941557517071412	-0.009341266783275744
-6.670838548185231	-0.2965079954983158	-0.009501147890106336
-6.645807259073841	-0.2989006153495694	-0.009665531212406665
-6.620775969962453	-0.30133474158214896	-0.009834577556645097
-6.595744680851063	-0.3038115468710756	-0.01000845930486432
-6.570713391739676	-0.30633224864088626	-0.010187360280048378
-6.545682102628285	-0.30889811160396496	-0.010371475864146015
-6.520650813516897	-0.31151045043739084	-0.010561013308813033
-6.495619524405506	-0.3141706325947779	-0.01075619219684538
-6.470588235294117	-0.3168800812708668	-0.010957245011609376
-6.445556946182729	-0.31964027855642085	-0.011164417805981213
-6.420525657071338	-0.32245276879634677	-0.011377970982565771
-6.395494367959951	-0.3253191621565324	-0.011598180180100842
-6.37046307884856	-0.3282411384201046	-0.011825337258103898
-6.34543178973717	-0.331220451042139	-0.01205975138161243
-6.320400500625783	-0.3342589314917313	-0.012301750220923207
-6.295369211514392	-0.337358493892717	-0.012551681286883387
-6.270337922403004	-0.3405211399672626	-0.012809913390516034
-6.245306633291613	-0.34374896433841046	-0.01307683820657586
-6.2202753441802265	-0.34704416025668633	-0.01335287198010354
-6.195244055068836	-0.3504090257671625	-0.013638457416560182
-6.170212765957448	-0.3538459703395695	-0.01393406576167995
-6.145181476846059	-0.35735752200883675	-0.014240199079983548
-6.120150187734667	-0.3609463350798689	-0.01455739275288564
-6.09511889862328	-0.3646151984524094	-0.014886218222406182
-6.070087609511891	-0.36836704462646913	-0.015227286009259804
-6.0450563204005014	-0.3722049594553018	-0.015581249037346225
-6.020025031289112	-0.376132192720621	-0.015948806300754893
-5.994993742177721	-0.3801521696134385	-0.016330706914278702
-5.9699624530663336	-0.3842685032137873	-0.016727754594109953
-5.9449311639549425	-0.38848500807367053	-0.017140812621952797
-5.919899874843555	-0.39280571502026096	-0.017570809353328245
-5.894868585732166	-0.39723488731063683	-0.01801874433941309
-5.869837296620776	-0.4017770382860715	-0.018485695141289383
-5.844806007509387	-0.4064369506941611	-0.018972824926101847
-5.819774718397998	-0.41121969787404694	-0.01948139094916291
-5.7947434292866085	-0.4161306670303192	-0.020012754054833822
-5.769712140175219	-0.4211755848263776	-0.020568389368802925
-5.74468085106383	-0.4263605455157979	-0.021149898336254434
-5.719649561952441	-0.43169204193486815	-0.021759022216380892
-5.694618272841051	-0.43717699980466507	-0.0223976572673576
-5.669586983729662	-0.44282281574359855	-0.023067871962284624
-5.644555694618273	-0.44863739940552694	-0.023771926541600347
-5.619524405506883	-0.45462922027794517	-0.02451229523377976
-5.594493116395494	-0.4608073597754358	-0.025291691564812334
-5.569461827284105	-0.467181569351884	-0.02611309727168242
-5.5444305381727155	-0.47376233544971397	-0.026979795431090466
-5.519399249061326	-0.4805609522331215	-0.027895408505707164
-5.494367959949937	-0.4875896032425435	-0.02886394214878769
-5.469336670838549	-0.4948614532912202	-0.029889835818043078
-5.444305381727158	-0.5023907521127698	-0.030978021455944638
-5.419274092615769	-0.5101929515369225	-0.03213399173248719
-5.3942428035043815	-0.5182848382985246	-0.033363879671352265
-5.36921151439299	-0.5266846849672974	-0.03467455188875261
-5.344180225281603	-0.5354124219482541	-0.03607371818871523
-5.319148936170212	-0.5444898340428784	-0.03757006092533694
-5.2941176470588225	-0.5539407856569147	-0.03917338834694531
-5.269086357947435	-0.5637914795407921	-0.040894817043658147
-5.244055068836044	-0.5740707550933847	-0.042746989936659104
-5.219023779724656	-0.5848104334251003	-0.044744338119070734
-5.193992490613266	-0.5960457176788889	-0.04690339700627418
-5.168961201501876	-0.6078156589245751	-0.049243190005707226
-5.1439299123904885	-0.6201637001860754	-0.051785696683345386
-5.1188986232791	-0.6331383138417597	-0.054556427400809154
-5.09386733416771	-0.6467937509110833	-0.05758513303463861
-5.06883604505632	-0.6611909247450702	-0.06090668731402488
-5.043804755944931	-0.6763984565024389	-0.06456219143043976
-5.018773466833542	-0.6924939156381916	-0.0686003671763612
-4.993742177722154	-0.709565295531186	-0.07307932784582677
-4.968710888610763	-0.7277127722614737	-0.07806884825353835
-4.943679599499373	-0.7470508030216128	-0.08365330058876594
-4.918648310387985	-0.7677106287697175	-0.08993548749299408
-4.893617021276597	-0.7898432514059952	-0.09704169719663484
-4.868585732165207	-0.8136229539974	-0.10512844227452292
-4.843554443053817	-0.8392514134852346	-0.11439154543397721
-4.818523153942427	-0.8669623994317276	-0.12507853714735528
-4.793491864831038	-0.8970269198946648	-0.1375057846903378
-4.768460575719651	-0.9297583860851591	-0.15208246293385358
-4.7434292866082615	-0.9655167577977583	-0.16934452841278458
-4.71839799749687	-1.0047093663408504	-0.19000344448843637
-4.69336670838548	-1.0477834962644756	-0.21501672924830317
-4.668335419274092	-1.0952004000009554	-0.24569053815312822
-4.643304130162704	-1.1473692693133324	-0.2838278082191399
-4.618272841051315	-1.2044970627587321	-0.33193558925999306
-4.593241551939924	-1.266266561472462	-0.3934897001742587
-4.568210262828536	-1.3311836444913057	-0.4731857728861805
-4.543178973717147	-1.3953752779641744	-0.5768890696387311
-4.518147684605758	-1.4508286584126464	-0.7105080557446887
-4.4931163954943685	-1.4842753904614159	-0.8766171922924728
-4.468085106382977	-1.4801706480850207	-1.0696749180161358
-4.44305381727159	-1.4284975554165624	-1.2767703520647564
-4.418022528160201	-1.325552176608902	-1.4871242493937054
-4.392991239048811	-1.1618737288836185	-1.6920649209894587
-4.367959949937422	-0.9228924930006391	-1.8668251592033764
-4.342928660826031	-0.6156175777513035	-1.9669927631037214
-4.317897371714643	-0.28161295865790814	-1.9596122040829411
-4.292866082603254	0.027931901850598986	-1.8443404745736183
-4.267834793491865	0.27227096130419626	-1.6440866905745244
-4.2428035043804755	0.42660300093617126	-1.3968922003836397
-4.217772215269086	0.48956051285287394	-1.1465365156116636
-4.192740926157699	0.48159073844396	-0.9260643795484769
-4.167709637046308	0.43085900764410334	-0.7488135774675313
-4.142678347934918	0.3601437913557756	-0.6129917267378109
-4.117647058823529	0.2831672911054226	-0.5107561573709692
-4.09261576971214	0.20676452783585678	-0.43389564202895475
-4.067584480600752	0.13380832033346957	-0.37576826979442635
-4.042553191489361	0.06517831191068528	-0.3314742762932308
-4.017521902377972	0.0008314926517772748	-0.29751655826284057
-3.9924906132665825	-0.05966622772766456	-0.27141968534709265
-3.967459324155193	-0.11688882714718908	-0.25142819753497
-3.9424280350438052	-0.17143704357195202	-0.23629158540762266
-3.917396745932415	-0.22389165785286885	-0.22511689818365982
-3.8923654568210257	-0.2747982469451192	-0.2172691593444861
-3.867334167709638	-0.3246665705004098	-0.2123045508086361
-3.8423028785982494	-0.37397654657908674	-0.2099260559948463
-3.8172715894868587	-0.4231870389862553	-0.20995482270360624
-3.7922403003754686	-0.4727457518529822	-0.21231301158879184
-3.7672090112640793	-0.5230995235928626	-0.21701565221333302
-3.7421777221526913	-0.5747047592481704	-0.22417033011494436
-3.717146433041303	-0.6280378695763741	-0.23398461087489805
-3.6921151439299127	-0.6836054617030561	-0.24678216941840492
-3.6670838548185225	-0.7419535812357786	-0.2630298263623573
-3.6420525657071328	-0.8036742982661093	-0.28337930869022304
-3.617021276595745	-0.8694058095639812	-0.3087297791454763
-3.5919899874843564	-0.9398178265600304	-0.3403201723311915
-3.566958698372966	-1.0155649060061083	-0.37986379414261906
-3.541927409261576	-1.097171726434664	-0.42973916543232255
-3.5168961201501876	-1.1847775822506967	-0.49324173710882324
-3.4918648310387996	-1.2776029152343917	-0.5748520081000306
-3.46683354192741	-1.3729252090376212	-0.6803091252470196
-3.4418022528160197	-1.4644319375383308	-0.8158543757101567
-3.4167709637046295	-1.5406716949803743	-0.9853946007379611
-3.391739674593241	-1.5867526831264736	-1.185098805863258
-3.366708385481853	-1.5933930650130852	-1.4007268947910183
-3.341677096370464	-1.566456276834844	-1.618568511331549
-3.3166458072590737	-1.516599159613617	-1.842733491756252
-3.291614518147683	-1.435203709308854	-2.0888837626648464
-3.2665832290362946	-1.2911195826540227	-2.3569040097784306
-3.2415519399249066	-1.054349081168785	-2.6121806062547126
-3.2165206508135173	-0.7321907120814252	-2.796252019566224
-3.191489361702127	-0.37909028884108625	-2.874946252296045
-3.166458072590739	-0.047805009831492155	-2.8685253292100135
-3.14142678347935	0.2520302247525038	-2.813547695285801
-3.11639549436796	0.5321134044082593	-2.722445784899794
-3.091364205256571	0.7948822730327755	-2.5903160776576803
-3.0663329161451807	1.030045197330331	-2.4130487289698435
-3.0413016270337927	1.2220369193751304	-2.1965877631136985
-3.0162703379224034	1.361802117462457	-1.956976150141637
-2.991239048811014	1.4509997048486594	-1.7082627284895056
-2.966207759699625	1.4903977666465533	-1.4576913790390822
-2.941176470588234	1.47714651052637	-1.2175550392639212
-2.916145181476846	1.4177698732272654	-1.005819964522944
-2.891113892365457	1.329211581187256	-0.8328907821798229
-2.8660826032540676	1.2281467121963388	-0.697913706609811
-2.8410513141426783	1.125268743041054	-0.5943969710377565
-2.816020025031289	1.0258634174790717	-0.5151521794900077
-2.790988735919901	0.9319486839495812	-0.4542196505996242
-2.7659574468085104	0.8438844115950914	-0.4071423469179909
-2.740926157697121	0.7612744309445793	-0.3707154924922418
-2.715894868585732	0.6834154763681998	-0.34266874294034855
-2.6908635794743425	0.6095057014178883	-0.3214075695276569
-2.6658322903629545	0.5387342592613966	-0.30582852254186466
-2.6408010012515644	0.47031379187574773	-0.29519504620826265
-2.615769712140175	0.40348604685486117	-0.2890583292401012
-2.5907384230287853	0.3375152548219597	-0.2872116589991351
-2.565707133917396	0.2716765480731043	-0.2896713298594051
-2.540675844806008	0.20524358805527074	-0.2966812292531124
-2.515644555694618	0.13747896838924456	-0.3087419582180725
-2.4906132665832286	0.06763252917928614	-0.32666921460422643
-2.4655819774718406	-0.005042690889979359	-0.35169061039451593
-2.440550688360452	-0.08123702949462555	-0.38559503008036455
-2.4155193992490616	-0.16145253755954866	-0.43095197756928644
-2.3904881101376714	-0.24571096988209962	-0.49141129218677904
-2.365456821026282	-0.3329459277785418	-0.5720475330524167
-2.340425531914894	-0.41983032599571984	-0.6795529403874963
-2.3153942428035057	-0.49882128067310477	-0.8216792138779961
-2.2903629536921155	-0.5558443660758423	-1.0047378140566947
-2.2653316645807253	-0.569772902812222	-1.2282506434984288
-2.2403003754693356	-0.516939927900415	-1.478784311726912
-2.2152690863579476	-0.3804990153770715	-1.7280941445980957
-2.190237797246559	-0.16033253036776746	-1.9381441757626412
-2.165206508135169	0.12070671535387181	-2.07395779953226
-2.140175219023779	0.4242760633126249	-2.120760608939119
-2.1151439299123904	0.7162444755488729	-2.0863720934284635
-2.0901126408010025	0.9762522958868789	-1.9884455261376142
-2.0650813516896127	1.1947820452595035	-1.8446710530044574
-2.0400500625782225	1.3687120562121258	-1.6703496402482605
-2.0150187734668323	1.499366110736814	-1.476095759392525
-1.989987484355444	1.584846563765403	-1.267325432385072
-1.9649561952440555	1.6183141720551082	-1.0557902248717443
-1.939924906132667	1.6021280958763642	-0.8617475991957496
-1.914893617021277	1.5516439047138735	-0.6996410392442967
-1.8898623279098858	1.4843120507807912	-0.5717242804796145
-1.8648310387984974	1.4122164404140503	-0.47304782845162474
-1.839799749687109	1.3417744371133131	-0.3970257557465377
-1.8147684605757206	1.2757832445652921	-0.33790983857170953
-1.7897371714643304	1.2151457702211892	-0.2913123702739016
-1.764705882352942	1.1598782110815824	-0.2540399485665261
-1.7396745932415527	1.1096239738370945	-0.22379700171578878
-1.7146433041301625	1.0638992589276026	-0.1989279806897102
-1.6896120150187741	1.0222046829572262	-0.178226665762239
-1.664580725907384	0.984072423013044	-0.16080266779248523
-1.6395494367959955	0.9490830411472249	-0.145989531801297
-1.6145181476846062	0.9168684780182594	-0.13328149693927333
-1.589486858573217	0.8871091083167345	-0.12228965275386475
-1.5644555694618276	0.8595285948194574	-0.11271120642980094
-1.5394242803504374	0.8338882679446479	-0.10430766901978226
-1.514392991239049	0.8099817860989734	-0.09688917052739099
-1.4893617021276597	0.7876303660657659	-0.09030303649675803
-1.4643304130162704	0.7666786541076134	-0.08442536470402293
-1.4392991239048811	0.7469912111442515	-0.07915474035115823
-1.4142678347934918	0.7284495470386964	-0.07440749422902336
-1.3892365456821025	0.7109496287574891	-0.07011408724236645
-1.3642052565707132	0.6943997896023865	-0.06621632638449787
-1.339173967459324	0.6787189742676334	-0.06266520098376625
-1.3141426783479346	0.6638352635093311	-0.05941918632632355
-1.2891113892365453	0.6496846310452772	-0.056442902785159274
-1.264080100125157	0.6362098932433636	-0.05370604777916794
-1.2390488110137667	0.6233598189932057	-0.051182538878093764
-1.2140175219023774	0.6110883729014367	-0.04884982161502882
-1.1889862327909881	0.5993540697125459	-0.04668830674630717
-1.1639549436795988	0.5881194217707246	-0.044680909968938406
-1.1389236545682104	0.5773504645406815	-0.042812673277379525
-1.1138923654568202	0.5670163478206316	-0.04107045178486337
-1.0888610763454318	0.5570889824154327	-0.03944265335533258
-1.0638297872340434	0.5475427337816515	-0.03791902108149962
-1.0387984981226523	0.5383541555827882	-0.03649045071345414
-1.013767209011264	0.529501757262162	-0.03514883674445478
-0.9887359198998737	0.5209658007015676	-0.033886942109310765
-0.9637046307884853	0.5127281218250952	-0.03269828742994372
-0.9386733416770969	0.5047719736611465	-0.031577056515032655
-0.9136420525657085	0.4970818879171981	-0.030518015433160045
-0.8886107634543183	0.489643552571587	-0.029516442967217633
-0.8635794743429273	0.482443703361645	-0.028568070649205413
-0.8385481852315388	0.47547002736064	-0.02766903088967289
-0.8135168961201504	0.4687110770987489	-0.02681581197101664
-0.788485607008762	0.4621561939039484	-0.0260052188810218
-0.7634543178973718	0.4557954393249248	-0.025234339132115764
-0.7384230287859816	0.4496195336554604	-0.024500512850366078
-0.7133917396745932	0.44361980071314283	-0.02380130653224019
-0.6883604505632039	0.43778811813874324	-0.02313448996129733
-0.6633291614518155	0.4321168725792167	-0.02249801585500516
-0.6382978723404253	0.42659891919996684	-0.0218900018767898
-0.6132665832290352	0.4212275450427699	-0.02130871470259749
-0.5882352941176467	0.4159964358065485	-0.020752555876611397
-0.5632040050062583	0.41089964568056847	-0.020220049228876526
-0.5381727158948699	0.40593156990475104	-0.019709829659691338
-0.5131414267834788	0.4010869197708931	-0.01922063312276336
-0.48811013767208866	0.3963606998124441	-0.01875128766212068
-0.46307884856070025	0.3917481869598978	-0.01830070537731882
-0.43804755944931184	0.3872449114645037	-0.017867875208134328
-0.41301627033792343	0.382846639415273	-0.0174518564441673
-0.38798498122653324	0.3785493566938731	-0.01705177287696231
-0.36295369211514483	0.37434925422901494	-0.016666807522720498
-0.33792240300375376	0.37024271442701245	-0.01629619785268381
-0.31289111389236535	0.3662262986683318	-0.015939231476039397
-0.28785982478097694	0.3622967357715894	-0.015595242226911851
-0.26282853566958675	0.35845091133667945	-0.01526360661282989
-0.23779724655819834	0.35468585788779083	-0.01494374058711169
-0.21276595744680904	0.3509987457450289	-0.014635096612008956
-0.18773466833541974	0.3473868745605146	-0.014337160983289007
-0.16270337922403044	0.34384766546107304	-0.0140494513902851
-0.13767209011264026	0.3403786537452783	-0.013771514688382268
-0.11264080100125184	0.33697748208752565	-0.013502924863479798
-0.08760951188986255	0.33364189420633544	-0.013243281170240635
-0.06257822277847325	0.33036972895795497	-0.012992206427929863
-0.03754693366708395	0.3271589148199238	-0.012749345459410323
-0.01251564455569465	0.3240074647323974	-0.01251436366042218
0.01251564455569465	0.3209134712678435	-0.012286945687657305
0.03754693366708395	0.3178751021022662	-0.012066794255371497
0.06257822277847325	0.3148905957633566	-0.011853629031374564
0.08760951188986255	0.3119582576330024	-0.011647185624220903
0.11264080100125184	0.30907645618337715	-0.01144721465430513
0.13767209011264114	0.30624361942747325	-0.011253480902361671
0.16270337922403044	0.3034582315663629	-0.0110657625295866
0.18773466833541974	0.3007188298167474	-0.010883850364253204
0.21276595744680726	0.2980240014035269	-0.010707547250292571
0.23779724655819834	0.2953723807030822	-0.010536667453861554
0.26282853566958764	0.2927626465238923	-0.010371036124432497
0.28785982478097694	0.2901935195118345	-0.010210488807420079
0.31289111389236623	0.2876637596682026	-0.01005487100581536
0.33792240300375376	0.28517216396903594	-0.009904037788735191
0.36295369211514483	0.2827175640747876	-0.009757853445218585
0.38798498122653235	0.2802988241197595	-0.009616191182022017
0.41301627033792343	0.27791483857095867	-0.009478932864587576
0.43804755944931273	0.27556453014623605	-0.0093459688007859
0.46307884856070025	0.27324684778162134	-0.0092171975674837
0.4881101376720913	0.2709607646377379	-0.009092525880456108
0.5131414267834788	0.2687052761350624	-0.008971868508670386
0.5381727158948699	0.2664793980075162	-0.008855148234520188
0.5632040050062574	0.26428216436352214	-0.00874229586219961
0.5882352941176467	0.262112625743126	-0.008633250277093545
0.6132665832290378	0.2599698471591128	-0.00852795855983619
0.6382978723404253	0.257852906109219	-0.008426376159585202
0.6633291614518164	0.2557608905454674	-0.00832846713209029
0.6883604505632039	0.25369289678540224	-0.00823420444934376
0.7133917396745932	0.2516480273484435	-0.008143570389021946
0.7384230287859808	0.24962538869875656	-0.008056557013610379
0.7634543178973718	0.24762408887377257	-0.007973166751115623
0.7884856070087629	0.24564323497492144	-0.007893413091678372
0.8135168961201504	0.24368193049391965	-0.007817321417312744
0.8385481852315397	0.24173927244425927	-0.007744929985529848
0.8635794743429273	0.2398143482630374	-0.00767629109191525
0.8886107634543183	0.23790623244291673	-0.007611472442019394
0.9136420525657059	0.23601398284765354	-0.007550558769449456
0.9386733416770969	0.23413663665692985	-0.007493653745149611
0.9637046307884862	0.23227320587708813	-0.007440882232970348
0.9887359198998737	0.23042267234329827	-0.0073923929593236095
1.0137672090112648	0.22858398212541378	-0.007348361680773949
1.0387984981226523	0.2267560392337048	-0.007308994953836918
1.0638297872340434	0.2249376985012809	-0.007274534637433518
1.088861076345431	0.22312775749653302	-0.007245263292250831
1.1138923654568202	0.2213249472905532	-0.007221510685261565
1.1389236545682113	0.21952792187017217	-0.007203661665435848
1.1639549436795988	0.2177352459459901	-0.007192165753248115
1.18898623279099	0.21594538085542958	-0.007187548889054808
1.2140175219023774	0.21415666820268275	-0.007190427924006827
1.2390488110137667	0.21236731081050902	-0.0072015286266786625
1.264080100125156	0.2105753504852585	-0.007221708240823551
1.2891113892365453	0.2087786420228832	-0.0072519839968834465
1.3141426783479364	0.206974822826178	-0.007293569500381491
1.339173967459324	0.20516127749815877	-0.007347921666460675
1.3642052565707132	0.20333509690096083	-0.007416801949104251
1.3892365456821025	0.20149303158821674	-0.007502357180936555
1.4142678347934918	0.19963144057707616	-0.00760722759948673
1.4392991239048811	0.19774623884690778	-0.007734692792598031
1.4643304130162704	0.19583285222374702	-0.00788887030684022
1.4893617021276597	0.19388619935419865	-0.008074985344421763
1.514392991239049	0.19190074225892204	-0.008299728158343652
1.5394242803504383	0.1898706841284536	-0.008571691482311685
1.5644555694618276	0.1877904305016042	-0.008901789685959883
1.589486858573217	0.1856553540744259	-0.009303340144968215
1.6145181476846044	0.1834623595292326	-0.00979127414846961
1.6395494367959955	0.18120859759047747	-0.010380832661123123
1.6645807259073848	0.17888765125678352	-0.011089310637946399
1.6896120150187741	0.17648926535609238	-0.011943756570006835
1.7146433041301634	0.17400805600193314	-0.012986060908863246
1.739674593241551	0.17145088882099635	-0.0142698041879055
1.764705882352942	0.16884272590894553	-0.015859567464069857
1.7897371714643295	0.1662405404740364	-0.017820450360516507
1.8147684605757206	0.16372553865627001	-0.02018939149542549
1.83979974968711	0.16136312604824365	-0.022977082517166687
1.8648310387984974	0.15919668536247	-0.02621871432078975
1.8898623279098885	0.15730416296959351	-0.02999717061283572
1.914893617021276	0.1558412417378411	-0.03440026980047475
1.939924906132667	0.1550309155837422	-0.03948935945207965
1.9649561952440546	0.15520298792716708	-0.04530367537714211
1.989987484355444	0.1568790403558959	-0.0517390758799997
2.015018773466835	0.16067869519577863	-0.05830546600750726
2.0400500625782225	0.16696890640334128	-0.06402006719227575
2.065081351689613	0.1755115786791282	-0.06766393417458173
2.090112640801001	0.18542473151470565	-0.06816121524359073
2.1151439299123904	0.1952231469298702	-0.06487645285935963
2.1401752190237784	0.20302917856594632	-0.058115866981960605
2.165206508135169	0.20744411446969457	-0.04941028978866031
2.1902377972465596	0.2084248198942261	-0.04072655725976207
2.2152690863579476	0.2069760127945683	-0.03332071426286205
2.240300375469337	0.20422071662709435	-0.02751246958188325
2.265331664580725	0.2009260797789506	-0.023116055368011184
2.2903629536921155	0.1975052385778256	-0.019817146600740652
2.315394242803503	0.19414934612556692	-0.01733216622638025
2.340425531914894	0.19093299994349205	-0.015444480693127774
2.3654568210262834	0.1878747771157267	-0.013998137167650691
2.3904881101376714	0.1849680548749677	-0.012883031189773833
2.415519399249062	0.18219586927398443	-0.01202168239197486
2.4405506883604495	0.1795378153464617	-0.011359462491109432
2.4655819774718406	0.1769730918665117	-0.010857838131836103
2.490613266583228	0.1744817043467808	-0.010489827733141287
2.515644555694618	0.1720448025550762	-0.010237001865319128
2.5406758448060085	0.1696446282379589	-0.010087557000626746
2.565707133917396	0.16726431327084185	-0.01003515954650505
2.590738423028787	0.16488766794877233	-0.010078378120675186
2.6157697121401746	0.16249907642222536	-0.010220600390112914
2.6408010012515644	0.16008364688808965	-0.010470356837720695
2.665832290362953	0.15762781165832096	-0.010841908946829334
2.6908635794743425	0.1551205018818823	-0.011355781827977732
2.7158948685857336	0.15255462847683468	-0.012038916498251976
2.740926157697121	0.14992852457053354	-0.012924971763213042
2.765957446808511	0.14724908353475563	-0.014055460912507494
2.7909887359198997	0.1445390299743335	-0.01547780329936358
2.816020025031289	0.14184233615733888	-0.01723326632466311
2.841051314142678	0.1392121047409811	-0.019341199199831818
2.8660826032540676	0.13668609461244416	-0.021807386349964143
2.8911138923654573	0.134289336188458	-0.024651497211024262
2.916145181476846	0.13205255682330183	-0.02790843101173604
2.9411764705882355	0.1300035293528453	-0.031635841600469006
2.9662077596996244	0.12820577487212492	-0.035960596810024927
2.991239048811014	0.1268594925809637	-0.0410375848566382
3.0162703379224016	0.12631345197872523	-0.04692865002899409
3.0413016270337927	0.127014217550024	-0.053502582262061546
3.066332916145182	0.12934429866036987	-0.06032924996747257
3.091364205256571	0.13335384208709958	-0.06683857412328577
3.1163954943679606	0.13888374560870267	-0.07267129680426906
3.141426783479348	0.14591119589312618	-0.07756322733475046
3.166458072590739	0.1544034408107396	-0.08103827304516169
3.1914893617021267	0.16407415150374896	-0.08257462761991162
3.2165206508135173	0.17454648187611066	-0.0816782057187255
3.241551939924907	0.18509562454114442	-0.07765587695378291
3.2665832290362946	0.1941835306007859	-0.07023115082195813
3.2916145181476857	0.20017163052391965	-0.06038824871294637
3.316645807259073	0.20246969720692293	-0.04999451777220695
3.341677096370464	0.20175079583429772	-0.040666930648175406
3.366708385481852	0.19921139452392156	-0.033101306115302445
3.391739674593241	0.19584401698071616	-0.027261295355342833
3.416770963704632	0.1922421456529944	-0.022824189076157388
3.4418022528160197	0.18869925461186912	-0.019445814713181575
3.4668335419274103	0.18533877918803382	-0.016847099844501872
3.4918648310387983	0.18219945703108173	-0.014821859783796893
3.5168961201501876	0.1792811242854945	-0.013222521193338596
3.5419274092615756	0.17656732614148102	-0.011944105726026902
3.566958698372966	0.17403599057946267	-0.010911556639939668
3.591989987484357	0.1716642551978755	-0.01007069751081541
3.617021276595745	0.16943049212968783	-0.009382013285151633
3.642052565707134	0.16731501193078918	-0.008816417303606085
3.667083854818522	0.1653001600593944	-0.008352369218942874
3.6921151439299127	0.16337014788338017	-0.00797390566639864
3.7171464330413	0.16151078005101985	-0.007669292587751975
3.7421777221526913	0.15970915249152193	-0.007430109148869162
3.7672090112640806	0.15795335273371103	-0.007250641016758242
3.7922403003754686	0.156232173804112	-0.007127506763150224
3.817271589486859	0.15453484373766768	-0.007059473736367334
3.8423028785982467	0.15285076964610178	-0.007047444903652263
3.867334167709638	0.15116929648587177	-0.007094620476439614
3.8923654568210253	0.1494794865495444	-0.007206861554484865
3.917396745932415	0.1477699391729315	-0.00739331160237926
3.9424280350438057	0.14602869820284387	-0.0076673697848120195
3.967459324155193	0.14424335229596752	-0.008048162294599759
3.9924906132665843	0.14240155058190457	-0.008562723646232853
4.017521902377972	0.14049239279515213	-0.009249159374128945
4.042553191489361	0.13850960890817396	-0.010161027180166735
4.06758448060075	0.1364582233381794	-0.01137277333504215
4.09261576971214	0.13436734806890707	-0.012984669240548334
4.117647058823531	0.132311687417985	-0.015122562063704263
4.142678347934918	0.1304406037434629	-0.017923957352818803
4.167709637046308	0.12900623229050154	-0.021503004454314453
4.192740926157697	0.12838167013695284	-0.025892950837154472
4.217772215269086	0.1290601301350604	-0.030952327838836613
4.2428035043804755	0.13157262228384325	-0.036221894295101933
4.267834793491865	0.1362434333506769	-0.04083787427350504
4.292866082603254	0.14287060199731755	-0.04366452472922273
4.317897371714643	0.1505097526795396	-0.04367408265370107
4.342928660826033	0.1575622727748772	-0.04053661497145356
4.367959949937422	0.1624685580131622	-0.03509458152499546
4.392991239048811	0.16468081857988373	-0.028952001240068786
4.418022528160199	0.1647473280270723	-0.02339498642825697
4.44305381727159	0.16355597364795293	-0.018919011319478637
4.468085106382979	0.1617886201183785	-0.015493728366808387
4.4931163954943685	0.15983614919289976	-0.012910713269424468
4.518147684605758	0.15788978188950106	-0.010955688500481345
4.543178973717145	0.15603178626394737	-0.009458152508744459
4.568210262828536	0.15429082331085608	-0.008293535846443729
4.593241551939924	0.15267084594011174	-0.00737335349360618
4.618272841051315	0.15116525229280964	-0.006635011417856577
4.643304130162704	0.14976358582980565	-0.006033933076687323
4.668335419274092	0.14845460487778697	-0.005538004051288806
4.693366708385483	0.1472276112890129	-0.005123773090368386
4.71839799749687	0.1460729548361851	-0.004773873119597307
4.7434292866082615	0.14498215600932546	-0.004475263830028571
4.768460575719649	0.1439478606224051	-0.004218023181930989
4.793491864831038	0.14296372843630273	-0.003994506700133075
4.818523153942429	0.14202430382944017	-0.003798755220944404
4.843554443053817	0.1411248900773587	-0.003626072252396111
4.868585732165208	0.14026143589087248	-0.0034727185078173737
4.8936170212765955	0.13943043675506528	-0.003335688436016953
4.918648310387985	0.13862885086652726	-0.003212544838136501
4.943679599499372	0.13785402829526766	-0.0031012951057094577
4.968710888610763	0.13710365161654753	-0.003000297627692556
4.9937421777221545	0.13637568626287333	-0.0029081903128155466
5.018773466833542	0.1356683390085826	-0.002823835496577474
5.043804755944931	0.13498002321061767	-0.00274627710993226
5.068836045056319	0.13430932964170253	-0.002674707112945453
5.09386733416771	0.13365500194598412	-0.002608438994456878
5.118898623279097	0.13301591591532574	-0.002546886709922776
5.1439299123904885	0.13239106192605105	-0.00248954784289104
5.168961201501878	0.1317795299932617	-0.0024359900779503474
5.193992490613265	0.1311804969960097	-0.0023858402969636552
5.219023779724656	0.13059321570495183	-0.0023387757787500674
5.244055068836044	0.13001700530779878	-0.0022945171114490764
5.269086357947435	0.12945124317974652	-0.0022528225286651657
5.2941176470588225	0.12889535768882004	-0.0022134834645585457
5.319148936170212	0.1283488218623505	-0.0021763211973103297
5.344180225281603	0.12781114777388775	-0.002141184522542742
5.36921151439299	0.1272818815443006	-0.0021079484769146524
5.3942428035043815	0.12676059889434077	-0.002076514228232621
5.419274092615769	0.12624690125276794	-0.0020468103774011763
5.444305381727158	0.12574041254196605	-0.0020187961017728395
5.469336670838548	0.12524077698767808	-0.0019924668410307776
5.494367959949937	0.12474765874584895	-0.0019678636272291512
5.519399249061328	0.12426074504662363	-0.0019450877267084578
5.5444305381727155	0.12377975642313636	-0.0019243229579694533
5.569461827284105	0.12330447145196385	-0.0019058685249863136
5.594493116395494	0.12283478129948484	-0.0018901839883751553
5.619524405506883	0.12237080457259489	-0.001877940023878111
5.644555694618273	0.12191311784089408	-0.0018700384158193244
5.669586983729662	0.1214631758089249	-0.0018674723007832909
5.694618272841051	0.12102389957293676	-0.001870678549111377
5.719649561952441	0.12059983319900718	-0.0018777926845196234
5.74468085106383	0.12019487895771433	-0.0018820814144576085
5.769712140175219	0.11980620553765643	-0.001872807268395334
5.7947434292866085	0.11942159139153576	-0.0018443528182812432
5.819774718397996	0.11902926476705676	-0.0018029736457526155
5.844806007509387	0.11862705898180934	-0.0017592918649254362
5.869837296620776	0.11821910925899255	-0.0017196166561525886
5.894868585732166	0.11780992652490595	-0.0016855299710012391
5.919899874843555	0.11740237813429912	-0.0016564721644598752
5.9449311639549425	0.11699791788484565	-0.001631400741494768
5.9699624530663336	0.11659717213525601	-0.00160938901286286
5.994993742177721	0.11620034787437789	-0.0015897507055094772
6.020025031289112	0.11580745752365147	-0.0015720201309182918
6.0450563204005014	0.11541843663839867	-0.0015559079791400575
6.07008760951189	0.11503321209814293	-0.0015412657998621858
6.09511889862328	0.1146517578203701	-0.0015280613925828359
6.120150187734667	0.11427416541316629	-0.001516349999814831
6.145181476846059	0.11390074720288905	-0.0015061974096932348
6.170212765957445	0.11353213512710604	-0.0014974598793819674
6.195244055068836	0.11316914762437587	-0.001489336901361654
6.2202753441802265	0.11281198009714663	-0.0014800479208726684
6.245306633291613	0.11245908394586777	-0.0014677682930310056
6.270337922403005	0.11210783791995753	-0.0014525631709334716
6.295369211514392	0.11175683872508371	-0.0014362903520594862
6.320400500625783	0.11140640850685424	-0.0014206475477406624
6.3454317897371695	0.11105745382928194	-0.0014063415105313305
6.37046307884856	0.11071072917023535	-0.0013934254558550807
6.395494367959952	0.11036674360711493	-0.0013816716925082607
6.420525657071338	0.11002580331249928	-0.0013706749315163082
6.445556946182729	0.10968790790853612	-0.0013598974211225256
6.470588235294116	0.10935265492437972	-0.0013489485771115955
6.495619524405506	0.10901953820452737	-0.0013378801178498142
6.520650813516895	0.10868833951277736	-0.0013270055644547386
6.545682102628285	0.10835910575401476	-0.0013165590914559699
6.570713391739676	0.10803194357707466	-0.001306612071153232
6.5957446808510625	0.10770691476728532	-0.001297143921074122
6.620775969962453	0.10738402669250348	-0.001288108885688054
6.645807259073841	0.10706325063385821	-0.0012794659584238824
6.670838548185231	0.10674453804259706	-0.0012711869984211352
6.695869837296622	0.1064278299592832	-0.0012632569904996156
6.720901126408009	0.10611306158693919	-0.0012556726623188556
6.745932415519399	0.10580016420245797	-0.0012484415050908837
6.770963704630788	0.105489065757439	-0.0012415817463734262
6.795994993742178	0.10517969093713396	-0.001235123444006812
6.821026282853566	0.10487196120499287	-0.0012291108820119039
6.8460575719649555	0.10456579540806524	-0.0012236065956329099
6.871088861076346	0.10426111189656584	-0.001218697534287527
6.896120150187734	0.10395783402838174	-0.001214503950002837
6.921151439299124	0.10365590283936876	-0.0012111911193254303
6.946182728410513	0.10335530421667777	-0.0012089814784340366
6.971214017521902	0.10305612288001627	-0.0012081558539963288
6.996245306633291	0.10275863463390386	-0.0012090073458082236
7.0212765957446805	0.10246340615301125	-0.0012116620626634056
7.046307884856071	0.10217120037121027	-0.001215677089058795
7.071339173967459	0.10188225397526561	-0.0012197001486853735
7.0963704630788484	0.1015951525982165	-0.0012222702116332534
7.121401752190238	0.10130729015141535	-0.001223744806905153
7.146433041301627	0.1010170890686165	-0.0012264715283505244
7.171464330413016	0.1007246757393292	-0.0012330253039862875
7.196495619524406	0.10043092603721981	-0.0012455065467885259
7.221526908635795	0.10013705493093696	-0.0012660100448396465
7.246558197747184	0.09984501861274998	-0.0012970421119251568
7.2715894868585735	0.09955844078042658	-0.0013415641963471618
7.296620775969963	0.09928423058696093	-0.0014021266352552664
7.321652065081352	0.09903419327772212	-0.0014774353843745231
7.3466833541927405	0.09882250121212519	-0.0015552045412741903
7.371714643304131	0.0986521196600991	-0.0016079765888332475
7.39674593241552	0.09849822326329329	-0.0016099195897521666
7.421777221526909	0.09832201707288812	-0.001566440539675683
7.446808510638299	0.0981064659951784	-0.0015091067935583467
7.471839799749687	0.09786177092947905	-0.0014648906487213802
7.496871088861077	0.0976079759267281	-0.0014440445548497918
7.521902377972466	0.09736413159470932	-0.001442998353591017
7.546933667083856	0.09714242611774428	-0.001446585841941274
7.571964956195245	0.09693913373262589	-0.0014340665483319746
7.5969962453066335	0.0967341763965698	-0.0013966809814825887
7.622027534418024	0.09651093688750352	-0.0013461742694424697
7.647058823529412	0.09626998012839665	-0.0012993193255508098
7.672090112640802	0.09602184155177897	-0.0012636974011860519
7.697121401752189	0.09577641291174821	-0.0012367080850473982
7.72215269086358	0.0955366880681961	-0.0012103334390669736
7.74718397997497	0.09529770642089293	-0.001179046677682031
7.772215269086359	0.09505337213904441	-0.001144785780938639
7.797246558197749	0.09480269494385804	-0.0011126617192331292
7.8222778473091354	0.09454823887130437	-0.0010856042038017062
7.8473091364205265	0.09429270239740173	-0.0010639355596695913
7.872340425531913	0.09403771878190476	-0.001046831493157061
7.897371714643305	0.09378398142187079	-0.0010333113478188916
7.922403003754695	0.09353164214396437	-0.001022635294939447
7.947434292866082	0.09328064589936072	-0.0010143477767228788
7.972465581977473	0.09303088283788821	-0.001008182404847265
7.99749687108886	0.09278222234666866	-0.0010040018240014901
8.022528160200253	0.0925345386493994	-0.0010017841260996955
8.047559449311638	0.09228775989174591	-0.0010016090277239894
8.072590738423028	0.09204193662232525	-0.0010036019308509029
8.09762202753442	0.09179728311971115	-0.0010077761673000516
8.122653316645806	0.09155401067539469	-0.0010137617205543212
8.147684605757199	0.09131172643857885	-0.0010207712260572198
8.172715894868585	0.0910689308277373	-0.00102845780151291
8.197747183979974	0.09082382886331042	-0.0010379494252085826
8.222778473091363	0.09057556700416226	-0.0010514052124960373
8.247809762202753	0.09032416687649142	-0.0010710446286637536
8.272841051314145	0.0900699224115992	-0.0010991057025907238
8.297872340425531	0.08981329005717838	-0.0011383736841455412
8.32290362953692	0.08955531894837561	-0.0011927463280803758
8.34793491864831	0.08929861778974514	-0.0012677119362136703
8.3729662077597	0.08904920237154508	-0.001370515903406665
8.397997496871088	0.08881978039856499	-0.0015090486086664198
8.423028785982478	0.0886342726161354	-0.001686765655300999
8.448060075093867	0.08852882621733721	-0.0018891524162185122
8.473091364205256	0.08853394355501612	-0.0020642381060527837
8.498122653316646	0.088627819433021	-0.002130339215301606
8.523153942428035	0.08871788464737125	-0.0020462460806299015
8.548185231539424	0.0887166449243796	-0.0018603429674275923
8.573216520650814	0.088608923054836	-0.001652721905749227
8.598247809762203	0.08842631143797099	-0.0014712471570966768
8.623279098873592	0.08820359387550765	-0.001328612786406413
8.648310387984981	0.08796357900824758	-0.0012210940697287963
8.67334167709637	0.08771838683117038	-0.001140928617355874
8.69837296620776	0.08747368526017921	-0.0010810259496312029
8.72340425531915	0.08723179516083206	-0.001036048837393741
8.748435544430539	0.08699344971731807	-0.0010022710138265006
8.773466833541928	0.0867586576007053	-0.0009771798619119128
8.798498122653317	0.08652709954360692	-0.0009591754690967515
8.823529411764707	0.08629836253875132	-0.0009473962361270879
8.848560700876096	0.08607211557738935	-0.0009415973874730166
8.873591989987485	0.08584825303647929	-0.0009420868821851993
8.898623279098874	0.08562710254031025	-0.0009497317853444342
8.92365456821026	0.08540983386841991	-0.0009659604139056077
8.948685857321653	0.08519924038952706	-0.000992526257928245
8.973717146433042	0.08500092259807722	-0.0010303478691073868
8.998748435544432	0.08482377726380155	-0.0010762078485542024
9.023779724655821	0.08467599304609309	-0.001117631006900203
9.048811013767207	0.08455336330746868	-0.0011337595493976233
9.0738423028786	0.084432894717645	-0.0011124961581837406
9.098873591989985	0.08429093980117827	-0.0010651749322551384
9.123904881101378	0.08412252648031984	-0.0010131994061344483
9.148936170212767	0.08393621292922492	-0.0009701432193967079
9.173967459324153	0.08374240112031534	-0.0009399159795842605
9.198998748435546	0.08354914083563722	-0.0009212046142689166
9.224030037546932	0.08336197742408298	-0.0009097044351657046
9.249061326658325	0.08318281098899108	-0.0008987050610234177
9.27409261576971	0.08300791360603768	-0.0008821859766674511
9.2991239048811	0.08283065231211774	-0.0008597989578012021
9.324155193992492	0.0826477601144352	-0.0008359800377025089
9.349186483103878	0.08246034658807326	-0.0008146250815866668
9.374217772215271	0.08227078551432926	-0.0007970846987331289
9.399249061326657	0.08208083028570243	-0.0007831641253875254
9.424280350438046	0.08189140629349297	-0.0007722146988672063
9.449311639549435	0.08170289707838244	-0.0007636132570678581
9.474342928660825	0.0815153988684379	-0.0007568866870526283
9.499374217772218	0.08132886936541285	-0.0007517112908241181
9.524405506883603	0.08114320309323335	-0.0007478822206888719
9.549436795994993	0.08095826346434881	-0.0007452826038612831
9.574468085106382	0.08077388743063565	-0.0007438656460154383
9.599499374217771	0.08058988418042977	-0.0007436611475702368
9.62453066332916	0.08040605476081668	-0.0007447874863346005
9.64956195244055	0.08022220794405872	-0.0007474351706214958
9.67459324155194	0.08003812730292302	-0.000751858092173083
9.699624530663328	0.07985352785116298	-0.0007584397786072887
9.724655819774718	0.07966809389901437	-0.0007678077566621522
9.749687108886107	0.07948157743177303	-0.0007808973879728572
9.774718397997496	0.07929386694070316	-0.0007990056799101036
9.799749687108886	0.07910508856499429	-0.0008239378678220452
9.824780976220275	0.07891587926720861	-0.0008582413421170214
9.849812265331664	0.07872799110222052	-0.0009054524823814279
9.874843554443054	0.0785454916660799	-0.0009701383055599283
9.899874843554443	0.07837689093020615	-0.0010570205134873053
9.924906132665832	0.07823788734394413	-0.0011673446802196365
9.949937421777221	0.07815114022827259	-0.001289779422189974
9.97496871088861	0.07813284864359842	-0.001388979964141582
10.0	0.07816314434232417	-0.0014150740285080654
