-10.0	-0.07974147669939839	-0.0007699460859476425
-9.97496871088861	-0.07992958514702944	-0.0007904197884679221
-9.949937421777221	-0.08012074638937988	-0.0008160780287875992
-9.924906132665832	-0.0803150145225063	-0.0008487075440720859
-9.899874843554443	-0.08051203593225921	-0.0008908656056463765
-9.874843554443054	-0.08071054750283932	-0.0009461667667634466
-9.849812265331664	-0.08090735789569577	-0.0010195059692196366
-9.824780976220275	-0.08109541184029599	-0.0011167459950805413
-9.799749687108886	-0.08126070105214808	-0.0012424601484592823
-9.774718397997496	-0.0813796832765236	-0.0013927405712372894
-9.749687108886107	-0.08142525306346797	-0.0015412793574823703
-9.724655819774718	-0.08139420589432804	-0.0016326189162484642
-9.699624530663328	-0.08133787490008688	-0.00161716347868887
-9.67459324155194	-0.08133164565884873	-0.001506707999924881
-9.64956195244055	-0.08140790788071725	-0.0013597969352387082
-9.62453066332916	-0.08155109940084147	-0.0012233705924076942
-9.599499374217771	-0.08173349800224586	-0.0011145553175146675
-9.574468085106382	-0.08193478112190422	-0.0010331825882773946
-9.549436795994993	-0.0821436651846564	-0.0009737810462262318
-9.524405506883603	-0.08235468992885484	-0.0009307137022317779
-9.499374217772216	-0.08256548716566459	-0.0008995357581913219
-9.474342928660825	-0.08277520063645487	-0.0008770345880913813
-9.449311639549435	-0.08298367871552817	-0.0008609586448344294
-9.424280350438046	-0.0831910822877972	-0.0008497447099563916
-9.399249061326657	-0.08339769956883507	-0.0008423104412994482
-9.37421777221527	-0.08360386141854008	-0.0008379103583001122
-9.349186483103878	-0.08380990505042911	-0.0008360397947594085
-9.32415519399249	-0.08401616094033304	-0.0008363726337515905
-9.2991239048811	-0.08422295072600645	-0.0008387226666841477
-9.274092615769712	-0.08443059010203037	-0.0008430220548904796
-9.249061326658325	-0.0846393936642226	-0.0008493131208933793
-9.224030037546934	-0.08484968011716985	-0.0008577518005743333
-9.198998748435546	-0.08506177714497659	-0.0008686233468264637
-9.173967459324155	-0.08527602476024289	-0.0008823749591697904
-9.148936170212767	-0.08549276959517584	-0.0008996745742029772
-9.123904881101378	-0.08571233336737837	-0.0009215007565374789
-9.098873591989987	-0.08593494126018432	-0.000949266422648373
-9.0738423028786	-0.0861605812606886	-0.0009849997352182319
-9.048811013767208	-0.08638870153423385	-0.0010316054656657942
-9.023779724655821	-0.08661756172928238	-0.0010931663144050656
-8.998748435544432	-0.08684293491802844	-0.0011750723694659404
-8.973717146433042	-0.08705574872556103	-0.0012832797850078086
-8.948685857321653	-0.08723873078049026	-0.0014207817775868667
-8.923654568210262	-0.08736525952374008	-0.0015779283245437052
-8.898623279098874	-0.08741147783271559	-0.001717675812579506
-8.873591989987485	-0.08739058885996219	-0.0017789954043968591
-8.848560700876096	-0.08737026375376013	-0.0017275871148865537
-8.823529411764707	-0.08741862864289823	-0.0015970896412458547
-8.798498122653317	-0.0875495505970512	-0.0014486448142581008
-8.773466833541928	-0.08773938214360916	-0.0013197322148909925
-8.748435544430539	-0.08796142219443269	-0.0012203035637900089
-8.72340425531915	-0.08819827298273039	-0.0011475152856732654
-8.69837296620776	-0.08844075588322475	-0.0010954895806099363
-8.67334167709637	-0.08868455391243883	-0.0010588689870034706
-8.648310387984981	-0.0889278846941155	-0.0010335412880936475
-8.623279098873592	-0.0891703029809063	-0.0010165557891635626
-8.598247809762203	-0.08941207056534146	-0.0010060173489597729
-8.573216520650814	-0.08965364161459645	-0.0010009524757099155
-8.548185231539424	-0.0898953485822295	-0.0010010087466343013
-8.523153942428035	-0.09013736012595255	-0.001006242064137567
-8.498122653316646	-0.09037964670574454	-0.001017115101883969
-8.473091364205256	-0.09062177665339703	-0.001034573963768574
-8.448060075093867	-0.09086246518587564	-0.001060053463026446
-8.423028785982478	-0.09109877731176219	-0.001095142648162257
-8.397997496871088	-0.09132509603457639	-0.0011402372999731849
-8.3729662077597	-0.09153316564896193	-0.0011911626919797003
-8.34793491864831	-0.09171699826674734	-0.0012348596843530534
-8.32290362953692	-0.091883920035425	-0.0012527061996044256
-8.297872340425531	-0.09205654132350662	-0.0012377590342269788
-8.272841051314144	-0.0922535199030729	-0.0012034106442108186
-8.247809762202753	-0.092476446760525	-0.0011680273973699948
-8.222778473091363	-0.0927175995292793	-0.0011417417525974667
-8.197747183979974	-0.09296945782957226	-0.0011272240332080325
-8.172715894868585	-0.09322735607008092	-0.0011241988440556271
-8.147684605757197	-0.09348879856945201	-0.0011321290989483172
-8.122653316645806	-0.09375227567785908	-0.0011512522440379307
-8.097622027534417	-0.09401620345906567	-0.0011829089780350187
-8.072590738423028	-0.09427778383458092	-0.0012295494934645042
-8.047559449311638	-0.09453140014882032	-0.001294185042255419
-8.02252816020025	-0.09476646707789138	-0.0013781332240771047
-7.9974968710888605	-0.09496674220481144	-0.001474905476612383
-7.972465581977473	-0.09511812611256265	-0.0015611239836875325
-7.947434292866082	-0.09522996049015983	-0.0015993686844957907
-7.922403003754694	-0.09534452717964982	-0.0015699988564300356
-7.897371714643305	-0.09550278671152822	-0.0014950262859510692
-7.872340425531914	-0.09571212054538743	-0.001412085206395223
-7.8473091364205265	-0.09595766107035106	-0.0013439912829599275
-7.8222778473091354	-0.09622295563630195	-0.001297243657591342
-7.797246558197748	-0.09649685568256669	-0.0012711311207151852
-7.772215269086359	-0.09677226703645395	-0.0012635127621161762
-7.7471839799749675	-0.09704332443554117	-0.00127245581085306
-7.72215269086358	-0.09730315997584774	-0.0012950574045319854
-7.697121401752189	-0.09754402767871646	-0.001323896225752691
-7.672090112640801	-0.09776310189671697	-0.001344064369939737
-7.647058823529412	-0.09797149085130571	-0.0013398792048038217
-7.622027534418023	-0.09818977358366043	-0.0013104086169546648
-7.596996245306634	-0.09842959425399443	-0.0012697618615694945
-7.571964956195245	-0.0986886233743096	-0.0012314668102466593
-7.546933667083856	-0.09895962026411444	-0.0012011383666816805
-7.5219023779724665	-0.09923681847342067	-0.0011790936466064444
-7.496871088861077	-0.09951693917257547	-0.0011638446049926116
-7.471839799749688	-0.09979840397232842	-0.0011537441553021908
-7.446808510638299	-0.10008055126366955	-0.001147461404198568
-7.421777221526909	-0.1003631626819506	-0.0011440212180164248
-7.39674593241552	-0.10064621464447783	-0.0011427290645350141
-7.371714643304131	-0.10092975587575256	-0.001143079988941903
-7.346683354192741	-0.10121386278584825	-0.0011446736639706434
-7.321652065081352	-0.10149866135180241	-0.001147161679684634
-7.296620775969963	-0.10178436435848177	-0.0011502798783489467
-7.2715894868585735	-0.10207121044088172	-0.0011539174944734153
-7.246558197747184	-0.1023593543198798	-0.001158071994677823
-7.221526908635795	-0.10264886532997186	-0.0011627442550862716
-7.196495619524406	-0.1029397878832995	-0.001167906242158195
-7.171464330413016	-0.10323217298223589	-0.0011735184085632732
-7.146433041301627	-0.10352608110078135	-0.0011795462890124599
-7.121401752190238	-0.10382157743627794	-0.001185967078883551
-7.0963704630788484	-0.10411872737164157	-0.0011927711595504432
-7.071339173967459	-0.10441759241872713	-0.0011999620520541934
-7.04630788485607	-0.10471822495799515	-0.0012075551812097463
-7.0212765957446805	-0.10502066032419116	-0.0012155724465423782
-6.996245306633291	-0.10532490926760295	-0.0012240248405796593
-6.971214017521902	-0.10563097007297519	-0.0012328760860341517
-6.946182728410513	-0.10593889827456902	-0.001242017021176927
-6.921151439299123	-0.1062489038568108	-0.0012513477058661833
-6.896120150187734	-0.1065612968519603	-0.001260947373241209
-6.871088861076345	-0.10687629294773605	-0.0012710748836365323
-6.8460575719649555	-0.10719396919223449	-0.0012820121960134619
-6.821026282853566	-0.10751436073849921	-0.0012940073568196795
-6.795994993742177	-0.10783752094708104	-0.0013073263812012918
-6.770963704630788	-0.10816351790278124	-0.0013223222808442772
-6.745932415519399	-0.10849239694960877	-0.0013394995746470193
-6.720901126408009	-0.10882411009626193	-0.001359586781628445
-6.69586983729662	-0.10915837972222557	-0.0013836243367630495
-6.670838548185231	-0.10949442663898076	-0.0014130467431971397
-6.645807259073841	-0.10983044517784266	-0.0014496515619392787
-6.620775969962453	-0.11016271305811565	-0.0014951100480857587
-6.595744680851063	-0.11048461006544828	-0.0015492010130039504
-6.570713391739676	-0.11078742446100463	-0.00160586315276796
-6.545682102628285	-0.1110671374115132	-0.0016495868982168485
-6.520650813516897	-0.1113355145141229	-0.0016624456814198206
-6.495619524405506	-0.11161656833673665	-0.001642594965402916
-6.470588235294117	-0.11192503728538458	-0.0016065762890643534
-6.445556946182729	-0.11225883225023911	-0.0015712474303086444
-6.420525657071338	-0.1126093369412216	-0.001544109660899052
-6.395494367959951	-0.11296943605214824	-0.001526023539065689
-6.37046307884856	-0.11333499470928896	-0.0015154622995346733
-6.34543178973717	-0.11370397391931178	-0.0015105978900701172
-6.320400500625783	-0.11407548469873624	-0.001509929168699372
-6.295369211514392	-0.11444920910018436	-0.0015123542355844953
-6.270337922403004	-0.1148250980834112	-0.001517094954209142
-6.245306633291613	-0.11520322326460584	-0.0015236073114740804
-6.2202753441802265	-0.11558370626758005	-0.0015315101412307285
-6.195244055068836	-0.11596668587266401	-0.0015405344848747706
-6.170212765957448	-0.11635230334640403	-0.001550489007418096
-6.145181476846059	-0.11674069645136387	-0.001561236643480527
-6.120150187734667	-0.1171319975467248	-0.00157267880386629
-6.09511889862328	-0.11752633356092008	-0.0015847446147751279
-6.070087609511891	-0.11792382676724102	-0.0015973835103090164
-6.0450563204005014	-0.11832459585591867	-0.0016105600776425981
-6.020025031289112	-0.11872875706787146	-0.0016242504397399452
-5.994993742177721	-0.11913642527394237	-0.0016384397028556194
-5.9699624530663336	-0.11954771495339094	-0.00165312012791036
-5.9449311639549425	-0.11996274109337089	-0.001668289798132787
-5.919899874843555	-0.1203816200303483	-0.0016839516623694598
-5.894868585732166	-0.12080447022901165	-0.0017001128636684763
-5.869837296620776	-0.1212314130066231	-0.0017167842736388389
-5.844806007509387	-0.12166257322143911	-0.0017339801790231255
-5.819774718397998	-0.12209807994198812	-0.0017517180868064871
-5.7947434292866085	-0.12253806711086132	-0.0017700186250795733
-5.769712140175219	-0.12298267421501455	-0.0017889055237401276
-5.74468085106383	-0.12343204697382985	-0.0018084056641265434
-5.719649561952441	-0.12388633805596391	-0.0018285491904948034
-5.694618272841051	-0.12434570783647429	-0.0018493696795451756
-5.669586983729662	-0.12481032520613568	-0.0018709043682003004
-5.644555694618273	-0.12528036844238583	-0.0018931944434218244
-5.619524405506883	-0.125756026149006	-0.001916285394545511
-5.594493116395494	-0.1262374982809765	-0.0019402274261992429
-5.569461827284105	-0.1267249972764987	-0.0019650759422506717
-5.5444305381727155	-0.127218749309837	-0.001990892116122808
-5.519399249061326	-0.12771899567934972	-0.0020177435577231582
-5.494367959949937	-0.12822599435205087	-0.0020457050890627204
-5.469336670838549	-0.1287400216900284	-0.0020748596458849858
-5.444305381727158	-0.12926137438724278	-0.002105299327165744
-5.419274092615769	-0.12979037164945378	-0.0021371266190273143
-5.3942428035043815	-0.13032735765542824	-0.002170455825293554
-5.36921151439299	-0.13087270434409234	-0.002205414743886919
-5.344180225281603	-0.13142681458019986	-0.002242146636627487
-5.319148936170212	-0.1319901257613132	-0.002280812549718421
-5.2941176470588225	-0.13256311394423068	-0.0023215940542439
-5.269086357947435	-0.13314629859341315	-0.002364696497959155
-5.244055068836044	-0.1337402480732102	-0.0024103529095024488
-5.219023779724656	-0.134345585969955	-0.0024588287439911145
-5.193992490613266	-0.13496299831390296	-0.0025104275939449873
-5.168961201501876	-0.1355932419588743	-0.0025654979829686187
-5.1439299123904885	-0.13623715446196225	-0.002624441613027546
-5.1188986232791	-0.13689566567719863	-0.002687723542852615
-5.09386733416771	-0.13756981132887627	-0.0027558847609957015
-5.06883604505632	-0.13826074897456703	-0.0028295577619303334
-5.043804755944931	-0.13896977686525158	-0.0029094859708348082
-5.018773466833542	-0.13969835630572727	-0.002996548149560011
-4.993742177722154	-0.14044813824235378	-0.0030917892969663146
-4.968710888610763	-0.14122099495825255	-0.00319646008828978
-4.943679599499373	-0.14201905792753508	-0.0033120676537843324
-4.918648310387985	-0.14284476303887528	-0.003440441562337599
-4.893617021276597	-0.14370090454534698	-0.0035838203503156594
-4.868585732165207	-0.144590699254428	-0.003744966102659926
-4.843554443053817	-0.14551786240593856	-0.003927317883300377
-4.818523153942427	-0.14648669609994044	-0.004135199591087461
-4.793491864831038	-0.1475021897159534	-0.0043741049041144415
-4.768460575719651	-0.14857012852644774	-0.004651092770695253
-4.7434292866082615	-0.14969719966875902	-0.004975343374563957
-4.71839799749687	-0.15089106991974213	-0.005358949635951805
-4.69336670838548	-0.1521603793447551	-0.005818057410882837
-4.668335419274092	-0.15351453236321191	-0.006374523787380581
-4.643304130162704	-0.1549630388580794	-0.0070583400550003105
-4.618272841051315	-0.1565138924652275	-0.00791115134530409
-4.593241551939924	-0.15816993375810334	-0.008991225361122124
-4.568210262828536	-0.15992110048976457	-0.010379905030166085
-4.543178973717147	-0.16172870517907437	-0.012188077258201365
-4.518147684605758	-0.1634961315959359	-0.014556380259937569
-4.4931163954943685	-0.16502384093674166	-0.017631769590290006
-4.468085106382977	-0.16597059100683956	-0.021491900137132744
-4.44305381727159	-0.1658900564637875	-0.026021547862390023
-4.418022528160201	-0.16437748736981334	-0.030853339587096493
-4.392991239048811	-0.1611689727969639	-0.03543447928752138
-4.367959949937422	-0.15617377532558205	-0.0389873693139465
-4.342928660826031	-0.14981460766533236	-0.040500477477797135
-4.317897371714643	-0.1432871051986157	-0.039331791238490725
-4.292866082603254	-0.1379680987627498	-0.03579313536479861
-4.267834793491865	-0.1346785616777404	-0.030895634569158864
-4.2428035043804755	-0.1334887495008865	-0.025771745176524415
-4.217772215269086	-0.1339185493317093	-0.02122148106450905
-4.192740926157699	-0.1353316611216375	-0.017560332233843057
-4.167709637046308	-0.1372234311041113	-0.014764160494675506
-4.142678347934918	-0.13928822048945394	-0.012674015029462261
-4.117647058823529	-0.1413710286260393	-0.011118691423954248
-4.09261576971214	-0.14340470073679704	-0.009958201710747884
-4.067584480600752	-0.14536692255282455	-0.009088950915234375
-4.042553191489361	-0.1472564686950103	-0.0084370898516847
-4.017521902377972	-0.14908128638540663	-0.00795055127329322
-3.9924906132665825	-0.15085281922353053	-0.007592638611177525
-3.967459324155193	-0.15258342606991337	-0.007337435138765586
-3.9424280350438052	-0.1542852964836815	-0.007166658317883446
-3.917396745932415	-0.1559700798916432	-0.00706754231114526
-3.8923654568210257	-0.15764885043903978	-0.007031427323769124
-3.867334167709638	-0.1593322266155901	-0.007052834739186301
-3.8423028785982494	-0.16103056058292622	-0.007128884001914648
-3.8172715894868587	-0.16275415881041858	-0.007258961686863379
-3.7922403003754686	-0.1645135181948235	-0.007444591743957341
-3.7672090112640793	-0.16631957212107304	-0.007689484878236801
-3.7421777221526913	-0.16818394414109186	-0.007999769639180249
-3.717146433041303	-0.1701192046012085	-0.00838443254911848
-3.6921151439299127	-0.17213911620498196	-0.008856023980702104
-3.6670838548185225	-0.17425883299173847	-0.009431725630144888
-3.6420525657071328	-0.17649497175204024	-0.010134930390102269
-3.617021276595745	-0.17886538043963407	-0.010997561850813598
-3.5919899874843564	-0.18138823253681044	-0.012063456545275191
-3.566958698372966	-0.18407967426805705	-0.013393210927079366
-3.541927409261576	-0.18694844768939523	-0.01507079850226846
-3.5168961201501876	-0.18998443404367	-0.017211453629825867
-3.4918648310387996	-0.1931359723340679	-0.01996726505563978
-3.46683354192741	-0.19627068945507384	-0.023518396791949888
-3.4418022528160197	-0.19912795248883156	-0.028022587327083095
-3.4167709637046295	-0.20131919302183646	-0.033498291771415986
-3.391739674593241	-0.2024771058603526	-0.03971554797820651
-3.366708385481853	-0.20249612833292843	-0.04631841459751741
-3.341677096370464	-0.20148413478391974	-0.05319644365013531
-3.3166458072590737	-0.19925254657630562	-0.060559525275161126
-3.291614518147683	-0.19502707487318896	-0.06831029174656687
-3.2665832290362946	-0.18805497679370028	-0.07542208891493253
-3.2415519399249066	-0.1785908528673825	-0.08025754512123927
-3.2165206508135173	-0.16812839483369943	-0.08174826345046776
-3.191489361702127	-0.15834448750047317	-0.08023572238206192
-3.166458072590739	-0.1498694535245304	-0.07679772549428114
-3.14142678347935	-0.14253030751867235	-0.07198551190445529
-3.11639549436796	-0.13639651988949408	-0.06575882047309406
-3.091364205256571	-0.13202071632819717	-0.058264030533650986
-3.0663329161451807	-0.12988355912289526	-0.05020920882592434
-3.0413016270337927	-0.12989289744966215	-0.04252111667456661
-3.0162703379224034	-0.13148437489391845	-0.035805495277415826
-2.991239048811014	-0.13404422781262765	-0.030223578400202105
-2.966207759699625	-0.13713911103536527	-0.025696261933581713
-2.941176470588234	-0.14049734361536678	-0.022092111908463705
-2.916145181476846	-0.14393083836661338	-0.019274928378464715
-2.891113892365457	-0.14731378391907404	-0.01709944338196016
-2.8660826032540676	-0.15058046293990596	-0.015426537526819852
-2.8410513141426783	-0.15370942080568145	-0.014140327984499214
-2.816020025031289	-0.1567042847228342	-0.013152459925332306
-2.790988735919901	-0.15958044681293113	-0.012398457819764447
-2.7659574468085104	-0.16235782931238768	-0.011832243215441143
-2.740926157697121	-0.16505746801481094	-0.011421380830289206
-2.715894868585732	-0.16770011403239587	-0.011143583517354241
-2.6908635794743425	-0.1703058271949571	-0.010984339099833942
-2.6658322903629545	-0.17289403861031682	-0.010935409502356235
-2.6408010012515644	-0.1754838279953385	-0.010994002309659197
-2.615769712140175	-0.17809429187027437	-0.01116249493723733
-2.5907384230287853	-0.18074493516330636	-0.011448669883322611
-2.565707133917396	-0.18345603128898405	-0.011866495989441303
-2.540675844806008	-0.18624887148042932	-0.012437574928268946
-2.515644555694618	-0.18914575032118094	-0.013193477122716239
-2.4906132665832286	-0.19216937114017812	-0.014179329115677382
-2.4655819774718406	-0.1953410131670706	-0.01545918433257684
-2.440550688360452	-0.19867609921390014	-0.017123853393005938
-2.4155193992490616	-0.2021743955873832	-0.019301729159547795
-2.3904881101376714	-0.20579947133816756	-0.02217183235248852
-2.365456821026282	-0.20943824303825959	-0.02597331916796498
-2.340425531914894	-0.21283030505652525	-0.030991832402091263
-2.3153942428035057	-0.2154752711533193	-0.03747822481480762
-2.2903629536921155	-0.21659229578482872	-0.0454535413178911
-2.2653316645807253	-0.21526376536157021	-0.05446294601346331
-2.2403003754693356	-0.210766165981866	-0.06346224609573473
-2.2152690863579476	-0.2029908534827144	-0.0709252977642038
-2.190237797246559	-0.1928046983819323	-0.07536792703627485
-2.165206508135169	-0.18172590229380178	-0.07608919232089764
-2.140175219023779	-0.17120119922269236	-0.07316045365890035
-2.1151439299123904	-0.16251146715792825	-0.06709404854630083
-2.0901126408010025	-0.1566902705972958	-0.05899082445635135
-2.0650813516896127	-0.15398307803815597	-0.05036080982608083
-2.0400500625782225	-0.1537921678390603	-0.0423854102444867
-2.0150187734668323	-0.15525265767880622	-0.03556298339879083
-1.989987484355444	-0.15768809539729145	-0.02991969213606159
-1.9649561952440555	-0.16068566766744494	-0.025334803248015732
-1.939924906132667	-0.16397053402108516	-0.021685274715911466
-1.914893617021277	-0.16733297835058977	-0.018832573347700856
-1.8898623279098858	-0.17063478460311907	-0.016618959733619054
-1.8648310387984974	-0.1738064777149627	-0.01489590427395708
-1.839799749687109	-0.17682467036826582	-0.013542584314652004
-1.8147684605757206	-0.17969032309054386	-0.012467782809131871
-1.7897371714643304	-0.182415158482382	-0.011604608378267453
-1.764705882352942	-0.1850145941820958	-0.010904268560581602
-1.7396745932415527	-0.1875044280567002	-0.010330958002286911
-1.7146433041301625	-0.18989943125432576	-0.009858111840222193
-1.6896120150187741	-0.1922128543811298	-0.009465767555091924
-1.664580725907384	-0.1944563503773643	-0.009138726815665224
-1.6395494367959955	-0.19664007453028204	-0.008865271273761785
-1.6145181476846062	-0.1987728485603767	-0.008636257475907337
-1.589486858573217	-0.2008623370076778	-0.008444471645939157
-1.5644555694618276	-0.20291521360556586	-0.00828416399630247
-1.5394242803504374	-0.20493730933267207	-0.008150708396605246
-1.514392991239049	-0.20693374032432602	-0.008040350617794718
-1.4893617021276597	-0.20890901666867845	-0.007950019927234856
-1.4643304130162704	-0.21086713420058736	-0.007877186538958999
-1.4392991239048811	-0.21281165166911042	-0.007819752640850284
-1.4142678347934918	-0.2147457555497998	-0.0077759682807156194
-1.3892365456821025	-0.21667231452437322	-0.007744365850236875
-1.3642052565707132	-0.21859392536404065	-0.007723708620868713
-1.339173967459324	-0.2205129516770344	-0.007712949996395744
-1.3141426783479346	-0.22243155673482967	-0.007711201010719752
-1.2891113892365453	-0.224351731380648	-0.007717704222293899
-1.264080100125157	-0.22627531784705018	-0.007731812610168097
-1.2390488110137667	-0.22820403016315852	-0.007752972410014238
-1.2140175219023774	-0.23013947171193982	-0.007780709075799852
-1.1889862327909881	-0.23208315039976488	-0.007814615737790593
-1.1639549436795988	-0.23403649182024902	-0.007854343667107836
-1.1389236545682104	-0.23600085072893387	-0.007899594363153076
-1.1138923654568202	-0.23797752109189166	-0.007950112961469054
-1.0888610763454318	-0.23996774492760775	-0.00800568272232189
-1.0638297872340434	-0.2419727201256334	-0.008066120409058113
-1.0387984981226523	-0.243993607395995	-0.008131272403532739
-1.013767209011264	-0.24603153647903123	-0.008201011436185386
-0.9887359198998737	-0.24808761172505828	-0.008275233832627566
-0.9637046307884853	-0.25016291713626265	-0.00835385719845118
-0.9386733416770969	-0.25225852094845386	-0.008436818480666835
-0.9136420525657085	-0.25437547981690906	-0.00852407235887809
-0.8886107634543183	-0.25651484265685914	-0.008615589933072033
-0.8635794743429273	-0.2586776541727253	-0.008711357688719959
-0.8385481852315388	-0.2608649580860085	-0.008811376734098722
-0.8135168961201504	-0.2630778000296956	-0.008915662317158266
-0.788485607008762	-0.26531722999752255	-0.009024243628449951
-0.7634543178973718	-0.26758430408442546	-0.009137163840940684
-0.7384230287859816	-0.2698800849913627	-0.00925448009480385
-0.7133917396745932	-0.27220564047192763	-0.009376262341699946
-0.6883604505632039	-0.2745620393565249	-0.009502587894227007
-0.6633291614518155	-0.27695034922856093	-0.009633525244500514
-0.6382978723404253	-0.27937165386242974	-0.009769104414097769
-0.6132665832290352	-0.2818271163141904	-0.009909306823022023
-0.5882352941176467	-0.2843180403914927	-0.010054145901266685
-0.5632040050062583	-0.28684579805548405	-0.010203777843794204
-0.5381727158948699	-0.28941169655500865	-0.010358458180291186
-0.5131414267834788	-0.2920169820201622	-0.010518422709334846
-0.48811013767208866	-0.2946629168300702	-0.010683857387298396
-0.46307884856070025	-0.29735081941311114	-0.010854926279719467
-0.43804755944931184	-0.3000820690179264	-0.011031795857912361
-0.41301627033792343	-0.30285810192719553	-0.01121464535384944
-0.38798498122653324	-0.30568040911763283	-0.011403669830236475
-0.36295369211514483	-0.3085505364308891	-0.011599080824942085
-0.33792240300375376	-0.31147008645392055	-0.011801106507755102
-0.31289111389236535	-0.3144407214070505	-0.01200999193723944
-0.28785982478097694	-0.31746416664690896	-0.012225999544099997
-0.26282853566958675	-0.3205422145959337	-0.012449409839364475
-0.23779724655819834	-0.32367672901934147	-0.012680522322386787
-0.21276595744680904	-0.32686964962550225	-0.012919656568231313
-0.18773466833541974	-0.33012299699365294	-0.013167153483416042
-0.16270337922403044	-0.33343887784780557	-0.01342337672745709
-0.13767209011264026	-0.33681949070476525	-0.013688714304321942
-0.11264080100125184	-0.3402671319304108	-0.01396358033313523
-0.08760951188986255	-0.343784202243649	-0.014248417011828503
-0.06257822277847325	-0.34737321371249663	-0.014543696791308776
-0.03754693366708395	-0.35103679729195403	-0.014849924781481371
-0.01251564455569465	-0.35477771095908783	-0.015167641414329034
0.01251564455569465	-0.35859884850712037	-0.015497425393414692
0.03754693366708395	-0.36250324906754877	-0.01583989696381008
0.06257822277847325	-0.3664941074375815	-0.016195721541694973
0.08760951188986255	-0.3705747852995193	-0.016565613748900476
0.11264080100125184	-0.3747488234294997	-0.01695034190464384
0.13767209011264114	-0.37901995500530555	-0.01735073303483722
0.16270337922403044	-0.3833921201371254	-0.017767678468878365
0.18773466833541974	-0.38786948176143776	-0.01820214010503723
0.21276595744680726	-0.39245644305705046	-0.018655157438785333
0.23779724655819834	-0.39715766656404855	-0.01912785546409537
0.26282853566958764	-0.4019780952116954	-0.019621453576384364
0.28785982478097694	-0.4069229754906848	-0.02013727562803086
0.31289111389236623	-0.4119978830393064	-0.0206767613140449
0.33792240300375376	-0.4172087509531142	-0.021241479097509775
0.36295369211514483	-0.422561901174468	-0.021833140923067307
0.38798498122653235	-0.42806407937338103	-0.02245361901353802
0.41301627033792343	-0.4337224937958901	-0.023104965101702395
0.43804755944931273	-0.43954485863278736	-0.02378943251879931
0.46307884856070025	-0.44553944255233463	-0.024509501646564874
0.4881101376720913	-0.4517151231484646	-0.025267909344681382
0.5131414267834788	-0.4580814481846652	-0.026067683095515545
0.5381727158948699	-0.46464870466759417	-0.02691218076971657
0.5632040050062574	-0.4714279969691171	-0.02780513711834944
0.5882352941176467	-0.4784313354376001	-0.02875071835119995
0.6132665832290378	-0.4856717372074689	-0.029753586481749205
0.6382978723404253	-0.4931633412407681	-0.030818975527055276
0.6633291614518164	-0.5009215400285868	-0.03195278217200045
0.6883604505632039	-0.5089631308602229	-0.03316167417786083
0.7133917396745932	-0.517306490153507	-0.034453220683329955
0.7384230287859808	-0.5259717750557857	-0.03583604967799852
0.7634543178973718	-0.5349811574017721	-0.037320039414595996
0.7884856070087629	-0.5443590961884103	-0.03891655249276384
0.8135168961201504	-0.5541326560416752	-0.04063872396950532
0.8385481852315397	-0.5643318807557021	-0.04250181837760117
0.8635794743429273	-0.5749902329351602	-0.04452367531603265
0.8886107634543183	-0.5861451131196542	-0.04672526982299513
0.9136420525657059	-0.5978384745506279	-0.04913142278878658
0.9386733416770969	-0.6101175529479944	-0.051771709293001685
0.9637046307884862	-0.6230357341829496	-0.0546816305596116
0.9887359198998737	-0.6366535862331402	-0.05790414061484654
1.0137672090112648	-0.6510400845092887	-0.06149165534146119
1.0387984981226523	-0.6662740598846557	-0.06550872501169668
1.0638297872340434	-0.6824458931264556	-0.07003563014284588
1.088861076345431	-0.6996594610449389	-0.07517327802951473
1.1138923654568202	-0.7180342947840119	-0.0810499544813074
1.1389236545682113	-0.7377078117055366	-0.08783075479823924
1.1639549436795988	-0.7588372736465507	-0.0957309302373342
1.18898623279099	-0.7816006926506818	-0.10503501622388874
1.2140175219023774	-0.8061950173296397	-0.11612455861855142
1.2390488110137667	-0.8328281044607395	-0.12951863065357758
1.264080100125156	-0.8616972042640605	-0.14593312244824097
1.2891113892365453	-0.8929389043201484	-0.16636639115039212
1.3141426783479364	-0.9265197183589684	-0.19221756425975015
1.339173967459324	-0.9620064532435947	-0.22543007839981846
1.3642052565707132	-0.9981077537855445	-0.26859831235833603
1.3892365456821025	-1.0318471307959427	-0.3248104320305172
1.4142678347934918	-1.0574143083962313	-0.39664423921175274
1.4392991239048811	-1.0656899496980854	-0.48349624921837764
1.4643304130162704	-1.0470295427808662	-0.5780847073023141
1.4893617021276597	-0.9974887764250855	-0.6672849557760137
1.514392991239049	-0.9202641930822829	-0.7387307965502132
1.5394242803504383	-0.8210351213799125	-0.7819688677931712
1.5644555694618276	-0.7104527615549155	-0.7853136068354379
1.589486858573217	-0.6093242727405556	-0.7424451483000329
1.6145181476846044	-0.5416428886499812	-0.6631787536595993
1.6395494367959955	-0.5186763620265159	-0.5713005053975685
1.6645807259073848	-0.5339684744350555	-0.4885297725625897
1.6896120150187741	-0.5737620992761012	-0.42466135522076115
1.7146433041301634	-0.6267289742155404	-0.3803654251022795
1.739674593241551	-0.6862684549996647	-0.3529166559230512
1.764705882352942	-0.7492559980801335	-0.33941388636512104
1.7897371714643295	-0.8145014307320853	-0.3378619405120895
1.8147684605757206	-0.8817141180521881	-0.34737619368539296
1.83979974968711	-0.9508472167773241	-0.3681725928513604
1.8648310387984974	-1.021550610838018	-0.4015555559620894
1.8898623279098885	-1.0924692923815023	-0.4498642021820179
1.914893617021276	-1.1601622264894111	-0.5160508169964846
1.939924906132667	-1.2177657604348948	-0.6020663493604936
1.9649561952440546	-1.2549764408125583	-0.7049795334018595
1.989987484355444	-1.2633026251043473	-0.8123862446677068
2.015018773466835	-1.2470514217268676	-0.9057251957530379
2.0400500625782225	-1.2256916228270671	-0.9765169090260881
2.065081351689613	-1.2166987858898204	-1.0358330813457257
2.090112640801001	-1.2216700448503035	-1.1017650293181198
2.1151439299123904	-1.230656564705153	-1.1872690701812871
2.1401752190237784	-1.2259451840759052	-1.2971677492816855
2.165206508135169	-1.1867797813756278	-1.4199075554897411
2.1902377972465596	-1.1083200631422896	-1.5261933420784284
2.2152690863579476	-1.0144925691867448	-1.5926901302542005
2.240300375469337	-0.9380411395319597	-1.6255689923554086
2.265331664580725	-0.8930085588889495	-1.651606227322879
2.2903629536921155	-0.8706690885916323	-1.6951006150720127
2.315394242803503	-0.8531216247815322	-1.7656887870587166
2.340425531914894	-0.8254934916029893	-1.8634570194540598
2.3654568210262834	-0.773402500455128	-1.9856619416367238
2.3904881101376714	-0.6814373133948192	-2.1203099528139764
2.415519399249062	-0.5463391054827886	-2.2456143869003267
2.4405506883604495	-0.38012294558017107	-2.3487183656202117
2.4655819774718406	-0.18818816840277935	-2.4318034291102597
2.490613266583228	0.038850514656463615	-2.4875003465694294
2.515644555694618	0.2967293729117654	-2.4879346943872043
2.5406758448060085	0.5513288946704751	-2.4164120752032074
2.565707133917396	0.7691709714580741	-2.2899781021755237
2.590738423028787	0.9433009596897035	-2.1362243568431643
2.6157697121401746	1.0806542682426623	-1.970285014135978
2.6408010012515644	1.187350996043731	-1.7989313322492575
2.665832290362953	1.2697580954154302	-1.6254564962173166
2.6908635794743425	1.3317994668528261	-1.4465128341197222
2.7158948685857336	1.3675173495281119	-1.2585181581715066
2.740926157697121	1.3673025425651042	-1.068535823978194
2.765957446808511	1.3298276900611188	-0.8914604286500728
2.7909887359198997	1.264175208420046	-0.7397236802582507
2.816020025031289	1.1834596588038497	-0.6173708244117994
2.841051314142678	1.0982449056175494	-0.5216549172854962
2.8660826032540676	1.014666688354146	-0.4473206693486597
2.8911138923654573	0.9355215613100029	-0.3892888144214605
2.916145181476846	0.8617225352057643	-0.34351212742024984
2.9411764705882355	0.793268994226219	-0.3069875836533671
2.9662077596996244	0.7297681066897315	-0.27753839422300774
2.991239048811014	0.6706897547984193	-0.2535910738173902
3.0162703379224016	0.61548442849465	-0.2340017862458452
3.0413016270337927	0.5636353416668057	-0.21793159331429543
3.066332916145182	0.5146806324325175	-0.20475697099041887
3.091364205256571	0.4682206355125439	-0.19399983427969855
3.1163954943679606	0.42390682182727646	-0.1852652080487322
3.141426783479348	0.38139555418714594	-0.17819964133802274
3.166458072590739	0.34029085749997967	-0.17252044534024327
3.1914893617021267	0.3001771375742507	-0.16809118140706092
3.2165206508135173	0.2607196804799302	-0.16489880440869686
3.241551939924907	0.22167482038068853	-0.16295557324044477
3.2665832290362946	0.18282922458070933	-0.16226153247333458
3.2916145181476857	0.143961478215442	-0.16282122766284127
3.316645807259073	0.10483315052378012	-0.1646636999497593
3.341677096370464	0.06518844844407895	-0.16785376417040412
3.366708385481852	0.024753181109693614	-0.17249942533276733
3.391739674593241	-0.016768333826462586	-0.17876004509889726
3.416770963704632	-0.05969781536666408	-0.1868579105540951
3.4418022528160197	-0.1043881672079611	-0.19709523616310148
3.4668335419274103	-0.1512281378403681	-0.20987901550303603
3.4918648310387983	-0.2006445783386174	-0.2257571949138418
3.5168961201501876	-0.25309842394369003	-0.24547129098183995
3.5419274092615756	-0.3090663260217924	-0.27003272045977444
3.566958698372966	-0.3689911454621955	-0.30083198888885904
3.591989987484357	-0.4331669958392836	-0.3397881753786192
3.617021276595745	-0.5014919708127311	-0.3895294967922282
3.642052565707134	-0.5729742339122137	-0.4535312480751423
3.667083854818522	-0.6448670306350196	-0.5359535028153988
3.6921151439299127	-0.7115826086610073	-0.640578380002783
3.7171464330413	-0.7645847578186898	-0.7682710834132277
3.7421777221526913	-0.7954180641642039	-0.9145834920958994
3.7672090112640806	-0.8000496074315233	-1.071970304759145
3.7922403003754686	-0.7777371111492428	-1.2340999462274693
3.817271589486859	-0.72929040157932	-1.3945564839688338
3.8423028785982467	-0.6605603888943945	-1.5492747551457908
3.867334167709638	-0.5762992768638602	-1.7038730294125184
3.8923654568210253	-0.46852027252516354	-1.8667612962365998
3.917396745932415	-0.3197230603230398	-2.034440677591103
3.9424280350438057	-0.11721438467618531	-2.188197546395175
3.967459324155193	0.13890581042696856	-2.3028705529607696
3.9924906132665843	0.4348718691863795	-2.3531150508428014
4.017521902377972	0.7412556782789989	-2.3230707787939022
4.042553191489361	1.025042237191727	-2.218075624746905
4.06758448060075	1.2662116843745272	-2.057786654077293
4.09261576971214	1.4595464211290536	-1.8615658102895192
4.117647058823531	1.6050533975328345	-1.639893270658745
4.142678347934918	1.69650569421736	-1.400767559807389
4.167709637046308	1.727344883653353	-1.1620687632769242
4.192740926157697	1.7041278515521445	-0.9465527215520677
4.217772215269086	1.6451714505234318	-0.7679800283806133
4.2428035043804755	1.5692702652290773	-0.6274388392051881
4.267834793491865	1.4890959142511657	-0.5190146409567482
4.292866082603254	1.4112960423283119	-0.43538269388827056
4.317897371714643	1.3387188531457106	-0.370248333707054
4.342928660826033	1.2722347313064437	-0.318827539177828
4.367959949937422	1.2117939915080094	-0.27764060032449817
4.392991239048811	1.1569651923501754	-0.2441838091887348
4.418022528160199	1.1071917060001388	-0.2166485744940226
4.44305381727159	1.0619077438505027	-0.1937146216180307
4.468085106382979	1.0205868034958108	-0.17440537546317364
4.4931163954943685	0.9827584054538365	-0.15798837096490667
4.518147684605758	0.9480104314161742	-0.14390664285093197
4.543178973717145	0.915985344199938	-0.13173108865319197
4.568210262828536	0.8863742019778136	-0.1211270215829365
4.593241551939924	0.8589102670182374	-0.11183038863628342
4.618272841051315	0.8333629888383745	-0.10363064009233208
4.643304130162704	0.8095326531961234	-0.0963582310799495
4.668335419274092	0.7872457601828738	-0.08987538930614998
4.693366708385483	0.7663510938857122	-0.08406921456077597
4.71839799749687	0.7467164069774818	-0.07884646331981135
4.7434292866082615	0.7282256341449654	-0.07412956628522267
4.768460575719649	0.7107765538792017	-0.06985355898641611
4.793491864831038	0.6942788280489968	-0.0659636929735327
4.818523153942429	0.6786523538377712	-0.06241355725942663
4.843554443053817	0.6638258718358627	-0.05916359033337048
4.868585732165208	0.6497357884213333	-0.05617989491184936
4.8936170212765955	0.6363251779714716	-0.05343328665349194
4.918648310387985	0.6235429346801735	-0.05089852474542299
4.943679599499372	0.6113430488596878	-0.048553685485852635
4.968710888610763	0.5996839872982004	-0.04637964927775588
4.9937421777221545	0.5885281609538948	-0.0443596781611433
5.018773466833542	0.5778414662004736	-0.042479066055899614
5.043804755944931	0.5675928882104755	-0.040724847734974604
5.068836045056319	0.557754156998031	-0.039085555500713805
5.09386733416771	0.5482994482276731	-0.03755101481536188
5.118898623279097	0.5392051221973335	-0.036112171904591206
5.1439299123904885	0.530449495474016	-0.034760947732744636
5.168961201501878	0.522012640543893	-0.03349011383186465
5.193992490613265	0.513876209569272	-0.032293186321736694
5.219023779724656	0.5060232789520267	-0.031164335135732104
5.244055068836044	0.49843821190880183	-0.030098306003219746
5.269086357947435	0.4911065366803059	-0.029090353156750248
5.2941176470588225	0.48401483831299363	-0.02813618105045809
5.319148936170212	0.4771506621188262	-0.02723189367202597
5.344180225281603	0.4705024270303649	-0.02637395055715685
5.36921151439299	0.46405934782920577	-0.025559129309268173
5.3942428035043815	0.4578113665118911	-0.024784493625203855
5.419274092615769	0.451749091641628	-0.0240473642114336
5.444305381727158	0.4458637426441401	-0.023345292267314424
5.469336670838548	0.4401470984773416	-0.022676037038509577
5.494367959949937	0.4345914513588969	-0.022037547114358763
5.519399249061328	0.4291895651424485	-0.021427944540106235
5.5444305381727155	0.42393463758623806	-0.02084551145995388
5.569461827284105	0.4188202660020616	-0.02028867939132743
5.594493116395494	0.41384041599931626	-0.019756021411211744
5.619524405506883	0.4089893932404342	-0.019246247761114783
5.644555694618273	0.4042618184275159	-0.01875820573754357
5.669586983729662	0.3996526063106442	-0.018290885284500975
5.694618272841051	0.39515695064457684	-0.017843432501121866
5.719649561952441	0.3907703193365862	-0.017415174319836697
5.74468085106383	0.3864884687993297	-0.017005658580946922
5.769712140175219	0.382307496302738	-0.01661471313100381
5.7947434292866085	0.37822396845900297	-0.016242520015322975
5.819774718397996	0.37423519805279437	-0.01588966922829253
5.844806007509387	0.3703397806269555	-0.015557053627132379
5.869837296620776	0.3665384463242	-0.015245197377093728
5.894868585732166	0.36283471486917485	-0.01495217490909257
5.919899874843555	0.3592330127683341	-0.014669716428508771
5.9449311639549425	0.3557307791650145	-0.014381703974464791
5.9699624530663336	0.3523104540658227	-0.014074531169730085
5.994993742177721	0.3489489628073554	-0.013751953622645804
6.020025031289112	0.34563581386371117	-0.013429820601834348
6.0450563204005014	0.34237339912457637	-0.013120184807160137
6.07008760951189	0.33916710575595643	-0.012826987106586219
6.09511889862328	0.336020271390081	-0.012549649441549824
6.120150187734667	0.33293387396932145	-0.01228627294336198
6.145181476846059	0.32990742384984145	-0.012034971303514655
6.170212765957445	0.3269396936907435	-0.011794211429293452
6.195244055068836	0.32402913479852496	-0.011562814287061057
6.2202753441802265	0.32117408714278484	-0.011339877952918596
6.245306633291613	0.3183728791947636	-0.011124702450665288
6.270337922403005	0.31562387317141893	-0.010916733503267915
6.295369211514392	0.31292548474817306	-0.010715524335451105
6.320400500625783	0.31027619128934253	-0.010520710368533252
6.3454317897371695	0.3076745345704998	-0.010331993192108119
6.37046307884856	0.3051191222123087	-0.01014913244258838
6.395494367959952	0.30260863223738604	-0.009971944075623915
6.420525657071338	0.3001418259106482	-0.009800302810943911
6.445556946182729	0.29771757712644875	-0.009634143533162626
6.470588235294116	0.295334930521462	-0.009473444942961835
6.495619524405506	0.29299319257905626	-0.00931814837192845
6.520650813516895	0.2906919917745142	-0.009167918663924402
6.545682102628285	0.28843103786322344	-0.00902172000495635
6.570713391739676	0.2862092286192663	-0.008877715871020589
6.5957446808510625	0.2840238678620615	-0.008734484949820428
6.620775969962453	0.28187184001276716	-0.008592529912253052
6.645807259073841	0.2797514751231186	-0.00845353670465452
6.670838548185231	0.27766242711693534	-0.008318717525161569
6.695869837296622	0.27560461882632514	-0.008188455773299097
6.720901126408009	0.27357775339160406	-0.00806271631900733
6.745932415519399	0.2715813044724658	-0.007941383226422549
6.770963704630788	0.26961462179350815	-0.00782440485212648
6.795994993742178	0.26767702396862275	-0.007711839153107349
6.821026282853566	0.26576786454060397	-0.007603857233512614
6.8460575719649555	0.2638865606214068	-0.007500728930380602
6.871088861076346	0.26203256314944723	-0.00740285752921429
6.896120150187734	0.2602053868979979	-0.007310996298523796
6.921151439299124	0.25840502514336716	-0.0072265255355148435
6.946182728410513	0.2566327622894131	-0.007151306359783466
6.971214017521902	0.2548920772401332	-0.007086822924910263
6.996245306633291	0.2531892672967468	-0.007032081128171134
7.0212765957446805	0.25153173901561976	-0.0069796840769343
7.046307884856071	0.24992024616220537	-0.006913853642609695
7.071339173967459	0.24834009798893739	-0.006820274484042623
7.0963704630788484	0.24676973467549254	-0.006701937478150021
7.121401752190238	0.2451998885104432	-0.006574868318246355
7.146433041301627	0.24363456881572296	-0.0064511814346018635
7.171464330413016	0.24208003322084296	-0.0063345463394417715
7.196495619524406	0.240539818107956	-0.006225138749218305
7.221526908635795	0.2390159162554742	-0.006122786693494149
7.246558197747184	0.23750986316664746	-0.006027002990553198
7.2715894868585735	0.23602263558944603	-0.005936898731470814
7.296620775969963	0.2345546064476678	-0.0058515008326809155
7.321652065081352	0.2331057306529983	-0.0057699764973459
7.3466833541927405	0.23167573757664786	-0.005691685477807029
7.371714643304131	0.2302642530470013	-0.005616154934204674
7.39674593241552	0.22887086364968004	-0.005543038623910619
7.421777221526909	0.22749514764310189	-0.0054720815866949315
7.446808510638299	0.22613668872513096	-0.00540309406019727
7.471839799749687	0.2247950813256271	-0.005335933298886072
7.496871088861077	0.22346993169200563	-0.005270491374905304
7.521902377972466	0.22216085715732606	-0.005206687557464929
7.546933667083856	0.22086748521181243	-0.005144463701665187
7.571964956195245	0.21958945240467975	-0.005083781030185276
7.5969962453066335	0.21832640240334705	-0.005024618318028978
7.622027534418024	0.2170779836613016	-0.0049669720072240565
7.647058823529412	0.21584384723334815	-0.004910858075300822
7.672090112640802	0.2146236447622429	-0.004856315602415694
7.697121401752189	0.21341702664652853	-0.004803412472350027
7.72215269086358	0.21222364065393046	-0.004752254050032372
7.74718397997497	0.2110431316557402	-0.004702996148179475
7.772215269086359	0.20987514393323367	-0.0046558642715400465
7.797246558197749	0.20871932909065202	-0.0046111820552873235
7.8222778473091354	0.2075753658744804	-0.004569412837942906
7.8473091364205265	0.2064430048579088	-0.00453121853987083
7.872340425531913	0.20532216396753683	-0.00449753614332431
7.897371714643305	0.2042131232993076	-0.0044696537313264504
7.922403003754695	0.20311689277584077	-0.004449208525799784
7.947434292866082	0.20203579649480047	-0.00443788432658009
7.972465581977473	0.20097404407492148	-0.004436382597965254
7.99749687108886	0.19993730772108811	-0.004442405356459336
8.022528160200253	0.19892966959233083	-0.004448979658005334
8.047559449311638	0.1979489203204346	-0.004447344071021032
8.072590738423028	0.19698848545837847	-0.004434496996171069
8.09762202753442	0.19604707490603038	-0.0044118223734554
8.122653316645806	0.19512709802596806	-0.004373436487393305
8.147684605757199	0.1942199929916728	-0.004307661339756686
8.172715894868585	0.1933060640142053	-0.004215277664064878
8.197747183979974	0.19237420407409217	-0.004112853491832928
8.222778473091363	0.1914286385321014	-0.00401602421247214
8.247809762202753	0.19047886689864973	-0.003930982880867945
8.272841051314145	0.18953222832371272	-0.0038576011993787223
8.297872340425531	0.18859279257485573	-0.003793686276159971
8.32290362953692	0.18766243813008382	-0.003736998045963568
8.34793491864831	0.18674189846776248	-0.0036857837945968542
8.3729662077597	0.18583135976781812	-0.0036387731149868452
8.397997496871088	0.18493075473017742	-0.0035950732024090147
8.423028785982478	0.18403991459257962	-0.00355407476809126
8.448060075093867	0.18315865908769266	-0.0035153784257023033
8.473091364205256	0.1822868646961552	-0.0034787312411418874
8.498122653316646	0.18142453122441082	-0.0034439441749899375
8.523153942428035	0.18057182105315042	-0.003410735981001922
8.548185231539424	0.1797289292396276	-0.00337848750591713
8.573216520650814	0.17889560167314636	-0.0033461837510116985
8.598247809762203	0.17807072876301347	-0.003313069375273567
8.623279098873592	0.17725299874286973	-0.0032794382547211803
8.648310387984981	0.17644189476328165	-0.003246201615663457
8.67334167709637	0.17563761028755498	-0.003213977636712511
8.69837296620776	0.17484044773876758	-0.003182881677249003
8.72340425531915	0.17405048794026354	-0.0031527733351766926
8.748435544430539	0.1732675821579776	-0.0031235480319676576
8.773466833541928	0.17249153507692372	-0.0030952539649211626
8.798498122653317	0.17172221971797258	-0.0030680076620760097
8.823529411764707	0.1709595447132431	-0.0030419233041778875
8.848560700876096	0.1702034107870489	-0.0030171319860181492
8.873591989987485	0.1694537122577443	-0.002993827903740224
8.898623279098874	0.16871036837733042	-0.002972312316467568
8.92365456821026	0.1679733823736593	-0.002953039400987695
8.948685857321653	0.1672429531578738	-0.0029366646133014308
8.973717146433042	0.16651969203664274	-0.0029240657395583286
8.998748435544432	0.16580501614815402	-0.002916220655141277
9.023779724655821	0.16510170880801767	-0.0029136222852840857
9.048811013767207	0.16441411762320277	-0.0029146705990213914
9.0738423028786	0.1637461547368657	-0.0029132107798167843
9.098873591989985	0.16309559127359352	-0.002899063680587602
9.123904881101378	0.1624510993282511	-0.002866445582732256
9.148936170212767	0.16180120081420526	-0.002820905842207617
9.173967459324153	0.16114345168120833	-0.002772649646295035
9.198998748435546	0.16048170643419346	-0.00272796775220965
9.224030037546932	0.15982035787792812	-0.002688554898193657
9.249061326658325	0.15916225830780992	-0.0026539695507445137
9.27409261576971	0.158508902761708	-0.0026232757688091986
9.2991239048811	0.15786101019131182	-0.002595646470352328
9.324155193992492	0.15721895718131276	-0.002570478491238914
9.349186483103878	0.1565830465661719	-0.0025473155279538647
9.374217772215271	0.15595362948822353	-0.002525648319592619
9.399249061326657	0.15533096123570425	-0.0025046507429562874
9.424280350438046	0.154714700782853	-0.0024832262145829146
9.449311639549435	0.1541036990320732	-0.0024607744199796415
9.474342928660825	0.1534968560104431	-0.0024377518613937174
9.499374217772218	0.1528939060210081	-0.002415010981057931
9.524405506883603	0.15229513124451907	-0.002393050729231018
9.549436795994993	0.1517008572429638	-0.0023719793147480095
9.574468085106382	0.15111128785181446	-0.0023517295594756267
9.599499374217771	0.1505265331238706	-0.002332184411455117
9.62453066332916	0.1499466533012237	-0.0023131942487328513
9.64956195244055	0.14937163904979853	-0.0022945554867662503
9.67459324155194	0.14880133834461545	-0.002276062111953365
9.699624530663328	0.14823548971298617	-0.002257652559510992
9.724655819774718	0.14767390253119203	-0.00223943015715185
9.749687108886107	0.14711652601694553	-0.002221512848625683
9.774718397997496	0.14656336678748674	-0.0022039483831784107
9.799749687108886	0.14601442158815112	-0.002186734066505619
9.824780976220275	0.14546966423505972	-0.0021698514732467287
9.849812265331664	0.14492905278023427	-0.0021532839850215515
9.874843554443054	0.1443925376185543	-0.0021370226587727986
9.899874843554443	0.1438600671030977	-0.0021210679916505606
9.924906132665832	0.1433315919535211	-0.002105431058321828
9.949937421777221	0.14280707059854214	-0.0020901349131674136
9.97496871088861	0.1422864780654258	-0.0020752151810630856
10.0	0.14176982114031741	-0.0020607151437382412
