-10.0	-0.07974147675256595	-0.000769945589239811
-9.97496871088861	-0.07992958511908445	-0.0007904191639501132
-9.949937421777221	-0.08012074627245203	-0.0008160772356984501
-9.924906132665832	-0.08031501431401955	-0.0008487065247028758
-9.899874843554443	-0.08051203564278027	-0.0008908642782885364
-9.874843554443054	-0.08071054717246248	-0.0009461650175109689
-9.849812265331664	-0.080907357626907	-0.0010195036475132465
-9.824780976220275	-0.08109541185820479	-0.0011167429307035368
-9.799749687108886	-0.0812607017904531	-0.0012424562385730646
-9.774718397997496	-0.08137968540752603	-0.001392736021637925
-9.749687108886107	-0.08142525719299162	-0.001541275043186372
-9.724655819774718	-0.08139421172828147	-0.001632616261124081
-9.699624530663328	-0.08133788093033009	-0.0016171632168144978
-9.67459324155194	-0.08133165050121782	-0.0015067093910895665
-9.64956195244055	-0.08140791130493309	-0.0013597988001348281
-9.62453066332916	-0.08155110183641191	-0.0012233722647178838
-9.599499374217771	-0.08173349989776764	-0.0011145566197450385
-9.574468085106382	-0.08193478276176797	-0.001033183552381164
-9.549436795994993	-0.0821436667196119	-0.0009737817530754067
-9.524405506883603	-0.0823546914326734	-0.0009307142261502721
-9.499374217772216	-0.08256548867285154	-0.0008995361555010604
-9.474342928660825	-0.08277520216252923	-0.0008770348988897081
-9.449311639549435	-0.08298368026715121	-0.0008609588972309603
-9.424280350438046	-0.08319108386769956	-0.0008497449238119763
-9.399249061326657	-0.08339770117819295	-0.0008423106309812621
-9.37421777221527	-0.08360386305811959	-0.0008379105346058944
-9.349186483103878	-0.0838099067211391	-0.0008360399662574847
-9.32415519399249	-0.08401616264349515	-0.0008363728077437673
-9.2991239048811	-0.08422295246348935	-0.0008387228499434906
-9.274092615769712	-0.08443059187631904	-0.0008430222542822309
-9.249061326658325	-0.08463939547845768	-0.0008493133439571961
-9.224030037546934	-0.08484968197519585	-0.0008577520561387212
-9.198998748435546	-0.08506177905146371	-0.0008686236458038297
-9.173967459324155	-0.0852760267208086	-0.0008823753159075238
-9.148936170212767	-0.08549277161587283	-0.0008996750086643178
-9.123904881101378	-0.0857123354530478	-0.0009215012967932705
-9.098873591989987	-0.08593494341204308	-0.0009492671077834614
-9.0738423028786	-0.0861605834720814	-0.0009850006199841584
-9.048811013767208	-0.08638870378118108	-0.0010316066270951378
-9.023779724655821	-0.08661756395038864	-0.0010931678581294132
-8.998748435544432	-0.08684293697520039	-0.001175074427301466
-8.973717146433042	-0.08705575033730333	-0.0012832824777442647
-8.948685857321653	-0.08723873144853674	-0.0014207850806942808
-8.923654568210262	-0.08736525859777039	-0.0015779317663591297
-8.898623279098874	-0.0874114750430897	-0.0017176782034277877
-8.873591989987485	-0.08739058517170079	-0.0017789954238252848
-8.848560700876096	-0.08737026098808032	-0.0017275847584680786
-8.823529411764707	-0.08741862777458888	-0.0015970862308342837
-8.798498122653317	-0.08754955135778955	-0.0014486415503451502
-8.773466833541928	-0.08773938387554517	-0.001319729576688331
-8.748435544430539	-0.08796142438928788	-0.0012203015781973132
-8.72340425531915	-0.08819827534749333	-0.001147513830889183
-8.69837296620776	-0.0884407582651583	-0.001095488518612444
-8.67334167709637	-0.08868455623462224	-0.001058868194198754
-8.648310387984981	-0.08892788692975487	-0.00103354065377928
-8.623279098873592	-0.0891703051500348	-0.001016555227025313
-8.598247809762203	-0.08941207270909823	-0.0010060168212262946
-8.573216520650814	-0.08965364375277965	-0.0010009519794154187
-8.548185231539424	-0.08989535070937481	-0.001001008275910544
-8.523153942428035	-0.09013736223176189	-0.0010062415969396387
-8.498122653316646	-0.09037964878707247	-0.0010171146038008387
-8.473091364205256	-0.09062177871870472	-0.0010345733910672003
-8.448060075093867	-0.09086246726135938	-0.001060052762839159
-8.423028785982478	-0.09109877945436841	-0.0010951417615893987
-8.397997496871088	-0.09132509835137229	-0.001140236179934863
-8.3729662077597	-0.09153316830440833	-0.0011911613518745302
-8.34793491864831	-0.09171700142735076	-0.001234858263415332
-8.32290362953692	-0.09188392374044162	-0.0012527049427662235
-8.297872340425531	-0.0920565454425765	-0.001237758133552651
-8.272841051314144	-0.09225352426782299	-0.0012034101452458956
-8.247809762202753	-0.09247645126953911	-0.0011680272645308723
-8.222778473091363	-0.09271760414657718	-0.0011417419455128726
-8.197747183979974	-0.09296946255444792	-0.001127224534916144
-8.172715894868585	-0.09322736091611189	-0.0011241996664366459
-8.147684605757197	-0.09348880355193419	-0.0011321302847182807
-8.122653316645806	-0.0937522808023236	-0.001151253871616192
-8.097622027534417	-0.09401620870278167	-0.00118291116992903
-8.072590738423028	-0.09427778910935103	-0.0012295524229579294
-8.047559449311638	-0.09453140523029037	-0.0012941889149051553
-8.02252816020025	-0.09476647151232839	-0.0013781381722066763
-7.9974968710888605	-0.09496674531135832	-0.0014749112949275255
-7.972465581977473	-0.09511812735366895	-0.0015611298324963287
-7.947434292866082	-0.09522996018467982	-0.0015993733780191594
-7.922403003754694	-0.09534452648011014	-0.0015700019031872105
-7.897371714643305	-0.09550278653144958	-0.0014950281711635892
-7.872340425531914	-0.09571212109251485	-0.0014120866089393426
-7.8473091364205265	-0.095957662211413	-0.0013439926149732611
-7.8222778473091354	-0.09622295720604246	-0.0012972451156286972
-7.797246558197748	-0.096496857555116	-0.0012711328186682464
-7.772215269086359	-0.09677226909957606	-0.0012635148018241657
-7.7471839799749675	-0.09704332654167869	-0.0012724582968576276
-7.72215269086358	-0.09730316189354588	-0.0012950604052644936
-7.697121401752189	-0.09754402909327284	-0.0013238996696572458
-7.672090112640801	-0.09776310255353893	-0.0013440679460354494
-7.647058823529412	-0.09797149078327824	-0.0013398824784734715
-7.622027534418023	-0.0981897730890728	-0.0013104113295679684
-7.596996245306634	-0.09842959363447178	-0.0012697640112700863
-7.571964956195245	-0.09868862280422779	-0.0012314685076952226
-7.546933667083856	-0.0989596198183477	-0.0012011397262458332
-7.5219023779724665	-0.09923681817647674	-0.001179094757001174
-7.496871088861077	-0.09951693902687958	-0.0011638455303639725
-7.471839799749688	-0.09979840397129616	-0.001153744941585359
-7.446808510638299	-0.10008055139744632	-0.0011474620845983467
-7.421777221526909	-0.10036316293980796	-0.0011440218168459642
-7.39674593241552	-0.10064621501569013	-0.001142729599564584
-7.371714643304131	-0.1009297563500945	-0.0011430804723930657
-7.346683354192741	-0.10121386335506437	-0.0011446741027658647
-7.321652065081352	-0.10149866201245615	-0.0011471620774951067
-7.296620775969963	-0.10178436511184288	-0.0011502802410593028
-7.2715894868585735	-0.10207121128700306	-0.0011539178322362133
-7.246558197747184	-0.1023593552545775	-0.001158072317180069
-7.221526908635795	-0.10264886634767514	-0.0011627445684923357
-7.196495619524406	-0.10293978897960508	-0.0011679065500220483
-7.171464330413016	-0.10323217415437852	-0.0011735187133420904
-7.146433041301627	-0.1035260823473168	-0.0011795465928688216
-7.121401752190238	-0.1038215787567574	-0.001185967383980223
-7.0963704630788484	-0.1041187287664492	-0.001192771468138276
-7.071339173967459	-0.10441759388908797	-0.0011999623665251934
-7.04630788485607	-0.1047182265061254	-0.0012075555042299659
-7.0212765957446805	-0.10502066195355603	-0.0012155727814130645
-6.996245306633291	-0.10532491098303945	-0.0012240251920771794
-6.971214017521902	-0.10563097187986455	-0.0012328764616819745
-6.946182728410513	-0.10593890017632429	-0.001242017431214482
-6.921151439299123	-0.10624890585373113	-0.0012513481596101116
-6.896120150187734	-0.10656129894577195	-0.0012609478765382971
-6.871088861076345	-0.1068762951457124	-0.0012710754430414236
-6.8460575719649555	-0.10719397150555839	-0.0012820128234886678
-6.821026282853566	-0.10751436317962083	-0.0012940080710347036
-6.795994993742177	-0.10783752352865426	-0.0013073272082627066
-6.770963704630788	-0.10816352063697422	-0.001322323256389092
-6.745932415519399	-0.10849239984634011	-0.0013395007476657977
-6.720901126408009	-0.1088241131588407	-0.0013595882201573523
-6.69586983729662	-0.10915838293773454	-0.0013836261353193536
-6.670838548185231	-0.10949442995833593	-0.0014130490300405462
-6.645807259073841	-0.10983044847733868	-0.001449654497871234
-6.620775969962453	-0.11016271607635246	-0.0014951137912529511
-6.595744680851063	-0.11048461234242932	-0.0015492055946209325
-6.570713391739676	-0.11078742541835948	-0.0016058682278710075
-6.545682102628285	-0.11106713679251753	-0.0016495916046363383
-6.520650813516897	-0.11133551286941014	-0.0016624491527929743
-6.495619524405506	-0.11161656661207485	-0.0016425971020625448
-6.470588235294117	-0.11192503600146894	-0.001606577574897419
-6.445556946182729	-0.11225883144778936	-0.00157124831062109
-6.420525657071338	-0.11260933650372128	-0.00154411036066681
-6.395494367959951	-0.11296943587318739	-0.0015260241457285284
-6.37046307884856	-0.1133349947205436	-0.0015154628445083133
-6.34543178973717	-0.1137039740800835	-0.0015105983860324362
-6.320400500625783	-0.1140754849842147	-0.0015099296226875163
-6.295369211514392	-0.1144492094942455	-0.001512354652946238
-6.270337922403004	-0.11482509857477723	-0.0015170953396257231
-6.245306633291613	-0.11520322384486041	-0.001523607669164031
-6.2202753441802265	-0.11558370693012926	-0.0015315104749719572
-6.195244055068836	-0.1159666866121659	-0.0015405347980123338
-6.170212765957448	-0.11635230415844024	-0.0015504893028885076
-6.145181476846059	-0.11674069733223556	-0.0015612369238499285
-6.120150187734667	-0.1171319984933181	-0.001572679071375008
-6.09511889862328	-0.11752633457061328	-0.0015847448713836464
-6.070087609511891	-0.11792382783783613	-0.0015973837577435476
-6.0450563204005014	-0.11832459698558592	-0.0016105603174397403
-6.020025031289112	-0.11872875825509993	-0.0016242506732849628
-5.994993742177721	-0.11913642651749222	-0.0016384399314037423
-5.9699624530663336	-0.11954771625227004	-0.0016531203525963322
-5.9449311639549425	-0.1199627424468272	-0.0016682900199879054
-5.919899874843555	-0.12038162143785913	-0.001683951882346352
-5.894868585732166	-0.12080447169027173	-0.0017001130826634898
-5.869837296620776	-0.12123141452153312	-0.0017167844925091407
-5.844806007509387	-0.12166257479009689	-0.001733980398600289
-5.819774718397998	-0.1220980815646841	-0.0017517183079082562
-5.7947434292866085	-0.12253806878807671	-0.001770018848520694
-5.769712140175219	-0.12298267594742193	-0.0017889057503427549
-5.74468085106383	-0.12343204876229692	-0.0018084058947306228
-5.719649561952441	-0.12388633990155959	-0.0018285494259689416
-5.694618272841051	-0.12434570974047642	-0.0018493699207986637
-5.669586983729662	-0.12481032717004127	-0.001870904616196106
-5.644555694618273	-0.12528037046791865	-0.0018931946991881832
-5.619524405506883	-0.12575602823813184	-0.0019162856591852242
-5.594493116395494	-0.12623750043592458	-0.0019402277009011061
-5.569461827284105	-0.1267249994997856	-0.001965076228306045
-5.5444305381727155	-0.12721875160429355	-0.0019908924149453066
-5.519399249061326	-0.1277189980481508	-0.002017743870869894
-5.494367959949937	-0.12822599679874824	-0.002045705418257781
-5.469336670838549	-0.12874002421859135	-0.0020748599930459585
-5.444305381727158	-0.12926137700210322	-0.002105299694434281
-5.419274092615769	-0.12979037435556062	-0.0021371270088046328
-5.3942428035043815	-0.13032736045830898	-0.0021704562402818208
-5.36921151439299	-0.13087270724992703	-0.0022054151871380508
-5.344180225281603	-0.13142681759590727	-0.002242147111601638
-5.319148936170212	-0.13199012889465409	-0.00228081306035662
-5.2941176470588225	-0.13256311720392844	-0.002321594605063362
-5.269086357947435	-0.1331463019892827	-0.0023646970941806557
-5.244055068836044	-0.13374025161627562	-0.0024103535572001034
-5.219023779724656	-0.13434558967256705	-0.002458829450221205
-5.193992490613266	-0.1349630021899312	-0.0025104283668543454
-5.168961201501876	-0.1355932460240041	-0.0025654988319738555
-5.1439299123904885	-0.1362371587340256	-0.0026244425491028507
-5.1188986232791	-0.13689567017651935	-0.002687724578891294
-5.09386733416771	-0.13756981607866398	-0.002755885912237378
-5.06883604505632	-0.13826075400138527	-0.002829559046480245
-5.043804755944931	-0.13896978219958636	-0.002909487410312771
-5.018773466833542	-0.13969836198266805	-0.0029965497699238727
-4.993742177722154	-0.1404481443024161	-0.003091791129568366
-4.968710888610763	-0.14122100144836233	-0.0031964621712438383
-4.943679599499373	-0.142019064902199	-0.003312070033744052
-4.918648310387985	-0.14284477056157682	-0.0034404442968102304
-4.893617021276597	-0.14370091269023585	-0.0035838235107021094
-4.868585732165207	-0.1445907081083622	-0.003744969778338164
-4.843554443053817	-0.14551787207088784	-0.00392732218718252
-4.818523153942427	-0.14648670669573433	-0.0041352046672298165
-4.793491864831038	-0.1475022013833167	-0.0043741109382440906
-4.768460575719651	-0.14857014143010433	-0.004651100004959298
-4.7434292866082615	-0.14969721400005348	-0.004975352128463863
-4.71839799749687	-0.1508910858975444	-0.005358960336422352
-4.69336670838548	-0.152160397212013	-0.005818070635977556
-4.668335419274092	-0.15351455237363648	-0.0063745403301966935
-4.643304130162704	-0.15496306124150905	-0.007058361017273145
-4.618272841051315	-0.1565139173480477	-0.007911178272529953
-4.593241551939924	-0.15816996099064043	-0.008991260428673375
-4.568210262828536	-0.15992112928700936	-0.010379951267402522
-4.543178973717147	-0.1617287334131982	-0.012188138710937753
-4.518147684605758	-0.16349615455468458	-0.014556461744804326
-4.4931163954943685	-0.1650238496951182	-0.01763187523064527
-4.468085106382977	-0.16597057185708158	-0.021492029832641896
-4.44305381727159	-0.1658899940451236	-0.026021693338031355
-4.418022528160201	-0.16437736980240064	-0.030853484695421433
-4.392991239048811	-0.16116879261658978	-0.035434601215139604
-4.367959949937422	-0.15617353552659807	-0.038987433854299244
-4.342928660826031	-0.14981433936665856	-0.040500449273904865
-4.317897371714643	-0.14328686177444908	-0.03933166408039369
-4.292866082603254	-0.13796792362899005	-0.03579293820588176
-4.267834793491865	-0.13467847065117722	-0.03089541159999946
-4.2428035043804755	-0.13348873174316814	-0.025771535287059943
-4.217772215269086	-0.1339185801912845	-0.02122130503393897
-4.192740926157699	-0.13533171709111408	-0.017560193697337932
-4.167709637046308	-0.13722349640947043	-0.014764054262947884
-4.142678347934918	-0.13928828655801612	-0.012673933771192311
-4.117647058823529	-0.14137109147073432	-0.011118628630988505
-4.09261576971214	-0.14340475881142528	-0.009958152391392151
-4.067584480600752	-0.14536697548254188	-0.009088911438936911
-4.042553191489361	-0.14725651661862527	-0.008437057614350494
-4.017521902377972	-0.14908132963544765	-0.007950524398120858
-3.9924906132665825	-0.15085285817663707	-0.00759261572549195
-3.967459324155193	-0.1525834610798368	-0.0073374152172331975
-3.9424280350438052	-0.15428532785343102	-0.007166640574089654
-3.917396745932415	-0.15597010786363047	-0.007067526122149805
-3.8923654568210257	-0.15764887519298956	-0.007031412176472459
-3.867334167709638	-0.15933224826926617	-0.007052820190790803
-3.8423028785982494	-0.16103057919327957	-0.007128869649140156
-3.8172715894868587	-0.1627541743740139	-0.007258947140084922
-3.7922403003754686	-0.16451353064702184	-0.007444576603275532
-3.7672090112640793	-0.1663195813337871	-0.007689468708861794
-3.7421777221526913	-0.16818394991920046	-0.007999751943436256
-3.717146433041303	-0.1701192066780666	-0.008384412731871732
-3.6921151439299127	-0.1721391142381215	-0.008856001303978539
-3.6670838548185225	-0.17425882656120464	-0.009431699150991485
-3.6420525657071328	-0.17649496036652382	-0.010134898873069877
-3.617021276595745	-0.17886536356140464	-0.010997523642706637
-3.5919899874843564	-0.18138820964822389	-0.012063409395501117
-3.566958698372966	-0.18407964502667554	-0.013393151735188054
-3.541927409261576	-0.18694841226605818	-0.015070722987083103
-3.5168961201501876	-0.18998439381900856	-0.017211355980212832
-3.4918648310387996	-0.1931359312147832	-0.01996713784127904
-3.46683354192741	-0.19627065592304832	-0.023518231945105918
-3.4418022528160197	-0.19912794131469422	-0.02802237963759379
-3.4167709637046295	-0.20131922277507072	-0.03349804479265366
-3.391739674593241	-0.20247718911528195	-0.03971527520263893
-3.366708385481853	-0.20249626509287955	-0.04631812658588792
-3.341677096370464	-0.20148432829530805	-0.05319613369311874
-3.3166458072590737	-0.19925282985069276	-0.060559186399967824
-3.291614518147683	-0.19502750059166374	-0.06830995875945893
-3.2665832290362946	-0.18805556396803466	-0.07542184950282856
-3.2415519399249066	-0.17859154340383745	-0.08025749023632779
-3.2165206508135173	-0.16812907984941794	-0.08174841381512293
-3.191489361702127	-0.1583450948803078	-0.08023602105737414
-3.166458072590739	-0.14986998283217437	-0.07679811949488578
-3.14142678347935	-0.14253076699859588	-0.07198599943489283
-3.11639549436796	-0.13639687768589226	-0.06575940865861776
-3.091364205256571	-0.13202092353373704	-0.05826468715709499
-3.0663329161451807	-0.12988359798775917	-0.05020986555916591
-3.0413016270337927	-0.1298927973096107	-0.0425217120978705
-3.0162703379224034	-0.13148418423141214	-0.035806002892651824
-2.991239048811014	-0.1340439862588461	-0.030223998599010992
-2.966207759699625	-0.13713884355772105	-0.025696603906869675
-2.941176470588234	-0.14049706708781615	-0.02209238537890353
-2.916145181476846	-0.14393056525494913	-0.01927514414073205
-2.891113892365457	-0.14731352184946356	-0.01709961300399477
-2.8660826032540676	-0.15058021519366713	-0.015426671472197622
-2.8410513141426783	-0.153709187900408	-0.014140434611593191
-2.816020025031289	-0.15670406578539436	-0.01315254550900502
-2.790988735919901	-0.1595802403999926	-0.012398526959439457
-2.7659574468085104	-0.16235763382328602	-0.011832299264446806
-2.740926157697121	-0.165057281876562	-0.01142142623706596
-2.715894868585732	-0.1676999357706044	-0.01114362007171169
-2.6908635794743425	-0.170305655450746	-0.010984368103738413
-2.6658322903629545	-0.17289387213294805	-0.01093543188569671
-2.6408010012515644	-0.1754836656246906	-0.01099401870645796
-2.615769712140175	-0.17809413251586168	-0.01116250573259665
-2.5907384230287853	-0.1807447777830657	-0.011448675237180569
-2.565707133917396	-0.18345587486975395	-0.011866495839814965
-2.540675844806008	-0.18624871502220305	-0.01243756897366779
-2.515644555694618	-0.18914559282880342	-0.013193464780363744
-2.4906132665832286	-0.19216921163015002	-0.014179309448802455
-2.4655819774718406	-0.1953408507055656	-0.015459155936579396
-2.440550688360452	-0.19867593301944717	-0.017123814229004587
-2.4155193992490616	-0.20217422526540682	-0.019301676333375917
-2.3904881101376714	-0.2057992973717883	-0.022171761884951333
-2.365456821026282	-0.20943806771758344	-0.02597322595754398
-2.340425531914894	-0.21283013391721853	-0.0309917109463817
-2.3153942428035057	-0.21547511420034227	-0.0374780716405679
-2.2903629536921155	-0.2165921661531315	-0.04545335900305828
-2.2653316645807253	-0.21526367404765248	-0.054462745046325596
-2.2403003754693356	-0.21076611706702622	-0.06346204180167848
-2.2152690863579476	-0.2029908421779632	-0.07092510577079075
-2.190237797246559	-0.19280471163439944	-0.07536775649400833
-2.165206508135169	-0.18172592704072213	-0.07608904125763152
-2.140175219023779	-0.17120123054898215	-0.07316031468686464
-2.1151439299123904	-0.16251150708125173	-0.06709391738419883
-2.0901126408010025	-0.15669032160421426	-0.058990702426719395
-2.0650813516896127	-0.15398313900199517	-0.05036070022504336
-2.0400500625782225	-0.15379223524085675	-0.04238531450865492
-2.0150187734668323	-0.15525272836499948	-0.03556290073607123
-1.989987484355444	-0.1576881677215256	-0.02991962121792286
-1.9649561952440555	-0.1606857404869725	-0.025334743450671653
-1.939924906132667	-0.16397060571525926	-0.021685225435575307
-1.914893617021277	-0.16733304734740637	-0.01883253327442379
-1.8898623279098858	-0.17063484998677997	-0.016618927166417725
-1.8648310387984974	-0.1738065392072272	-0.014895877610985243
-1.839799749687109	-0.17682472807373953	-0.013542562255678018
-1.8147684605757206	-0.17969037728950907	-0.012467764360473092
-1.7897371714643304	-0.1824152095134289	-0.011604592794016027
-1.764705882352942	-0.18501464238552368	-0.010904255279976556
-1.7396745932415527	-0.1875044737504561	-0.010330946599569839
-1.7146433041301625	-0.18989947472573673	-0.009858101987907762
-1.6896120150187741	-0.19221289588585996	-0.00946575899782439
-1.664580725907384	-0.19445639014140684	-0.009138719351689318
-1.6395494367959955	-0.19664011275304485	-0.008865264741704328
-1.6145181476846062	-0.19877288541796267	-0.008636251745240459
-1.589486858573217	-0.20086237265598292	-0.008444466610008928
-1.5644555694618276	-0.20291524818305168	-0.008284159567163446
-1.5394242803504374	-0.2049373429627855	-0.008150704501141602
-1.514392991239049	-0.20693377311757932	-0.008040347194771109
-1.4893617021276597	-0.20890904872442584	-0.00795001692502695
-1.4643304130162704	-0.2108671656085422	-0.007877183913787668
-1.4392991239048811	-0.212811682510636	-0.00781975035539387
-1.4142678347934918	-0.21474578589901783	-0.007775966303008485
-1.3892365456821025	-0.2166723444491004	-0.0077443641527873905
-1.3642052565707132	-0.21859395492660433	-0.007723707179947556
-1.339173967459324	-0.22051298093496666	-0.0077129487914564645
-1.3141426783479346	-0.22243158574147198	-0.007711200023924011
-1.2891113892365453	-0.22435176018567154	-0.007717703438119328
-1.264080100125157	-0.22627534649691283	-0.007731812015082308
-1.2390488110137667	-0.22820405870149588	-0.00775297199220158
-1.2140175219023774	-0.23013950017991772	-0.007780708824930721
-1.1889862327909881	-0.23208317883637977	-0.007814615644824682
-1.1639549436795988	-0.2340365202625982	-0.007854343724124666
-1.1389236545682104	-0.2360008792124482	-0.007899594563203603
-1.1138923654568202	-0.23797754965054457	-0.007950113298443815
-1.0888610763454318	-0.23996777359410001	-0.008005683190830452
-1.0638297872340434	-0.2419727489315523	-0.008066121004315363
-1.0387984981226523	-0.24399363637195548	-0.008131273121247206
-1.013767209011264	-0.2460315656547988	-0.00820101227244356
-0.9887359198998737	-0.24808764112965737	-0.00827523478376752
-0.9637046307884853	-0.2501629467980659	-0.008353858260915304
-0.9386733416770969	-0.25225855089526855	-0.008436819650820998
-0.9136420525657085	-0.25437551007604764	-0.008524073632777967
-0.8886107634543183	-0.25651487325522687	-0.008615591306147877
-0.8635794743429273	-0.2586776851369362	-0.008711359155338855
-0.8385481852315388	-0.2608649894425817	-0.008811378286941783
-0.8135168961201504	-0.26307783180544425	-0.008915663946326534
-0.788485607008762	-0.26531726222034585	-0.00902424532019068
-0.7634543178973718	-0.26758433678495996	-0.009137165575910424
-0.7384230287859816	-0.26988011820635416	-0.009254481846001193
-0.7133917396745932	-0.2722056742508652	-0.009376264073033156
-0.6883604505632039	-0.27456207377336667	-0.009502589563122917
-0.6633291614518155	-0.27695038439720904	-0.00963352681694183
-0.6382978723404253	-0.2793716899406111	-0.009769105902567198
-0.6132665832290352	-0.28182715346034937	-0.009909308332188359
-0.5882352941176467	-0.2843180786761658	-0.010054147611125532
-0.5632040050062583	-0.2868458374311351	-0.010203779907269532
-0.5381727158948699	-0.28941173693064676	-0.010358460654905439
-0.5131414267834788	-0.2920170233349934	-0.010518425581215992
-0.48811013767208866	-0.29466295906934975	-0.0106838606185877
-0.46307884856070025	-0.29735086259544496	-0.010854929834602883
-0.43804755944931184	-0.30008211318116107	-0.011031799710211397
-0.41301627033792343	-0.3028581471196024	-0.01121464948701339
-0.38798498122653324	-0.3056804553933415	-0.01140367423542083
-0.36295369211514483	-0.3085505838477698	-0.011599085499103412
-0.33792240300375376	-0.31147013507270044	-0.011801111452199404
-0.31289111389236535	-0.31444077129104614	-0.012009997156610861
-0.28785982478097694	-0.31746421786205387	-0.012226005045704477
-0.26282853566958675	-0.32054226721095236	-0.012449415632728899
-0.23779724655819834	-0.3236767831059957	-0.012680528418981611
-0.21276595744680904	-0.3268697052588838	-0.012919662981305289
-0.18773466833541974	-0.33012305425249416	-0.01316716022791155
-0.16270337922403044	-0.3334389368148172	-0.013423383819982763
-0.13767209011264026	-0.33681955146699416	-0.01368872176316974
-0.11264080100125184	-0.34026719457961857	-0.013963588178332521
-0.08760951188986255	-0.3437842668767139	-0.014248425265219362
-0.06257822277847325	-0.34737328043184496	-0.014543705476661768
-0.03754693366708395	-0.351036866206025	-0.014849933924621701
-0.01251564455569465	-0.3547777821828352	-0.015167651043294546
0.01251564455569465	-0.35859892216255007	-0.01549743553863692
0.03754693366708395	-0.3625033252843085	-0.01583990765832085
0.06257822277847325	-0.3664941863536022	-0.016195732821361053
0.08760951188986255	-0.37057486706171155	-0.016565625652688386
0.11264080100125184	-0.37474890819451606	-0.01695035447491852
0.13767209011264114	-0.37902004294038544	-0.017350746317698718
0.16270337922403044	-0.38339221142100466	-0.017767692514540193
0.18773466833541974	-0.38786957658537224	-0.018202154968253142
0.21276595744680726	-0.39245654162592375	-0.01865517317933062
0.23779724655819834	-0.39715776909760875	-0.019127872147309953
0.26282853566958764	-0.4019782019459196	-0.01962147127378738
0.28785982478097694	-0.40692308667928867	-0.0201372944180168
0.31289111389236623	-0.4119979989554292	-0.020676781282673744
0.33792240300375376	-0.4172088718911804	-0.021241500339406028
0.36295369211514483	-0.4225620274522768	-0.021833163542445102
0.38798498122653235	-0.4280642113344306	-0.02245364312537231
0.41301627033792343	-0.4337226318119828	-0.02310499083307135
0.43804755944931273	-0.4395450031069506	-0.023789460010426065
0.46307884856070025	-0.44553959392210063	-0.0245095310545943
0.4881101376720913	-0.4517152818895718	-0.025267940842732213
0.5131414267834788	-0.45808161481523046	-0.02606771687705923
0.5381727158948699	-0.46464887975283703	-0.02691221705084313
0.5632040050062574	-0.4714281811267155	-0.02780517614099408
0.5882352941176467	-0.47843152934377936	-0.028750760386920794
0.6132665832290378	-0.48567194160395305	-0.029753631836167298
0.6382978723404253	-0.4931635569427048	-0.03081902454509115
0.6633291614518164	-0.5009217679336675	-0.03195283524408115
0.6883604505632039	-0.5089633719591212	-0.03316173174730154
0.7133917396745932	-0.5173067455419496	-0.03445328325516186
0.7384230287859808	-0.5259720459484902	-0.03583611782956905
0.7634543178973718	-0.5349814451486208	-0.037320113808371344
0.7884856070087629	-0.544359402293271	-0.038916633891870625
0.8135168961201504	-0.5541329821843602	-0.04063881325670857
0.8385481852315397	-0.5643322288176983	-0.04250191657862614
0.8635794743429273	-0.5749906050298303	-0.04452378362840561
0.8886107634543183	-0.586145511627836	-0.04672538965196808
0.9136420525657059	-0.5978389021626802	-0.04913155579242226
0.9386733416770969	-0.6101180127136056	-0.05177185743920255
0.9637046307884862	-0.623036229570225	-0.05468179619888566
0.9887359198998737	-0.6366541211987788	-0.05790432657400769
1.0137672090112648	-0.6510406635818599	-0.06149186504547016
1.0387984981226523	-0.666274688263154	-0.06550896264377737
1.0638297872340434	-0.6824465767961173	-0.07003590085726664
1.088861076345431	-0.6996602069115735	-0.07517358823774473
1.1138923654568202	-0.7180351108259087	-0.08105031224171533
1.1389236545682113	-0.7377087071371324	-0.08783117035377538
1.1639549436795988	-0.7588382590773314	-0.0957314167672963
1.18898623279099	-0.781601780200316	-0.10503559090863648
1.2140175219023774	-0.8061962206136272	-0.11612524416473172
1.2390488110137667	-0.8328294382636791	-0.12951945749594
1.264080100125156	-0.8616986835163575	-0.1459341319273291
1.2891113892365453	-0.8929405415797611	-0.16636764001850754
1.3141426783479364	-0.926521518173422	-0.1922191307096005
1.339173967459324	-0.9620084002649532	-0.22543206884057557
1.3642052565707132	-0.9981097894957734	-0.26860086468478006
1.3892365456821025	-1.0318491143072508	-0.32481370162108747
1.4142678347934918	-1.0574159736832383	-0.3966483375737267
1.4392991239048811	-1.0656909292129537	-0.4835011143081979
1.4643304130162704	-1.0470295653099844	-0.5780900174259288
1.4893617021276597	-0.9974878911879487	-0.66729033963297
1.514392991239049	-0.9202626031033229	-0.7387361514201554
1.5394242803504383	-0.8210328613870578	-0.7819742733399274
1.5644555694618276	-0.7104496813422205	-0.7853190816763513
1.589486858573217	-0.6093201545354079	-0.7424505271193907
1.6145181476846044	-0.5416376447146778	-0.6631836618982497
1.6395494367959955	-0.518670188135835	-0.5713045616397547
1.6645807259073848	-0.5339617222065787	-0.4885328148077741
1.6896120150187741	-0.5737550617233346	-0.42466342769609583
1.7146433041301634	-0.6267218119733018	-0.3803666475549186
1.739674593241551	-0.6862612249717497	-0.35291713409413505
1.764705882352942	-0.7492486985955907	-0.339413678421889
1.7897371714643295	-0.8144940347761659	-0.33786104840276165
1.8147684605757206	-0.8817065972375195	-0.3473745591302414
1.83979974968711	-0.9508395662456935	-0.36817009072452656
1.8648310387984974	-1.0215428880417645	-0.4015519867074333
1.8898623279098885	-1.092461686107184	-0.44985929816563724
1.914893617021276	-1.1601551665935237	-0.5160443084302556
1.939924906132667	-1.2177600184594228	-0.6020581845345645
1.9649561952440546	-1.2549729808835	-0.7049703065434199
1.989987484355444	-1.2633018437582857	-0.8123774340316879
2.015018773466835	-1.24705226466905	-0.905718291501993
2.0400500625782225	-1.225692224153283	-0.9765119096376655
2.065081351689613	-1.216698211517649	-1.0358286490223707
2.090112640801001	-1.2216685949596675	-1.1017599007619752
2.1151439299123904	-1.2306551506537469	-1.1872624968227237
2.1401752190237784	-1.2259452125487704	-1.2971597326244286
2.165206508135169	-1.1867824241729787	-1.419899443928879
2.1902377972465596	-1.108324828343095	-1.5261871829419287
2.2152690863579476	-1.0144974094121624	-1.5926866841403757
2.240300375469337	-0.9380443915544591	-1.625567162769515
2.265331664580725	-0.8930100149675446	-1.6516043553907864
2.2903629536921155	-0.8706695679162814	-1.6950976755312528
2.315394242803503	-0.8531220242334846	-1.765684579380225
2.340425531914894	-0.8254944574496584	-1.8634516064265199
2.3654568210262834	-0.7734047579719545	-1.9856555692011686
2.3904881101376714	-0.681441407851182	-2.1203034412340953
2.415519399249062	-0.546344751809975	-2.245608679045963
2.4405506883604495	-0.3801294968519022	-2.348713622419175
2.4655819774718406	-0.18819566780313654	-2.431799448069638
2.490613266583228	0.03884172433374118	-2.48749772029137
2.515644555694618	0.2967199578126496	-2.487934449830266
2.5406758448060085	0.5513202893401971	-2.4164142225879175
2.565707133917396	0.7691639476053326	-2.289981645340011
2.590738423028787	0.9432954027889316	-2.1362284503801185
2.6157697121401746	1.0806498928579782	-1.970289281157497
2.6408010012515644	1.1873475674393719	-1.7989355580570543
2.665832290362953	1.269755350802001	-1.6254606173235486
2.6908635794743425	1.331797304647221	-1.446516973805153
2.7158948685857336	1.3675159118022122	-1.258522333207735
2.740926157697121	1.3673019332146352	-1.0685398049111292
2.765957446808511	1.329827793318487	-0.8914639285788386
2.7909887359198997	1.2641757573143404	-0.739726548540648
2.816020025031289	1.1834603931430798	-0.6173730793561201
2.841051314142678	1.098245655344721	-0.5216566642101415
2.8660826032540676	1.0146673675424036	-0.44732202544695887
2.8911138923654573	0.9355221358627748	-0.3892898776231217
2.916145181476846	0.8617229974183482	-0.3435129714248211
2.9411764705882355	0.7932693482151048	-0.3069882617073611
2.9662077596996244	0.7297683609881338	-0.27753894413568114
2.991239048811014	0.6706899187150069	-0.2535915220501813
3.0162703379224016	0.6154845101661367	-0.2340021508240364
3.0413016270337927	0.5636353466081261	-0.21793188591783186
3.066332916145182	0.51468056189599	-0.2047571989692392
3.091364205256571	0.4682204847447101	-0.19400000391578912
3.1163954943679606	0.4239065804347959	-0.18526533030599804
3.141426783479348	0.3813952129656931	-0.17819973716197418
3.166458072590739	0.34029041912575714	-0.17252054114904894
3.1914893617021267	0.3001766165790406	-0.16809129600327458
3.2165206508135173	0.26071909223077333	-0.16489894447186437
3.241551939924907	0.22167417440669848	-0.16295573891489318
3.2665832290362946	0.1828285247642985	-0.1622617226860885
3.2916145181476857	0.14396072473801586	-0.1628214422915692
3.316645807259073	0.1048323412811646	-0.164663940343803
3.341677096370464	0.06518757978355008	-0.16785403319950562
3.366708385481852	0.02475224814432933	-0.17249972741395386
3.391739674593241	-0.01676933713004232	-0.17876038634132904
3.416770963704632	-0.05969889621518341	-0.18685829907325496
3.4418022528160197	-0.10438933405550767	-0.1970956826087461
3.4668335419274103	-0.15122940045060312	-0.20987953386920288
3.4918648310387983	-0.20064594775064779	-0.2257578037407397
3.5168961201501876	-0.25309991218240374	-0.24547201511638891
3.5419274092615756	-0.30906794522835646	-0.27003359360623946
3.566958698372966	-0.3689929057780365	-0.3008330572099752
3.591989987484357	-0.4331689007019172	-0.33978950223334325
3.617021276595745	-0.5014940071471959	-0.3895311677821465
3.642052565707134	-0.572976353386023	-0.4535333724889313
3.667083854818522	-0.6448691199617319	-0.5359561998505229
3.6921151439299127	-0.7115844635033364	-0.6405817282863254
3.7171464330413	-0.7645861162410219	-0.7682750334757943
3.7421777221526913	-0.7954187407547312	-0.9145878450937649
3.7672090112640806	-0.8000495626343294	-1.07197485139728
3.7922403003754686	-0.7777363453832565	-1.2341045194964881
3.817271589486859	-0.7292890058775714	-1.3945608961933424
3.8423028785982467	-0.6605585881039391	-1.5492790046919462
3.867334167709638	-0.5762970878149909	-1.7038773737381196
3.8923654568210253	-0.46851733779511706	-1.8667658708857109
3.917396745932415	-0.319718943951856	-2.0344452021714963
3.9424280350438057	-0.11720892911232328	-2.1882014502580773
3.967459324155193	0.13891244126146385	-2.302873219286583
3.9924906132665843	0.4348791495514935	-2.3531159373746875
4.017521902377972	0.7412627834510642	-2.3230697561135036
4.042553191489361	1.0250485030908771	-2.2180730657118986
4.06758448060075	1.2662168421599975	-2.057783088918501
4.09261576971214	1.4595504867555504	-1.8615616243056157
4.117647058823531	1.6050563675012017	-1.6398886349580069
4.142678347934918	1.6965074192248415	-1.4007627233902455
4.167709637046308	1.727345356544168	-1.162064182713922
4.192740926157697	1.704127368003115	-0.9465487973771985
4.217772215269086	1.6451704272837195	-0.7679768960559498
4.2428035043804755	1.569269030856152	-0.6274364240693504
4.267834793491865	1.4890946589126992	-0.5190127951655805
4.292866082603254	1.4112948558716893	-0.435381275878165
4.317897371714643	1.3387177696636803	-0.37024723179603247
4.342928660826033	1.2722337577366996	-0.3188266712152623
4.367959949937422	1.2117931228099736	-0.27763990721213283
4.392991239048811	1.1569644189170443	-0.24418324846935655
4.418022528160199	1.1071910170979309	-0.21664811541984058
4.44305381727159	1.0619071291227162	-0.19371424165170512
4.468085106382979	1.0205862535496983	-0.17440505786161573
4.4931163954943685	0.9827579120219168	-0.15798810311917816
4.518147684605758	0.9480099873297859	-0.1439064151396839
4.543178973717145	0.9159849432876542	-0.13173089364291157
4.568210262828536	0.8863738389415624	-0.1211268534633539
4.593241551939924	0.85890993731068	-0.1118302428166384
4.618272841051315	0.8333626885513882	-0.10363051290898388
4.643304130162704	0.8095323789632737	-0.09635811958197212
4.668335419274092	0.7872455090959903	-0.08987529109635613
4.693366708385483	0.7663508634243572	-0.08406912767676668
4.71839799749687	0.7467161949501109	-0.07884638614433587
4.7434292866082615	0.7282254386408608	-0.07412949747755634
4.768460575719649	0.7107763732289414	-0.06985349742771932
4.793491864831038	0.6942786607897252	-0.0659636377227487
4.818523153942429	0.6786521986823372	-0.06241350751956992
4.843554443053817	0.6638257276472146	-0.059163545426262204
4.868585732165208	0.6497356541918752	-0.056179854258166774
4.8936170212765955	0.6363250528059394	-0.05343324975640933
4.918648310387985	0.6235428177810974	-0.0508984911771422
4.943679599499372	0.6113429395149435	-0.048553654876545664
4.968710888610763	0.5996838848703375	-0.046379621306487984
4.9937421777221545	0.5885280648709598	-0.044359652548397153
5.018773466833542	0.5778413759480918	-0.042479042557390975
5.043804755944931	0.5675928033250364	-0.04072482613651542
5.068836045056319	0.5577540770607874	-0.03908553561392385
5.09386733416771	0.5482993728596159	-0.03755099647406996
5.118898623279097	0.5392050510547424	-0.03611215496180496
5.1439299123904885	0.5304494282445668	-0.03476093205808316
5.168961201501878	0.5220125769432613	-0.03349009930937767
5.193992490613265	0.5138761493381461	-0.03229317284804042
5.219023779724656	0.5060232218534516	-0.031164322618408326
5.244055068836044	0.49843815772581995	-0.03009829435944773
5.269086357947435	0.49110648521380734	-0.029090342312158745
5.2941176470588225	0.48401478937975634	-0.028136170938250195
5.319148936170212	0.47715061554983573	-0.027231884232464594
5.344180225281603	0.47050238266972144	-0.02637394173731618
5.36921151439299	0.4640593055337528	-0.02555912106238358
5.3942428035043815	0.4578113261505806	-0.024784485909143773
5.419274092615769	0.45174905309385877	-0.024047356987348074
5.444305381727158	0.4458637057980009	-0.023345285499335625
5.469336670838548	0.4401470632285156	-0.02267603069389634
5.494367959949937	0.4345914176100236	-0.022037541163507705
5.519399249061328	0.42918953280258404	-0.0214279389564013
5.5444305381727155	0.42393460657033455	-0.020845506219569692
5.569461827284105	0.41882023623043346	-0.020288674473055292
5.594493116395494	0.41384038739713075	-0.019756016796336474
5.619524405506883	0.40898936573720845	-0.019246243433352905
5.644555694618273	0.4042617919566351	-0.018758201683057415
5.669586983729662	0.3996525808088943	-0.018290881492002514
5.694618272841051	0.39515692605167235	-0.017843428962096567
5.719649561952441	0.39077029559469545	-0.017415171028935326
5.74468085106383	0.38648844585255515	-0.01700565553663305
5.769712140175219	0.3823074740965168	-0.016614710336634385
5.7947434292866085	0.3782239469393771	-0.016242517481057574
5.819774718397996	0.3742351771655903	-0.015889666974785888
5.844806007509387	0.37033976031780774	-0.015557051693281714
5.869837296620776	0.36653842654445035	-0.01524519583611742
5.894868585732166	0.3628346956058906	-0.014952173893676863
5.919899874843555	0.35923299413169535	-0.014669716128413977
5.9449311639549425	0.355730761489392	-0.014381704491124497
5.9699624530663336	0.35231043776266024	-0.014074532253940794
5.994993742177721	0.34894894796826353	-0.01375195474516965
6.020025031289112	0.34563580020746354	-0.013429821365571413
6.0450563204005014	0.34237338629132474	-0.013120185103623483
6.07008760951189	0.33916709348817003	-0.0128269869947153
6.09511889862328	0.33602025954193	-0.01254964902356049
6.120150187734667	0.33293386246605505	-0.0122862723115203
6.145181476846059	0.3299074126541669	-0.012034970528008148
6.170212765957445	0.3269396827834028	-0.011794210560248772
6.195244055068836	0.3240291241683599	-0.011562813359477838
6.2202753441802265	0.32117407678195137	-0.011339876991210198
6.245306633291613	0.3183728690967002	-0.011124701472153772
6.270337922403005	0.31562386333033643	-0.010916732520431651
6.295369211514392	0.3129254751589245	-0.010715523356920477
6.320400500625783	0.31027618194693407	-0.010520709399600793
6.3454317897371695	0.3076745254695519	-0.010331992235387003
6.37046307884856	0.30511911334677916	-0.010149131498606592
6.395494367959952	0.30260862360032736	-0.0099719431431155
6.420525657071338	0.30014181749359925	-0.009800301886934
6.445556946182729	0.29771756891808365	-0.009634142613231858
6.470588235294116	0.29533492250511334	-0.009473444022705235
6.495619524405506	0.292993184729712	-0.009318147452040116
6.520650813516895	0.2906919840604555	-0.009167917762237035
6.545682102628285	0.28843103026620137	-0.009021719169851986
6.570713391739676	0.28620922117407194	-0.008877715162315506
6.5957446808510625	0.2840238606513879	-0.00873448437179596
6.620775969962453	0.28187183308728525	-0.00859252939768834
6.645807259073841	0.27975146846808274	-0.00845353618364593
6.670838548185231	0.2776624206925674	-0.008318716964320644
6.695869837296622	0.27560461260000835	-0.008188455164092626
6.720901126408009	0.27357774734312884	-0.008062715659701403
6.745932415519399	0.27158129858938146	-0.007941382512797272
6.770963704630788	0.26961461606555265	-0.007824404074030183
6.795994993742178	0.2676770183823552	-0.007711838293748877
6.821026282853566	0.26576785907382544	-0.007603856271482534
6.8460575719649555	0.26388655523953625	-0.007500727845990807
6.871088861076346	0.26203255781004225	-0.007402856311853553
6.896120150187734	0.26020538156089607	-0.007310994940495091
6.921151439299124	0.25840501975977254	-0.007226524010118768
6.946182728410513	0.25663275675405045	-0.007151304620304948
6.971214017521902	0.2548920713332542	-0.007086820966192882
6.996245306633291	0.2531892606831955	-0.007032079141444248
7.0212765957446805	0.25153173146437796	-0.0069796826484879474
7.046307884856071	0.24992023806311495	-0.006913853606116609
7.071339173967459	0.24834009044832758	-0.0068202760868221945
7.0963704630788484	0.24676972854839332	-0.006701939972403553
7.121401752190238	0.2451998837756911	-0.006574870764553286
7.146433041301627	0.24363456499348532	-0.0064511833424526635
7.171464330413016	0.24208002983890586	-0.006334547634047497
7.196495619524406	0.2405398148723876	-0.006225139562417924
7.221526908635795	0.2390159130467685	-0.006122787188677213
7.246558197747184	0.23750985995845084	-0.006027003283828676
7.2715894868585735	0.2360226323851994	-0.005936898891814526
7.296620775969963	0.23455460325597657	-0.005851500900915866
7.321652065081352	0.23310572748167838	-0.005769976499204081
7.3466833541927405	0.23167573443199888	-0.0056916854305689765
7.371714643304131	0.23026424993403896	-0.0056161548499940135
7.39674593241552	0.2288708605724138	-0.005543038511462485
7.421777221526909	0.22749514460473189	-0.0054720814524075794
7.446808510638299	0.22613668572819262	-0.005403093908824138
7.471839799749687	0.2247950783721256	-0.00533593313403641
7.496871088861077	0.22346992878360042	-0.005270491199393478
7.521902377972466	0.2221608542955207	-0.0052066873734597716
7.546933667083856	0.22086748239800974	-0.005144463510707656
7.571964956195245	0.21958944964013705	-0.005083780833259639
7.5969962453066335	0.21832639968916895	-0.005024618115693348
7.622027534418024	0.2170779809984957	-0.004966971799711388
7.647058823529412	0.21584384462289713	-0.00491085786257098
7.672090112640802	0.21462364220516936	-0.004856315384176071
7.697121401752189	0.2134170241439604	-0.004803412248058706
7.72215269086358	0.2122236382071745	-0.004752253818890105
7.74718397997497	0.21104312926637603	-0.0047029959091134865
7.772215269086359	0.20987514160325205	-0.0046558640231792936
7.797246558197749	0.2087193268226873	-0.004611181795923022
7.8222778473091354	0.2075753636722236	-0.004569412565443121
7.8473091364205265	0.20644300272688726	-0.0045312182514383416
7.872340425531913	0.20532216191658	-0.00449753583473257
7.897371714643305	0.20421312134308076	-0.004469653394542424
7.922403003754695	0.203116890938007	-0.004449208142187438
7.947434292866082	0.2020357948067982	-0.004437883850680408
7.972465581977473	0.2009740425530949	-0.0044363819318113265
7.99749687108886	0.19993730629871576	-0.004442404345955707
8.022528160200253	0.19892966803889262	-0.0044489781852827415
8.047559449311638	0.19794891829827369	-0.004447342245548233
8.072590738423028	0.19698848280363007	-0.0044344952044302905
8.09762202753442	0.19604707181091696	-0.004411820986813574
8.122653316645806	0.195127094830783	-0.004373435594980778
8.147684605757199	0.19421998992855397	-0.004307660819809297
8.172715894868585	0.19330606116215868	-0.004215277348793959
8.197747183979974	0.1923742014132126	-0.004112853257451407
8.222778473091363	0.19142863601128668	-0.0040160239987198
8.247809762202753	0.1904788644747329	-0.00393098266945569
8.272841051314145	0.18953222597043728	-0.003857600990210361
8.297872340425531	0.18859279027964396	-0.0037936860731080263
8.32290362953692	0.1876624358873924	-0.003736997850930524
8.34793491864831	0.1867418962742552	-0.0036857836075661807
8.3729662077597	0.18583135762095243	-0.0036387729353843518
8.397997496871088	0.1849307526281412	-0.0035950730296453923
8.423028785982478	0.18403991253442806	-0.0035540746016190527
8.448060075093867	0.18315865707364493	-0.0035153782648430247
8.473091364205256	0.18228686272814812	-0.0034787310844153437
8.498122653316646	0.1814245293065282	-0.003443944018150175
8.523153942428035	0.18057181918976367	-0.0034107358129601972
8.548185231539424	0.17972892742634236	-0.0033784873058233943
8.573216520650814	0.17889559988301132	-0.0033461835001337243
8.598247809762203	0.17807072695581924	-0.0033130690846857576
8.623279098873592	0.17725299690220864	-0.003279437964119647
8.648310387984981	0.17644189290556608	-0.003246201358271854
8.67334167709637	0.1756376084396776	-0.003213977423346644
8.69837296620776	0.1748404459226834	-0.0031828815028117265
8.72340425531915	0.17405048616879318	-0.003152773186859899
8.748435544430539	0.17326758043441437	-0.003123547895842926
8.773466833541928	0.17249153339833662	-0.0030952538311089855
8.798498122653317	0.17172221808014526	-0.0030680075255522057
8.823529411764707	0.1709595431132656	-0.003041923162643909
8.848560700876096	0.17020340922360222	-0.003017131837969813
8.873591989987485	0.16945371073068557	-0.002993827747497785
8.898623279098874	0.1687103668873448	-0.0029723121497363452
8.92365456821026	0.1679733809221105	-0.0029530392205395664
8.948685857321653	0.16724295174681494	-0.0029366644145121194
8.973717146433042	0.1665196906689217	-0.002924065515485371
8.998748435544432	0.16580501482727317	-0.0029162203945134416
9.023779724655821	0.16510170753617368	-0.0029136219683786155
9.048811013767207	0.1644141163924074	-0.0029146701921613956
9.0738423028786	0.1637461535066806	-0.0029132102405873953
9.098873591989985	0.16309558995599577	-0.002899062999633233
9.123904881101378	0.1624510978393326	-0.0028664448325780908
9.148936170212767	0.16180119915214405	-0.0028209051347313657
9.173967459324153	0.16114344991003898	-0.002772649049044818
9.198998748435546	0.16048170462078393	-0.002727967275997492
9.224030037546932	0.15982035606533268	-0.002688554527210931
9.249061326658325	0.15916225651847357	-0.0026539692650073598
9.27409261576971	0.15850890100686688	-0.002623275552557808
9.2991239048811	0.15786100847862594	-0.0025956463132716886
9.324155193992492	0.15721895552063195	-0.0025704783862393094
9.349186483103878	0.15658304497359568	-0.002547315465014935
9.374217772215271	0.15595362798364343	-0.00252564827389575
9.399249061326657	0.15533095982244574	-0.002504650665860578
9.424280350438046	0.15471469941800445	-0.002483226058087668
9.449311639549435	0.15410369764597515	-0.0024607741889067464
9.474342928660825	0.15349685456990364	-0.0024377516071478296
9.499374217772218	0.15289390453858026	-0.0024150107464336883
9.524405506883603	0.1522951297446432	-0.0023930505290802365
9.549436795994993	0.1517008557424056	-0.0023719791478027867
9.574468085106382	0.15111128635754473	-0.0023517294206485038
9.599499374217771	0.15052653163634566	-0.0023321842986954683
9.62453066332916	0.14994665182018257	-0.0023131941670437466
9.64956195244055	0.14937163758393618	-0.002294555446283352
9.67459324155194	0.14880133691542424	-0.0022760621135322202
9.699624530663328	0.14823548833776534	-0.0022576525842526248
9.724655819774718	0.14767390120766777	-0.0022394301814300547
9.749687108886107	0.14711652473171338	-0.002221512860158193
9.774718397997496	0.1465633655282846	-0.0022039483801493697
9.799749687108886	0.14601442034736115	-0.0021867340513717546
9.824780976220275	0.14546966300865208	-0.00216985144910786
9.849812265331664	0.14492905156621802	-0.00215328395441427
9.874843554443054	0.14439253641595484	-0.0021370226234852727
9.899874843554443	0.1438600659113878	-0.0021210679528229325
9.924906132665832	0.14333159077229496	-0.002105431016578616
9.949937421777221	0.1428070694272688	-0.002090134868730984
9.97496871088861	0.14228647690316965	-0.0020752151338978998
10.0	0.1417698199853472	-0.0020607150939012777
