-10.0	-0.07984885741877536	-0.0007604074609410124
-9.97496871088861	-0.08003780174758016	-0.0007770833608278945
-9.949937421777221	-0.08023032940708125	-0.0007964108118065997
-9.924906132665832	-0.08042686739626348	-0.0008190847739914099
-9.899874843554443	-0.08062789696027817	-0.0008460367239635755
-9.874843554443054	-0.08083394445506642	-0.0008785298185467713
-9.849812265331664	-0.08104555032111561	-0.0009183020194386253
-9.824780976220275	-0.08126318841157466	-0.0009677788499116063
-9.799749687108886	-0.08148708218430391	-0.0010303855196475947
-9.774718397997496	-0.0817168070757892	-0.0011109912404746887
-9.749687108886107	-0.08195045231048374	-0.0012164887032287683
-9.724655819774718	-0.0821828992967861	-0.0013563625885544429
-9.699624530663328	-0.08240246017971672	-0.0015425792904997526
-9.67459324155194	-0.08258509550633648	-0.0017866383562235542
-9.64956195244055	-0.08268771440187801	-0.0020885471440675427
-9.62453066332916	-0.08265209347597391	-0.002411355938715039
-9.599499374217771	-0.08244701121728218	-0.0026554082357710166
-9.574468085106382	-0.0821431879185097	-0.0026987960150344466
-9.549436795994993	-0.08189951338408273	-0.0025202816030243237
-9.524405506883603	-0.08182134340037966	-0.002226131391906436
-9.499374217772216	-0.08189998730200235	-0.0019323520508429176
-9.474342928660825	-0.08207828473236943	-0.0016935749632462458
-9.449311639549435	-0.08230713178175202	-0.0015184499979483596
-9.424280350438046	-0.08255709745011865	-0.001398811308980542
-9.399249061326657	-0.08281248206659543	-0.001324607685052779
-9.37421777221527	-0.08306412740023418	-0.001288522229559595
-9.349186483103878	-0.08330407168287876	-0.0012860553382797795
-9.32415519399249	-0.08352168224147527	-0.0013128214855557404
-9.2991239048811	-0.0837025990295946	-0.0013582715159898007
-9.274092615769712	-0.0838363682332079	-0.0013977706757626466
-9.249061326658325	-0.08393503249404356	-0.001397428802046796
-9.224030037546934	-0.08403714783622648	-0.001343074600319503
-9.198998748435546	-0.08417525899709273	-0.0012557906972032657
-9.173967459324155	-0.08435258801263673	-0.0011659511000038502
-9.148936170212767	-0.08455590773190733	-0.0010898531205352066
-9.123904881101378	-0.0847722307476946	-0.0010305973143674868
-9.098873591989987	-0.08499362220357118	-0.0009858301296584006
-9.0738423028786	-0.0852161015526127	-0.0009522303182837423
-9.048811013767208	-0.08543788833586648	-0.0009269514098522181
-9.023779724655821	-0.08565830141721667	-0.0009078344160832506
-8.998748435544432	-0.08587718983782616	-0.0008933046371667158
-8.973717146433042	-0.0860946461965145	-0.0008822282704144564
-8.948685857321653	-0.08631086248926877	-0.0008737893048884019
-8.923654568210262	-0.08652605985407096	-0.00086739610683078
-8.898623279098874	-0.08674045629634108	-0.0008626146504575516
-8.873591989987485	-0.08695425331028006	-0.0008591221201775587
-8.848560700876096	-0.08716763157331713	-0.0008566749599239857
-8.823529411764707	-0.08738075079620039	-0.0008550868257467878
-8.798498122653317	-0.08759375132201437	-0.0008542132457588074
-8.773466833541928	-0.08780675632413412	-0.0008539408244249848
-8.748435544430539	-0.0880198740733174	-0.0008541795478124135
-8.72340425531915	-0.08823320004692287	-0.0008548572277115113
-8.69837296620776	-0.08844681879878982	-0.0008559154397233696
-8.67334167709637	-0.08866080557614384	-0.0008573065192199207
-8.648310387984981	-0.08887522769935056	-0.0008589913174702731
-8.623279098873592	-0.0890901457309717	-0.0008609375130539227
-8.598247809762203	-0.08930561446191329	-0.0008631183370655851
-8.573216520650814	-0.0895216837389004	-0.0008655116150530132
-8.548185231539424	-0.0897383991503959	-0.0008680990610428389
-8.523153942428035	-0.0899558025763986	-0.0008708657838965438
-8.498122653316646	-0.0901739325872494	-0.0008737999857721209
-8.473091364205256	-0.09039282463853485	-0.0008768928444500371
-8.448060075093867	-0.09061251093579721	-0.000880138561176241
-8.423028785982478	-0.09083301970802625	-0.0008835344719242295
-8.397997496871088	-0.09105437343251264	-0.0008870808092284025
-8.3729662077597	-0.09127658552567156	-0.0008907787994719729
-8.34793491864831	-0.09149965637301305	-0.0008946238987984531
-8.32290362953692	-0.09172357563173261	-0.0008985902060952946
-8.297872340425531	-0.09194834765331497	-0.0009026143531621909
-8.272841051314144	-0.0921740374161779	-0.0009066192502673795
-8.247809762202753	-0.09240076311779288	-0.000910588801718144
-8.222778473091363	-0.09262860965987584	-0.0009145843980208787
-8.197747183979974	-0.0928575925346532	-0.0009186710411475024
-8.172715894868585	-0.09308770297977027	-0.0009228743637912683
-8.147684605757197	-0.0933189441964886	-0.0009271978996308889
-8.122653316645806	-0.09355132981805186	-0.0009316452781004519
-8.097622027534417	-0.09378487434930777	-0.0009362223506847761
-8.072590738423028	-0.09401959287958946	-0.000940934091392593
-8.047559449311638	-0.09425550294562052	-0.0009457858351081464
-8.02252816020025	-0.09449262374435802	-0.0009507855449509718
-7.9974968710888605	-0.09473097386386636	-0.0009559441703409422
-7.972465581977473	-0.0949705696520562	-0.0009612731299677019
-7.947434292866082	-0.0952114282842947	-0.0009667788379857482
-7.922403003754694	-0.09545358178017589	-0.000972462213309562
-7.897371714643305	-0.0956970904890512	-0.000978341023881195
-7.872340425531914	-0.0959420234484816	-0.0009844808281313311
-7.8473091364205265	-0.09618842283581093	-0.0009909909743411325
-7.8222778473091354	-0.09643629730663128	-0.0009980058650132463
-7.797246558197748	-0.09668562473896918	-0.0010056905936553606
-7.772215269086359	-0.09693633151444102	-0.0010142609800268703
-7.7471839799749675	-0.09718824006294197	-0.0010239961687163168
-7.72215269086358	-0.09744097777888154	-0.0010352263384631392
-7.697121401752189	-0.09769382142038258	-0.0010482525525728715
-7.672090112640801	-0.09794548760940533	-0.0010630340048663218
-7.647058823529412	-0.09819424143014885	-0.0010784024395906625
-7.622027534418023	-0.09843920642395194	-0.0010912911925626684
-7.596996245306634	-0.09868260596465492	-0.0010980094194034823
-7.571964956195245	-0.09892930972183293	-0.001097925464800016
-7.546933667083856	-0.0991825761661896	-0.0010942849332357344
-7.5219023779724665	-0.09944217250733202	-0.0010906631178816248
-7.496871088861077	-0.09970634639917351	-0.001088748702882675
-7.471839799749688	-0.09997358558335691	-0.0010887857718961328
-7.446808510638299	-0.1002429989590455	-0.001090472660503008
-7.421777221526909	-0.100514147626854	-0.0010934262315849483
-7.39674593241552	-0.10078684415362037	-0.001097326900709853
-7.371714643304131	-0.10106102768747972	-0.0011019378920148729
-7.346683354192741	-0.10133669957377307	-0.0011070912709655121
-7.321652065081352	-0.10161389081662851	-0.001112672188174112
-7.296620775969963	-0.10189264307760676	-0.0011186049394797143
-7.2715894868585735	-0.10217299943390197	-0.0011248393636425174
-7.246558197747184	-0.10245500273044919	-0.0011313413575361855
-7.221526908635795	-0.10273869602035793	-0.0011380883454643895
-7.196495619524406	-0.10302412260923784	-0.001145067105106196
-7.171464330413016	-0.10331132578671752	-0.001152272441023383
-7.146433041301627	-0.10360034837528086	-0.0011597063529403516
-7.121401752190238	-0.10389123183510451	-0.0011673774199206198
-7.0963704630788484	-0.10418401458429584	-0.0011752995581475207
-7.071339173967459	-0.10447873009988	-0.0011834881584655832
-7.04630788485607	-0.1047754092315994	-0.0011919513034058154
-7.0212765957446805	-0.10507409709519391	-0.0012006818251343993
-6.996245306633291	-0.10537488170959405	-0.0012096756027425812
-6.971214017521902	-0.1056778881053886	-0.0012189810448921088
-6.946182728410513	-0.1059832253230425	-0.0012287125179534545
-6.921151439299123	-0.10629096477804525	-0.001239013162402393
-6.896120150187734	-0.1066011632490884	-0.0012500398972031207
-6.871088861076345	-0.1069138784214484	-0.0012619852642687401
-6.8460575719649555	-0.10722916109715433	-0.0012751117384803758
-6.821026282853566	-0.10754702582235519	-0.0012897916871963653
-6.795994993742177	-0.10786738897537876	-0.001306554344682396
-6.770963704630788	-0.10818994526227599	-0.0013261319294310479
-6.745932415519399	-0.10851392875085686	-0.0013494629823524744
-6.720901126408009	-0.10883769567777707	-0.001377507170460802
-6.69586983729662	-0.10915821147791248	-0.001410503722181169
-6.670838548185231	-0.10947120792436872	-0.0014461812776380284
-6.645807259073841	-0.10977399853592949	-0.0014777461837269625
-6.620775969962453	-0.11007100910773888	-0.0014963339576472535
-6.595744680851063	-0.1103735129781686	-0.0014999987820940577
-6.570713391739676	-0.11068920275700327	-0.0014966535283163153
-6.545682102628285	-0.11101651215363496	-0.0014953905606769511
-6.520650813516897	-0.11134900730253554	-0.0014997914938120434
-6.495619524405506	-0.11168083221475458	-0.001507471765795106
-6.470588235294117	-0.11201072078836696	-0.0015124358036331836
-6.445556946182729	-0.11234335371290834	-0.0015105475924563681
-6.420525657071338	-0.11268436852788419	-0.0015037620009057948
-6.395494367959951	-0.11303503357745014	-0.0014968950763706499
-6.37046307884856	-0.1133933302845346	-0.0014929640002316943
-6.34543178973717	-0.11375694406621081	-0.0014926500199323569
-6.320400500625783	-0.11412439169792721	-0.0014955442442775608
-6.295369211514392	-0.11449493652000872	-0.0015010043767692497
-6.270337922403004	-0.11486829383600096	-0.001508469220494062
-6.245306633291613	-0.11524442193967845	-0.0015175355615556854
-6.2202753441802265	-0.11562338833067479	-0.0015279620703175473
-6.195244055068836	-0.11600528487790418	-0.0015396379055434126
-6.170212765957448	-0.11639018916050548	-0.0015525488424198287
-6.145181476846059	-0.1167781382795805	-0.0015667669857769885
-6.120150187734667	-0.11716907852757538	-0.0015824506948536477
-6.09511889862328	-0.11756276926226586	-0.0015998193669195767
-6.070087609511891	-0.11795863575288142	-0.0016190290860645068
-6.0450563204005014	-0.11835566684055934	-0.0016398059241285376
-6.020025031289112	-0.11875276815640687	-0.0016607874920052403
-5.994993742177721	-0.11915012709037381	-0.0016793379073518123
-5.9699624530663336	-0.11955046082338792	-0.001693389920105155
-5.9449311639549425	-0.11995725659757062	-0.0017038262876893529
-5.919899874843555	-0.12037183564502547	-0.001713401059154321
-5.894868585732166	-0.12079347482955227	-0.0017241378139078213
-5.869837296620776	-0.12122104868306265	-0.0017367259102124986
-5.844806007509387	-0.12165381164062251	-0.001751139413723048
-5.819774718397998	-0.12209142683888034	-0.0017671524412795916
-5.7947434292866085	-0.12253381624353435	-0.0017845489782331474
-5.769712140175219	-0.12298104220809103	-0.0018031754819691605
-5.74468085106383	-0.12343324064531978	-0.00182294085976961
-5.719649561952441	-0.12389058741582153	-0.0018438050994623659
-5.694618272841051	-0.12435328202477217	-0.0018657689672598322
-5.669586983729662	-0.12482153918204186	-0.001888867298117365
-5.644555694618273	-0.12529558269764235	-0.0019131653045675095
-5.619524405506883	-0.1257756379531865	-0.0019387555795456523
-5.594493116395494	-0.12626192085816146	-0.0019657504583507042
-5.569461827284105	-0.1267546271753355	-0.001994259832717766
-5.5444305381727155	-0.12725394271483395	-0.0020243454006089283
-5.519399249061326	-0.1277601191188383	-0.002055972188571235
-5.494367959949937	-0.12827362812233944	-0.0020890663486969395
-5.469336670838549	-0.1287951961575551	-0.0021237746961160204
-5.444305381727158	-0.12932551717200255	-0.0021606318786093403
-5.419274092615769	-0.12986500027470976	-0.0022003661570622565
-5.3942428035043815	-0.13041380555732285	-0.0022436912855913014
-5.36921151439299	-0.13097188063354742	-0.002291271518901953
-5.344180225281603	-0.13153883585403953	-0.0023436184372334907
-5.319148936170212	-0.13211386200794653	-0.002400632346809058
-5.2941176470588225	-0.13269632952296206	-0.002460803793207249
-5.269086357947435	-0.1332876561914979	-0.0025212896555603234
-5.244055068836044	-0.13389248777836682	-0.002580629764226392
-5.219023779724656	-0.1345159161309616	-0.002641311123793318
-5.193992490613266	-0.13516023090517967	-0.002707792193214122
-5.168961201501876	-0.13582567142949722	-0.002783556219886653
-5.1439299123904885	-0.13651243907245159	-0.002870818486668869
-5.1188986232791	-0.13722150934563196	-0.00297144209753029
-5.09386733416771	-0.13795464081971154	-0.0030876498502226393
-5.06883604505632	-0.13871423361623902	-0.0032224318788315496
-5.043804755944931	-0.13950323690313093	-0.0033798629133889387
-5.018773466833542	-0.1403251027196414	-0.0035654816834381053
-4.993742177722154	-0.141183735101208	-0.0037868324234835793
-4.968710888610763	-0.14208335898057	-0.004054267015842861
-4.943679599499373	-0.1430281797667251	-0.004382138678813099
-4.918648310387985	-0.14402158236395865	-0.00479057011254709
-4.893617021276597	-0.1450643588587396	-0.005308025211421079
-4.868585732165207	-0.1461509224625596	-0.005974862571158287
-4.843554443053817	-0.14726143315290277	-0.006847588227199855
-4.818523153942427	-0.1483460344807448	-0.008001689988158435
-4.793491864831038	-0.1492958793133981	-0.009525247866729829
-4.768460575719651	-0.1499005382673413	-0.011482190475945125
-4.7434292866082615	-0.14982233166826356	-0.013808786715028073
-4.71839799749687	-0.14869089969368163	-0.01614307608392724
-4.69336670838548	-0.1464278309175985	-0.017763169999858133
-4.668335419274092	-0.1435983678145659	-0.017946923130201246
-4.643304130162704	-0.1412135293033505	-0.016614888378472623
-4.618272841051315	-0.13996812431437064	-0.014433030684513024
-4.593241551939924	-0.13986324773448774	-0.01218525078184727
-4.568210262828536	-0.14052844999490352	-0.01029426214026837
-4.543178973717147	-0.1416042824747361	-0.008848721414476833
-4.518147684605758	-0.14286390931954326	-0.007790075100222826
-4.4931163954943685	-0.14418970411631432	-0.007029590764423499
-4.468085106382977	-0.14552775467806678	-0.006490364919127273
-4.44305381727159	-0.14685640838764927	-0.00611514824200179
-4.418022528160201	-0.14816887367196763	-0.0058634874683683585
-4.392991239048811	-0.1494643705682735	-0.005706554536615761
-4.367959949937422	-0.15074463737311686	-0.005621779957598624
-4.342928660826031	-0.15201521774430224	-0.005589088322273237
-4.317897371714643	-0.153288764308645	-0.0055928787183825565
-4.292866082603254	-0.15458181012991712	-0.0056280432431790334
-4.267834793491865	-0.15590611912591185	-0.005698380787730775
-4.2428035043804755	-0.15726724007736803	-0.005808749511133348
-4.217772215269086	-0.15866902763994895	-0.005961939204022945
-4.192740926157699	-0.16011652177275165	-0.006159988196669979
-4.167709637046308	-0.1616164532242427	-0.006405801325375628
-4.142678347934918	-0.16317704120438506	-0.00670403708055431
-4.117647058823529	-0.16480783686978787	-0.007061637828640727
-4.09261576971214	-0.1665197165627524	-0.007488370000023018
-4.067584480600752	-0.16832495984011583	-0.007997580567200102
-4.042553191489361	-0.17023731750199017	-0.008607320645345386
-4.017521902377972	-0.17227193605588909	-0.00934200957026105
-3.9924906132665825	-0.17444489869334578	-0.010234878812194956
-3.967459324155193	-0.17677190221348407	-0.011331516123958676
-3.9424280350438052	-0.1792650872854164	-0.012694850347215037
-3.917396745932415	-0.1819260571039129	-0.014411611360388306
-3.8923654568210257	-0.18473145341214967	-0.016598842753788267
-3.867334167709638	-0.18760580154953746	-0.019404317402775446
-3.8423028785982494	-0.1903798938270701	-0.022983433904041038
-3.8172715894868587	-0.19275833036190146	-0.02742253444633531
-3.7922403003754686	-0.19437662937196054	-0.03261135136807806
-3.7672090112640793	-0.1950125214189983	-0.038202665596433504
-3.7421777221526913	-0.19478440905067868	-0.043837044890179554
-3.717146433041303	-0.19402338202199487	-0.049523505785532156
-3.6921151439299127	-0.19273682744611892	-0.05572811997647637
-3.6670838548185225	-0.1902113268766316	-0.06280446615237438
-3.6420525657071328	-0.1853702698473716	-0.0702810708973394
-3.617021276595745	-0.1776465327272338	-0.07672911183883076
-3.5919899874843564	-0.1677303419174721	-0.08045993320607031
-3.566958698372966	-0.1574217342562139	-0.08073299819275633
-3.541927409261576	-0.14833740391634156	-0.07832974521939036
-3.5168961201501876	-0.1407818788321021	-0.0745545937546692
-3.4918648310387996	-0.1342605259030333	-0.06993316711181147
-3.46683354192741	-0.12861499742309673	-0.06427219460483898
-3.4418022528160197	-0.12427156789246392	-0.057470255042242895
-3.4167709637046295	-0.12177731476341147	-0.04994905178444199
-3.391739674593241	-0.12127629383907086	-0.04251018834855903
-3.366708385481853	-0.12238441018993648	-0.03583658491189099
-3.341677096370464	-0.12452411838447837	-0.030201138397249715
-3.3166458072590737	-0.1272358111183312	-0.02557186280834728
-3.291614518147683	-0.13024051709990445	-0.02182124271344272
-3.2665832290362946	-0.13336109256636594	-0.01882860019569663
-3.2415519399249066	-0.1364666972245087	-0.01647473591945051
-3.2165206508135173	-0.13947271676089595	-0.014634572080432562
-3.191489361702127	-0.14233983157614827	-0.013192878250267244
-3.166458072590739	-0.14505962927866856	-0.012056053365727296
-3.14142678347935	-0.1476399291443026	-0.011153142634675973
-3.11639549436796	-0.15009542537676088	-0.010431852785407146
-3.091364205256571	-0.15244282816960777	-0.009853896912501117
-3.0663329161451807	-0.15469863687653937	-0.009391165276891766
-3.0413016270337927	-0.1568782540442192	-0.00902291406611376
-3.0162703379224034	-0.1589957352675356	-0.00873378927555839
-2.991239048811014	-0.1610638203184678	-0.008512462592771235
-2.966207759699625	-0.1630940701971648	-0.008350701459970127
-2.941176470588234	-0.16509701734940277	-0.00824274665387024
-2.916145181476846	-0.1670822651711368	-0.00818490440456204
-2.891113892365457	-0.16905846958070814	-0.008175260238120218
-2.8660826032540676	-0.17103312687315453	-0.008213352225303902
-2.8410513141426783	-0.17301218846327093	-0.008299441655176543
-2.816020025031289	-0.17500008650444634	-0.008432789845277889
-2.790988735919901	-0.17700211848689418	-0.008609186615600214
-2.7659574468085104	-0.17903061926418165	-0.008821872180478979
-2.740926157697121	-0.18110789055788332	-0.009070686774903169
-2.715894868585732	-0.18325685316088708	-0.009369191265078649
-2.6908635794743425	-0.18549218635669568	-0.009737916053633812
-2.6658322903629545	-0.187823748036173	-0.010196505666223774
-2.6408010012515644	-0.19026268708139824	-0.010764319961777638
-2.615769712140175	-0.19282366553426494	-0.011464517108038096
-2.5907384230287853	-0.19552467665030485	-0.012327924888138801
-2.565707133917396	-0.19838610159416736	-0.013396874473964327
-2.540675844806008	-0.20142904828709557	-0.014730041172003182
-2.515644555694618	-0.20467195987601755	-0.01640922730338873
-2.4906132665832286	-0.20812333532381058	-0.018548779295973924
-2.4655819774718406	-0.21176642418362474	-0.02130741422239775
-2.440550688360452	-0.2155287095745606	-0.024898759578553295
-2.4155193992490616	-0.21922735828616452	-0.02958680729896467
-2.3904881101376714	-0.2224941298393378	-0.03563282493791875
-2.365456821026282	-0.2247349833649696	-0.043155341385280876
-2.340425531914894	-0.22523400310255726	-0.0519600308707645
-2.3153942428035057	-0.22335087691546013	-0.06152881516694154
-2.2903629536921155	-0.21855998770058327	-0.07106599453275134
-2.2653316645807253	-0.21062879031802645	-0.07932160826180175
-2.2403003754693356	-0.20020508915876767	-0.08485183746257959
-2.2152690863579476	-0.188718267480276	-0.08695605325660766
-2.190237797246559	-0.17737956260186513	-0.08584099480917248
-2.165206508135169	-0.1668947265727449	-0.0818138633355519
-2.140175219023779	-0.1580749517457276	-0.07508323205600607
-2.1151439299123904	-0.15190836750304743	-0.06636618796935238
-2.0901126408010025	-0.14883494732269584	-0.057004447642281235
-2.0650813516896127	-0.14840814843233063	-0.04823855181303485
-2.0400500625782225	-0.14977214384633195	-0.04067467236098005
-2.0150187734668323	-0.15217668145094745	-0.03438119527920156
-1.989987484355444	-0.15515895182292722	-0.029189301831175397
-1.9649561952440555	-0.15848011384479935	-0.02493440051287295
-1.939924906132667	-0.1619696589712747	-0.021510354972314814
-1.914893617021277	-0.16547297681691034	-0.01880585965185861
-1.8898623279098858	-0.16888069598520178	-0.016686353215689047
-1.8648310387984974	-0.1721384259487055	-0.015020682721002593
-1.839799749687109	-0.1752305571596103	-0.013700301445208502
-1.8147684605757206	-0.1781620402216642	-0.01264236266751343
-1.7897371714643304	-0.1809466743413862	-0.011785581856837384
-1.764705882352942	-0.18360100065105478	-0.011084897348111813
-1.7396745932415527	-0.18614146856894911	-0.010506983440913463
-1.7146433041301625	-0.18858326751008894	-0.010026924599743518
-1.6896120150187741	-0.1909399506827914	-0.00962585574061393
-1.664580725907384	-0.1932234153986106	-0.009289307553566162
-1.6395494367959955	-0.1954440306526534	-0.009006043521598556
-1.6145181476846062	-0.1976108140453324	-0.008767235388308904
-1.589486858573217	-0.19973161384644322	-0.008565871849716192
-1.5644555694618276	-0.20181327767595764	-0.008396329205786698
-1.5394242803504374	-0.2038618013702931	-0.008254055696336395
-1.514392991239049	-0.2058824571287003	-0.008135336594002372
-1.4893617021276597	-0.20787990239132403	-0.008037117369407185
-1.4643304130162704	-0.20985827174558894	-0.007956869120968203
-1.4392991239048811	-0.21182125430210877	-0.007892485123080948
-1.4142678347934918	-0.21377215882189524	-0.00784220054024171
-1.3892365456821025	-0.21571396860513586	-0.007804529568250363
-1.3642052565707132	-0.21764938785829666	-0.007778215815584905
-1.339173967459324	-0.2195808809805276	-0.007762192838497115
-1.3141426783479346	-0.22151070596737563	-0.007755552532287361
-1.2891113892365453	-0.22344094292291994	-0.007757519652785541
-1.264080100125157	-0.22537351849873483	-0.007767431160398374
-1.2390488110137667	-0.2273102269355289	-0.007784719388293713
-1.2140175219023774	-0.22925274826649175	-0.007808898267061228
-1.1889862327909881	-0.23120266414604387	-0.007839552012088389
-1.1639549436795988	-0.23316147169006318	-0.007876325812263153
-1.1389236545682104	-0.23513059565064923	-0.00791891816049778
-1.1138923654568202	-0.2371113991973887	-0.007967074546012557
-1.0888610763454318	-0.2391051935358501	-0.008020582291298246
-1.0638297872340434	-0.2411132465608937	-0.008079266367739191
-1.0387984981226523	-0.2431367907160217	-0.008142986066601302
-1.013767209011264	-0.24517703020929535	-0.008211632439464791
-0.9887359198998737	-0.24723514772049876	-0.008285126456905476
-0.9637046307884853	-0.24931231072242704	-0.008363417869011253
-0.9386733416770969	-0.25140967753084165	-0.008446484789218892
-0.9136420525657085	-0.2535284031918779	-0.00853433406778592
-0.8886107634543183	-0.2556696453114189	-0.0086270025781671
-0.8635794743429273	-0.2578345699260796	-0.008724559616100053
-0.8385481852315388	-0.2600243575062741	-0.008827110718446182
-0.8135168961201504	-0.26224020916089436	-0.008934803363780735
-0.788485607008762	-0.2644833530661367	-0.009047835245773819
-0.7634543178973718	-0.26675505103949454	-0.009166466154896377
-0.7384230287859816	-0.2690566049674509	-0.009291035028797117
-0.7133917396745932	-0.27138936235863714	-0.009421984537723615
-0.6883604505632039	-0.2737547194029114	-0.009559896811029483
-0.6633291614518155	-0.2761541180978491	-0.009705545798087883
-0.6382978723404253	-0.2785890302737216	-0.00985997453563023
-0.6132665832290352	-0.2810609136472765	-0.010024609336031613
-0.5882352941176467	-0.2835711090743381	-0.01020142672660457
-0.5632040050062583	-0.2861206152858041	-0.010393188294705261
-0.5381727158948699	-0.2887096117204869	-0.010603736582265988
-0.5131414267834788	-0.29133648119773614	-0.010838247496767263
-0.48811013767208866	-0.2939959308502365	-0.01110300741627998
-0.46307884856070025	-0.2966759103081132	-0.011403392556457144
-0.43804755944931184	-0.29935469220724076	-0.011737112369664283
-0.41301627033792343	-0.30200556344434293	-0.012080336378889745
-0.38798498122653324	-0.30462287121467424	-0.012378562416694033
-0.36295369211514483	-0.30725604485382596	-0.01257772681235556
-0.33792240300375376	-0.30998577541097305	-0.012683646304341266
-0.31289111389236535	-0.3128533733507017	-0.012755538726169297
-0.28785982478097694	-0.31584827541141225	-0.01284540751548124
-0.26282853566958675	-0.3189443049712229	-0.012974416754225632
-0.23779724655819834	-0.3221222273361364	-0.013144581530807371
-0.21276595744680904	-0.32537256623414007	-0.013351833191972718
-0.18773466833541974	-0.3286924404412398	-0.013591943066131944
-0.16270337922403044	-0.3320826754014913	-0.01386224146392167
-0.13767209011264026	-0.3355461215182009	-0.014161844051331177
-0.11264080100125184	-0.3390868165115707	-0.014491545261054553
-0.08760951188986255	-0.34270960613881146	-0.014853759799679202
-0.06257822277847325	-0.34641998798267243	-0.015252624494647865
-0.03754693366708395	-0.3502240441848766	-0.015694307477033945
-0.01251564455569465	-0.354128369719176	-0.016187578713376134
0.01251564455569465	-0.3581398936164553	-0.016744732772786475
0.03754693366708395	-0.3622654250303029	-0.017383011136867715
0.06257822277847325	-0.366510597737079	-0.018126741895330555
0.08760951188986255	-0.3708775477241806	-0.019010471253190376
0.11264080100125184	-0.37535995926205895	-0.020083283718652957
0.13767209011264114	-0.37993274496400886	-0.02141387449869202
0.16270337922403044	-0.38453129932123364	-0.02309343774217708
0.18773466833541974	-0.38901305926933555	-0.02522557031188086
0.21276595744680726	-0.3931005329189377	-0.0278728460431229
0.23779724655819834	-0.39635180677425397	-0.030903341839317408
0.26282853566958764	-0.39833368952903564	-0.03373675360679422
0.28785982478097694	-0.39918270085375135	-0.03534010703980203
0.31289111389236623	-0.399992916335374	-0.035026986718657886
0.33792240300375376	-0.401998549386472	-0.033268140006183784
0.36295369211514483	-0.40554083324521495	-0.03111875988434026
0.38798498122653235	-0.4102514129867962	-0.02927954341456877
0.41301627033792343	-0.41566506115101876	-0.02795860484528405
0.43804755944931273	-0.42147038295193734	-0.027119551138797594
0.46307884856070025	-0.4275034758246607	-0.026662634553102808
0.4881101376720913	-0.43368993905769326	-0.02649433858163607
0.5131414267834788	-0.4400019035936724	-0.02654326785636669
0.5381727158948699	-0.44643414201570475	-0.026758701750021065
0.5632040050062574	-0.4529920551787608	-0.027105597217944994
0.5882352941176467	-0.45968588673031036	-0.027560030103073414
0.6132665832290378	-0.4665280152099565	-0.028105814452008205
0.6382978723404253	-0.47353173618861527	-0.028732164233640355
0.6633291614518164	-0.48071076104510685	-0.029432116500195747
0.6883604505632039	-0.4880790589730904	-0.030201476157423576
0.7133917396745932	-0.4956508621302777	-0.031038110657034115
0.7384230287859808	-0.5034407473114638	-0.03194147914443615
0.7634543178973718	-0.5114637530285534	-0.03291232024210167
0.7884856070087629	-0.5197355132164404	-0.03395244908846909
0.8135168961201504	-0.5282723998343107	-0.03506463155261615
0.8385481852315397	-0.537091672143282	-0.036252514854510684
0.8635794743429273	-0.5462116332283917	-0.037520601292921625
0.8886107634543183	-0.5556517957940839	-0.03887425682475274
0.9136420525657059	-0.5654330601021873	-0.040319749756918065
0.9386733416770969	-0.5755779075029069	-0.04186431739210454
0.9637046307884862	-0.5861106135237362	-0.04351626050180243
0.9887359198998737	-0.5970574850367605	-0.045285067253516095
1.0137672090112648	-0.6084471266887175	-0.047181569895660656
1.0387984981226523	-0.6203107426008452	-0.04921813927170494
1.0638297872340434	-0.6326824803726981	-0.05140892425594332
1.088861076345431	-0.6455998257032429	-0.05377014565307871
1.1138923654568202	-0.6591040575280785	-0.05632045719662947
1.1389236545682113	-0.6732407755253196	-0.05908139029569827
1.1639549436795988	-0.6880605142349455	-0.06207790449540107
1.18898623279099	-0.7036194609404908	-0.06533907276454369
1.2140175219023774	-0.7199802979443126	-0.06889894046368181
1.2390488110137667	-0.737213193962837	-0.0727976102771179
1.264080100125156	-0.7553969740282238	-0.07708262412863524
1.2891113892365453	-0.7746205022776151	-0.08181073954312908
1.3141426783479364	-0.7949843167300289	-0.08705023567404567
1.339173967459324	-0.8166025582173787	-0.09288393877696863
1.3642052565707132	-0.8396052341513701	-0.09941323670217851
1.3892365456821025	-0.86414084586118	-0.106763470069877
1.4142678347934918	-0.8903793739390733	-0.11509126457016818
1.4392991239048811	-0.9185155355435756	-0.12459463618923282
1.4643304130162704	-0.948772052951161	-0.13552710871999632
1.4893617021276597	-0.9814023064589881	-0.14821770627573747
1.514392991239049	-1.0166909874194303	-0.16309963184699997
1.5394242803504383	-1.0549498052685589	-0.18075185274302677
1.5644555694618276	-1.0965020736632871	-0.20195978107078397
1.589486858573217	-1.1416433131108585	-0.22780352830198533
1.6145181476846044	-1.1905512360993022	-0.259783245331932
1.6395494367959955	-1.2430909167716058	-0.29998463793995683
1.6645807259073848	-1.2984104107934444	-0.3512535139029768
1.6896120150187741	-1.3541524029010985	-0.41722839037699394
1.7146433041301634	-1.4051170798423895	-0.501750638295316
1.739674593241551	-1.4417452759784843	-0.6065656986180188
1.764705882352942	-1.4507589948962656	-0.7262473455181766
1.7897371714643295	-1.42257208162701	-0.8431915411612791
1.8147684605757206	-1.3643317340548022	-0.9328108887533053
1.83979974968711	-1.3025295684726965	-0.9826105683408173
1.8648310387984974	-1.264020142821398	-1.005264621515065
1.8898623279098885	-1.2552289555453084	-1.0261167128951292
1.914893617021276	-1.2661077800957548	-1.0613914131862179
1.939924906132667	-1.2869618439414827	-1.117268269365212
1.9649561952440546	-1.3080938955147592	-1.2008679654686023
1.989987484355444	-1.3101319076724949	-1.3155747160168034
2.015018773466835	-1.269519705728764	-1.4465945872778343
2.0400500625782225	-1.1802111295894826	-1.5593025727021186
2.065081351689613	-1.0685567816347359	-1.6243369213200287
2.090112640801001	-0.9731685958102463	-1.6444339941946091
2.1151439299123904	-0.9148775270561362	-1.6467566672704614
2.1401752190237784	-0.8905275775757558	-1.6602871924772102
2.165206508135169	-0.8823183494518156	-1.7013524916903449
2.1902377972465596	-0.872437419988403	-1.7715914239406805
2.2152690863579476	-0.8494740798080795	-1.8682972552367159
2.240300375469337	-0.8007590055406452	-1.988846723180982
2.265331664580725	-0.7113648369641773	-2.121039598206131
2.2903629536921155	-0.578880454938479	-2.2424501319432357
2.315394242803503	-0.41726657761850744	-2.339996195577464
2.340425531914894	-0.23448870432938249	-2.4181688928580245
2.3654568210262834	-0.0200938013610227	-2.4748258712023614
2.3904881101376714	0.2284862150366229	-2.483737008242205
2.415519399249062	0.4816957355538504	-2.421887146734978
2.4405506883604495	0.7021246085875492	-2.300316625129328
2.4655819774718406	0.8775808761484843	-2.147773221649576
2.490613266583228	1.014550202377488	-1.9824153653335104
2.515644555694618	1.1199744780290422	-1.8114029437405708
2.5406758448060085	1.1995049630372048	-1.6384078068707866
2.565707133917396	1.2575821597851147	-1.4619380558034143
2.590738423028787	1.2906050076476179	-1.2783457464604382
2.6157697121401746	1.2895253609742037	-1.0925610187113701
2.6408010012515644	1.2515898663574672	-0.9183346382351572
2.665832290362953	1.1844585595502874	-0.7685460175427251
2.6908635794743425	1.1007396721515934	-0.6483132223961826
2.7158948685857336	1.0111529834555029	-0.5557474134272595
2.740926157697121	0.9221247335273005	-0.4861355006534387
2.765957446808511	0.8366760924992308	-0.434864947529848
2.7909887359198997	0.7559280953399243	-0.3984897583209673
2.816020025031289	0.6802308729288259	-0.3748799167341565
2.841051314142678	0.6099581340501736	-0.36309099121077415
2.8660826032540676	0.5462455172262574	-0.3631101652664513
2.8911138923654573	0.49189771181962205	-0.37523626280046296
2.916145181476846	0.4522737858319541	-0.3983901998436987
2.9411764705882355	0.4345438130105018	-0.42663913863627845
2.9662077596996244	0.4419347993425738	-0.4461740434656426
2.991239048811014	0.4645546765944051	-0.44100077679020444
3.0162703379224016	0.48165402065206475	-0.40805287421631237
3.0413016270337927	0.4789781145327388	-0.3604656872942411
3.066332916145182	0.45679933592836564	-0.3133067765865242
3.091364205256571	0.42223066949435945	-0.2740066809865916
3.1163954943679606	0.3816796774217785	-0.24375230721596539
3.141426783479348	0.338960764537596	-0.22125666972204477
3.166458072590739	0.2959227610560899	-0.20482915392110426
3.1914893617021267	0.2533050327247901	-0.19305370506169825
3.2165206508135173	0.21128837630325342	-0.18489397817827807
3.241551939924907	0.1697866182503749	-0.17963548426222314
3.2665832290362946	0.12858903116382164	-0.1768064338595287
3.2916145181476857	0.08742639855616004	-0.17611429637624926
3.316645807259073	0.045999521104340614	-0.17740259672906064
3.341677096370464	0.003989408865666473	-0.1806247301477211
3.366708385481852	-0.03894148425537918	-0.18583112853066186
3.391739674593241	-0.08315236049927374	-0.193167427758071
3.416770963704632	-0.12902898490026246	-0.20288286824653198
3.4418022528160197	-0.1769884880007816	-0.21534976860478003
3.4668335419274103	-0.2274816315137741	-0.2310966635006985
3.4918648310387983	-0.28098814324537696	-0.25085976777225316
3.5168961201501876	-0.33799623575380977	-0.2756598006165497
3.5419274092615756	-0.3989479799511392	-0.3069129905294133
3.566958698372966	-0.4641132640919597	-0.346582397328786
3.591989987484357	-0.5333204585535933	-0.39735542655114753
3.617021276595745	-0.6054245132760617	-0.4627585006045862
3.642052565707134	-0.6773997582950871	-0.5469142323015087
3.667083854818522	-0.743292748625694	-0.6532963615954881
3.6921151439299127	-0.7944415085728884	-0.7820197662085165
3.7171464330413	-0.8230510116517268	-0.9278156944990039
3.7421777221526913	-0.8262415021207213	-1.0832081755382328
3.7672090112640806	-0.8036796082900332	-1.2426417040604698
3.7922403003754686	-0.7559537519192957	-1.399870800354281
3.817271589486859	-0.6893617839900216	-1.5504138128473268
3.8423028785982467	-0.6100135558392239	-1.7001536425527204
3.867334167709638	-0.5111581756008616	-1.8591674950006325
3.8923654568210253	-0.3751415250912538	-2.026646681952371
3.917396745932415	-0.18734605114128383	-2.186054958766166
3.9424280350438057	0.05469558527812329	-2.3135530010954453
3.967459324155193	0.3415760614883989	-2.3841747432208096
3.9924906132665843	0.6483878416375196	-2.3779084817995364
4.017521902377972	0.9412836123475647	-2.293961515271021
4.042553191489361	1.196108868793582	-2.149561808010941
4.06758448060075	1.4043731496703977	-1.9654822875689517
4.09261576971214	1.5672078205239977	-1.7550523428958116
4.117647058823531	1.6822685499934467	-1.523632045686422
4.142678347934918	1.7405457255018093	-1.282469576069901
4.167709637046308	1.7404874225215967	-1.0533122590764563
4.192740926157697	1.695322817871523	-0.8556612775101577
4.217772215269086	1.624678290266472	-0.6966189871476227
4.2428035043804755	1.5444612443526358	-0.5729820826002244
4.267834793491865	1.4640296749688777	-0.4776951910698657
4.292866082603254	1.387826310066005	-0.4038390656734346
4.317897371714643	1.317518666294061	-0.34589716837856277
4.342928660826033	1.2534144668375298	-0.2997890137187477
4.367959949937422	1.1952219064030156	-0.2625682106327508
4.392991239048811	1.142422184028072	-0.23211031619901565
4.418022528160199	1.0944407283452895	-0.20686974044962173
4.44305381727159	1.0507201965401294	-0.18570915879067235
4.468085106382979	1.0107514982785004	-0.1677844579204349
4.4931163954943685	0.9740872353338432	-0.1524620988756927
4.518147684605758	0.9403413682576732	-0.1392575050755091
4.543178973717145	0.9091811942172443	-0.1277933649781169
4.568210262828536	0.8803191958995825	-0.11777241285639686
4.593241551939924	0.8535065472650426	-0.10895835253343156
4.618272841051315	0.8285277201308406	-0.10116174336189908
4.643304130162704	0.805195872945737	-0.09422936318049291
4.668335419274092	0.7833489377890823	-0.08803599804390444
4.693366708385483	0.7628461362296075	-0.08247773743889386
4.71839799749687	0.7435640766355844	-0.07746635562760462
4.7434292866082615	0.7253917576489929	-0.07292608511487508
4.768460575719649	0.7082272509435039	-0.06879453639274181
4.793491864831038	0.6919797927302048	-0.06502342311644396
4.818523153942429	0.676572077304658	-0.06157394869491237
4.843554443053817	0.661937724466161	-0.05841189410668891
4.868585732165208	0.6480177695270256	-0.05550632962764184
4.8936170212765955	0.634758901414504	-0.05282981397078758
4.918648310387985	0.6221127924829034	-0.050358393434114586
4.943679599499372	0.6100357314478463	-0.04807127961114529
4.968710888610763	0.5984883313124739	-0.045950373061528556
4.9937421777221545	0.5874352613470762	-0.043979640360816356
5.018773466833542	0.5768447817036672	-0.04214424695465736
5.043804755944931	0.5666875210921074	-0.04042974091526004
5.068836045056319	0.5569346139406253	-0.03882265722349264
5.09386733416771	0.5475577137979396	-0.037312870328416604
5.118898623279097	0.5385316939317668	-0.03589398848000012
5.1439299123904885	0.5298357034259956	-0.03456077490070384
5.168961201501878	0.5214516427220284	-0.03330753927314146
5.193992490613265	0.5133628258113642	-0.03212831057313529
5.219023779724656	0.5055535172765858	-0.03101733351404628
5.244055068836044	0.4980088560944839	-0.029969455418949863
5.269086357947435	0.4907151562349548	-0.028980385193328215
5.2941176470588225	0.4836604740687765	-0.028046384491150537
5.319148936170212	0.47683477233203564	-0.027163235880643906
5.344180225281603	0.47022894093225637	-0.026324891118525748
5.36921151439299	0.46383205311987064	-0.025523354316064513
5.3942428035043815	0.45762932942913614	-0.02475231810823769
5.419274092615769	0.45160572585671327	-0.024011122726359222
5.444305381727158	0.4457508876935356	-0.02330227409985496
5.469336670838548	0.4400584411637998	-0.02262692329139035
5.494367959949937	0.4345230513186029	-0.021984066816663136
5.519399249061328	0.42913914053040536	-0.02137167863256374
5.5444305381727155	0.4239008611251399	-0.020787566767835046
5.569461827284105	0.41880233675328865	-0.02022970070314757
5.594493116395494	0.4138378415050753	-0.019696279633577785
5.619524405506883	0.4090018940938092	-0.019185715996229757
5.644555694618273	0.4042893022920617	-0.018696597827702367
5.669586983729662	0.39969518321209613	-0.0182276400584071
5.694618272841051	0.3952149568358311	-0.017777613670258183
5.719649561952441	0.39084426734740746	-0.017345264763725384
5.74468085106383	0.38657881184254744	-0.016929339869962853
5.769712140175219	0.3824142849603556	-0.01652881678537924
5.7947434292866085	0.3783466317817354	-0.016143034472487723
5.819774718397996	0.37437223554075616	-0.015771475168658376
5.844806007509387	0.37048780208936377	-0.015413560271521454
5.869837296620776	0.36669020782685735	-0.015068650560972157
5.894868585732166	0.3629764476294435	-0.014736107572192928
5.919899874843555	0.35934363467281416	-0.014415329923789775
5.9449311639549425	0.35578900946509373	-0.014105765476781116
5.9699624530663336	0.35230994878656335	-0.013806912727196018
5.994993742177721	0.34890397796717904	-0.01351831545489414
6.020025031289112	0.34556879057508755	-0.013239542654852249
6.0450563204005014	0.34230226547276804	-0.012970131087262951
6.07008760951189	0.33910242195214524	-0.012709472564382701
6.09511889862328	0.33596720557033644	-0.012456743058851302
6.120150187734667	0.33289421874037345	-0.012211153550247851
6.145181476846059	0.32988091558571075	-0.011972412909568833
6.170212765957445	0.3269251510977472	-0.01174066113925072
6.195244055068836	0.3240252626596658	-0.011515991479686549
6.2202753441802265	0.3211797793486804	-0.011298271635327258
6.245306633291613	0.3183872447836582	-0.011087237030063028
6.270337922403005	0.3156461935211669	-0.010882591734223516
6.295369211514392	0.31295517320429594	-0.010684053591501198
6.320400500625783	0.3103127647080352	-0.010491367186755895
6.3454317897371695	0.307717593718306	-0.010304305818569497
6.37046307884856	0.3051683373469962	-0.0101226714796626
6.395494367959952	0.3026637302086455	-0.009946295530904594
6.420525657071338	0.30020257446074694	-0.009775039477564142
6.445556946182729	0.2977837589527137	-0.009608790892609291
6.470588235294116	0.2954062901732954	-0.009447439599648501
6.495619524405506	0.29306931675015885	-0.009290803712398621
6.520650813516895	0.29077206371389186	-0.009138492813488094
6.545682102628285	0.288513559340067	-0.008989862908861043
6.570713391739676	0.28629238440314947	-0.008844387776094777
6.5957446808510625	0.2841070578034214	-0.00870213926252553
6.620775969962453	0.281956683320057	-0.008563497765797217
6.645807259073841	0.27984087834612864	-0.008428450236321432
6.670838548185231	0.2777591313151112	-0.00829634276268152
6.695869837296622	0.27571020418523584	-0.008166363925143751
6.720901126408009	0.2736923849378181	-0.008038413170834185
6.745932415519399	0.27170442962317853	-0.007913103879452927
6.770963704630788	0.26974578277965383	-0.00779098845584094
6.795994993742178	0.2678161226036512	-0.00767222890992033
6.821026282853566	0.26591506530143555	-0.007556742298291213
6.8460575719649555	0.2640421340825168	-0.007444369636011731
6.871088861076346	0.2621968113085219	-0.007334940462896034
6.896120150187734	0.26037857479159515	-0.007228261942812229
6.921151439299124	0.2585868700413934	-0.007124084686729529
6.946182728410513	0.25682102522118566	-0.007022144700640324
6.971214017521902	0.2550802675016913	-0.0069223173824456375
6.996245306633291	0.25336391265773306	-0.006824656795554593
7.0212765957446805	0.251671459429633	-0.006729229778331969
7.046307884856071	0.2500024950311411	-0.006635989463956977
7.071339173967459	0.2483565667374143	-0.006544782518509009
7.0963704630788484	0.2467331147425237	-0.006455454614358351
7.121401752190238	0.24513154179720384	-0.006367962211577104
7.146433041301627	0.24355133391663517	-0.006282341434057491
7.171464330413016	0.2419920636468284	-0.006198609293322281
7.196495619524406	0.24045332991499807	-0.006116738008590863
7.221526908635795	0.23893472811981545	-0.006036677303416091
7.246558197747184	0.23743584874079082	-0.005958373661058435
7.2715894868585735	0.23595628281237163	-0.005881778085793527
7.296620775969963	0.2344956261243031	-0.005806847759135605
7.321652065081352	0.23305348104251034	-0.005733545406696948
7.3466833541927405	0.23162945583658492	-0.005661838348032525
7.371714643304131	0.2302231621507378	-0.005591699700925119
7.39674593241552	0.22883421452700348	-0.005523112640210108
7.421777221526909	0.22746223374917357	-0.005456072520854029
7.446808510638299	0.22610684784440632	-0.00539058497073054
7.471839799749687	0.22476768892068222	-0.005326665901222982
7.496871088861077	0.2234443899979739	-0.005264345272942347
7.521902377972466	0.22213658319755306	-0.005203672821883299
7.546933667083856	0.22084389864259835	-0.005144725450447616
7.571964956195245	0.21956596391778488	-0.005087617375938894
7.5969962453066335	0.21830240478443388	-0.005032514742860159
7.622027534418024	0.21705284885586176	-0.004979657083852925
7.647058823529412	0.21581693575284458	-0.0049293890622338354
7.672090112640802	0.2145943409883351	-0.0048822072738758234
7.697121401752189	0.21338482857479082	-0.004838827758937605
7.72215269086358	0.21218836312101005	-0.004800277220986662
7.74718397997497	0.21100534251864775	-0.004767994387426984
7.772215269086359	0.20983706112337064	-0.004743865923985081
7.797246558197749	0.20868654545892248	-0.004729933476671509
7.8222778473091354	0.20755969410681122	-0.004727072763947931
7.8473091364205265	0.20646546045390615	-0.004731516766048124
7.872340425531913	0.20541113219166313	-0.00473001583598123
7.897371714643305	0.20439055809765505	-0.004702277148440333
7.922403003754695	0.2033803662221817	-0.004638857073508186
7.947434292866082	0.2023595299816613	-0.004552279353723836
7.972465581977473	0.2013247908633214	-0.0044617526459793016
7.99749687108886	0.20028329288484756	-0.004378671295270781
8.022528160200253	0.19924313930055046	-0.004307082082264508
8.047559449311638	0.1982111472817124	-0.004247254808422756
8.072590738423028	0.1971929816306077	-0.0041969009088795245
8.09762202753442	0.19619247980078072	-0.004150915178886009
8.122653316645806	0.19520904155127133	-0.004102242680715419
8.147684605757199	0.19423654996332895	-0.004046724272628407
8.172715894868585	0.19326870278876465	-0.003986762091855917
8.197747183979974	0.19230411267906689	-0.003927425040340538
8.222778473091363	0.19134475266577786	-0.0038717212093010256
8.247809762202753	0.19039283117286168	-0.003820248484431817
8.272841051314145	0.18944969636090503	-0.003772521714955379
8.297872340425531	0.1885159498867306	-0.0037278402864217687
8.32290362953692	0.18759175801223985	-0.0036855967859465103
8.34793491864831	0.18667706843260104	-0.0036453341513279164
8.3729662077597	0.18577172785218962	-0.003606726803313081
8.397997496871088	0.18487553991672218	-0.00356954956103248
8.423028785982478	0.18398829234239292	-0.0035336519034978105
8.448060075093867	0.18310976908271437	-0.003498940327037624
8.473091364205256	0.18223975562193695	-0.0034653678330228534
8.498122653316646	0.18137804165590884	-0.0034329291546094987
8.523153942428035	0.18052442379167266	-0.00340166054565108
8.548185231539424	0.17967871019815676	-0.0033716428287786696
8.573216520650814	0.1788407277799359	-0.003343005939833644
8.598247809762203	0.17801032907137265	-0.003315935963655681
8.623279098873592	0.17718740055169002	-0.003290699199463468
8.648310387984981	0.17637191414612916	-0.003267698233863331
8.67334167709637	0.17556409012198781	-0.0032474933408827107
8.69837296620776	0.17476463783731058	-0.0032306393452960396
8.72340425531915	0.1739748889086836	-0.0032171989671703144
8.748435544430539	0.17319631830452228	-0.003205939108823984
8.773466833541928	0.1724288171786361	-0.0031942462786175223
8.798498122653317	0.17166936401160565	-0.003180705959126177
8.823529411764707	0.17091485179396246	-0.0031681089457464067
8.848560700876096	0.1701664877259983	-0.003161619116849468
8.873591989987485	0.16943041054210078	-0.003164348472810944
8.898623279098874	0.16871568450661073	-0.003173778745157874
8.92365456821026	0.16802932800827403	-0.0031785952265411216
8.948685857321653	0.16736646792601204	-0.003161540140400849
8.973717146433042	0.16670758023389137	-0.0031147342309253137
8.998748435544432	0.16603521710218042	-0.0030489394677282065
9.023779724655821	0.16534721369078814	-0.0029805483721450886
9.048811013767207	0.16465050500616227	-0.0029187426577360373
9.0738423028786	0.16395214661973845	-0.0028655499272042715
9.098873591989985	0.1632565494571466	-0.002819905317447482
9.123904881101378	0.1625659584792365	-0.002780104202356016
9.148936170212767	0.16188136859826446	-0.0027446529106193674
9.173967459324153	0.16120314194837573	-0.002712426608877502
9.198998748435546	0.1605313408513746	-0.0026826202683007663
9.224030037546932	0.15986589335376633	-0.002654665404936079
9.249061326658325	0.1592066726252381	-0.0026281593562619203
9.27409261576971	0.15855353412066678	-0.002602813871484393
9.2991239048811	0.15790633239173996	-0.0025784196861322836
9.324155193992492	0.15726492817807913	-0.002554822520807237
9.349186483103878	0.15662919091077832	-0.002531906835183581
9.374217772215271	0.15599899910800366	-0.002509584758306225
9.399249061326657	0.15537423985936996	-0.00248778846897767
9.424280350438046	0.15475480797185087	-0.002466464890283043
9.449311639549435	0.15414060504528598	-0.002445571952576361
9.474342928660825	0.15353153859719543	-0.0024250759327459816
9.499374217772218	0.15292752128551113	-0.002404949540406608
9.524405506883603	0.15232847024307275	-0.002385170523030725
9.549436795994993	0.1517343065091834	-0.0023657206209458026
9.574468085106382	0.1511449544866444	-0.0023465847591240155
9.599499374217771	0.15056034130639484	-0.0023277505266365668
9.62453066332916	0.1499803962418895	-0.0023092082135823455
9.64956195244055	0.14940505075876734	-0.002290951257701388
9.67459324155194	0.14883423912519447	-0.002272976322147241
9.699624530663328	0.14826789888914702	-0.0022552831687015604
9.724655819774718	0.14770597170622773	-0.002237874971849139
9.749687108886107	0.14714840565279472	-0.0022207585523042143
9.774718397997496	0.14659515982530813	-0.002203942653674344
9.799749687108886	0.14604621046769078	-0.002187430057827945
9.824780976220275	0.14550155055908048	-0.0021711973466466837
9.849812265331664	0.14496115964601905	-0.0021551690474420856
9.874843554443054	0.14442493603282316	-0.0021392387670793873
9.899874843554443	0.14389268458997223	-0.0021233761870662273
9.924906132665832	0.14336423510834448	-0.0021076822778413108
9.949937421777221	0.14283952405079536	-0.0020922977734363028
9.97496871088861	0.1423185491676835	-0.002077325827305135
10.0	0.14180131566852036	-0.002062842638578909
