-10.0	-0.07936485361883251	-0.0009775356264500545
-9.97496871088861	-0.07952320698236098	-0.0009192326386105105
-9.949937421777221	-0.07969902091765324	-0.0008746878260783329
-9.924906132665832	-0.07988358495451002	-0.0008433083335794098
-9.899874843554443	-0.08007223959553934	-0.0008225955018924465
-9.874843554443054	-0.08026283504586643	-0.0008101962163011346
-9.849812265331664	-0.08045453773633926	-0.0008044166073614497
-9.824780976220275	-0.08064715300888575	-0.0008042340989769485
-9.799749687108886	-0.08084077007883102	-0.0008092143826381666
-9.774718397997496	-0.0810355622145801	-0.0008194590929727643
-9.749687108886107	-0.08123163253521151	-0.0008356158791584549
-9.724655819774718	-0.08142881934689332	-0.0008589537972212879
-9.699624530663328	-0.08162635895750968	-0.0008914876868690679
-9.67459324155194	-0.08182223500827616	-0.0009360773288538947
-9.64956195244055	-0.08201192858242433	-0.0009961900565185016
-9.62453066332916	-0.08218642639478252	-0.0010743335321802315
-9.599499374217771	-0.08233078663232968	-0.0011671934314881702
-9.574468085106382	-0.08242876510727053	-0.0012568015631464343
-9.549436795994993	-0.08248102216845354	-0.0013078482797198436
-9.524405506883603	-0.0825221879686037	-0.0012921011289220065
-9.499374217772216	-0.0825977635215222	-0.0012207472945626396
-9.474342928660825	-0.08272436710814297	-0.001130535667478994
-9.449311639549435	-0.0828908154408182	-0.0010486458591616068
-9.424280350438046	-0.08308021127820679	-0.0009842097573412947
-9.399249061326657	-0.08328063195256843	-0.00093657106776861
-9.37421777221527	-0.08348557552377166	-0.0009022670618579912
-9.349186483103878	-0.08369193686035561	-0.0008778838714866744
-9.32415519399249	-0.0838983916861469	-0.0008607696292360599
-9.2991239048811	-0.0841044756006148	-0.0008490223067028783
-9.274092615769712	-0.08431011576698692	-0.0008413099512087285
-9.249061326658325	-0.08451541407332046	-0.0008366900852343351
-9.224030037546934	-0.08472057636442194	-0.0008344821068185419
-9.198998748435546	-0.08492589916847389	-0.0008342332485688831
-9.173967459324155	-0.0851317035456656	-0.0008357356560164809
-9.148936170212767	-0.08533824045397684	-0.0008389760660906997
-9.123904881101378	-0.08554567655037165	-0.0008440569178193357
-9.098873591989987	-0.08575411547622903	-0.0008511867861406052
-9.0738423028786	-0.08596357108021457	-0.0008607205834637773
-9.048811013767208	-0.08617386501135858	-0.000873200602988183
-9.023779724655821	-0.0863844181870169	-0.0008893476730757607
-8.998748435544432	-0.08659389812441573	-0.0009098685759347311
-8.973717146433042	-0.08679983283196445	-0.000934757842674627
-8.948685857321653	-0.08699893890820484	-0.0009617394181629922
-8.923654568210262	-0.08718982211644513	-0.000984860570446571
-8.898623279098874	-0.0873773584007993	-0.0009973253084699398
-8.873591989987485	-0.08757123764541216	-0.0009988430782141109
-8.848560700876096	-0.08777741947002031	-0.000996522986507369
-8.823529411764707	-0.08799514688550747	-0.0009977554295738033
-8.798498122653317	-0.08822096128560596	-0.0010064442560405184
-8.773466833541928	-0.08845179829800154	-0.0010240911873345918
-8.748435544430539	-0.08868557348162753	-0.0010515345681217318
-8.72340425531915	-0.08892072567308631	-0.0010901653037495359
-8.69837296620776	-0.08915488363757315	-0.0011427111413812416
-8.67334167709637	-0.0893826355131101	-0.0012126706911478912
-8.648310387984981	-0.08959345874225351	-0.001301392167674755
-8.623279098873592	-0.08977209692733792	-0.001401763558610387
-8.598247809762203	-0.08990786686200136	-0.0014906651543895944
-8.573216520650814	-0.09001461427559655	-0.001536034033980519
-8.548185231539424	-0.09013258662688003	-0.0015287163502114695
-8.523153942428035	-0.09029221255899514	-0.0014965959651517535
-8.498122653316646	-0.09049072451746948	-0.0014756807843248011
-8.473091364205256	-0.09070519447416338	-0.001485864364255686
-8.448060075093867	-0.09090764867596209	-0.0015287716151916584
-8.423028785982478	-0.09107244982583382	-0.001587356016066319
-8.397997496871088	-0.09119100959425464	-0.0016249454630405406
-8.3729662077597	-0.09129057626405986	-0.0016058770875857099
-8.34793491864831	-0.09141823808370586	-0.00153181901810607
-8.32290362953692	-0.0915973858241551	-0.0014373585062973948
-8.297872340425531	-0.09182011270010328	-0.0013530391628267138
-8.272841051314144	-0.09206907481342987	-0.0012911568340959704
-8.247809762202753	-0.09233087446526643	-0.0012529222151292077
-8.222778473091363	-0.09259739393103807	-0.001236406527960814
-8.197747183979974	-0.09286328037036469	-0.0012400977496129179
-8.172715894868585	-0.09312315056176679	-0.0012635611080007005
-8.147684605757197	-0.09336906674074125	-0.0013060200832763608
-8.122653316645806	-0.09358935119196482	-0.001362070977206007
-8.097622027534417	-0.09377319817374924	-0.0014149554491381872
-8.072590738423028	-0.09392535669057087	-0.001437047201045205
-8.047559449311638	-0.09407502372858563	-0.001411238117344707
-8.02252816020025	-0.0942533787473526	-0.0013505469835417478
-7.9974968710888605	-0.09446805792048403	-0.001281782279693012
-7.972465581977473	-0.09470919555487341	-0.0012220291668556056
-7.947434292866082	-0.09496497264700104	-0.0011759770954599548
-7.922403003754694	-0.0952275937578746	-0.001142368903195754
-7.897371714643305	-0.09549296901020571	-0.0011184902626345712
-7.872340425531914	-0.0957592244994269	-0.0011018519335465422
-7.8473091364205265	-0.09602562511146165	-0.0010905564600636707
-7.8222778473091354	-0.09629198066902037	-0.001083248290873344
-7.797246558197748	-0.09655834866173252	-0.0010789829261219396
-7.772215269086359	-0.09682489160205568	-0.0010771108841458022
-7.7471839799749675	-0.09709181038601275	-0.0010771936472615399
-7.72215269086358	-0.09735931394818957	-0.001078948007074465
-7.697121401752189	-0.09762760546560677	-0.0010822121962562395
-7.672090112640801	-0.09789687475463779	-0.0010869286932634215
-7.647058823529412	-0.09816729020086191	-0.0010931408259514184
-7.622027534418023	-0.0984389833115312	-0.001101002138215755
-7.596996245306634	-0.09871201482266052	-0.0011107968081613588
-7.571964956195245	-0.09898630546936557	-0.0011229625287936858
-7.546933667083856	-0.09926151100775951	-0.0011380933955668765
-7.5219023779724665	-0.09953681843681149	-0.001156878426937552
-7.496871088861077	-0.0998106258292255	-0.0011798708248989935
-7.471839799749688	-0.10008016030694891	-0.0012067378656620683
-7.446808510638299	-0.1003419345810627	-0.0012344944787626919
-7.421777221526909	-0.10059506612239383	-0.001256168104167907
-7.39674593241552	-0.10084583395526163	-0.0012647596463908686
-7.371714643304131	-0.10110468534993743	-0.0012610962172198991
-7.346683354192741	-0.10137695398706426	-0.0012531110713973493
-7.321652065081352	-0.10166113597785563	-0.0012479194281892231
-7.296620775969963	-0.1019536258315982	-0.001248713904406301
-7.2715894868585735	-0.10225166538912384	-0.001256351604664225
-7.246558197747184	-0.10255365090920593	-0.0012711677712433954
-7.221526908635795	-0.10285857026838906	-0.0012938857225483474
-7.196495619524406	-0.10316531864560641	-0.001326001107958101
-7.171464330413016	-0.10347186181236878	-0.0013699232474423376
-7.146433041301627	-0.10377396632107029	-0.0014287321616919574
-7.121401752190238	-0.1040633314341079	-0.0015047497691775093
-7.0963704630788484	-0.1043261503194769	-0.0015951754566625065
-7.071339173967459	-0.10454696098346308	-0.0016839080673282938
-7.04630788485607	-0.10472510817503204	-0.0017382660266591972
-7.0212765957446805	-0.10489169228335027	-0.0017305297067970622
-6.996245306633291	-0.10508995648074662	-0.001669278679540117
-6.971214017521902	-0.10533713596746654	-0.0015886925336318597
-6.946182728410513	-0.10562349918044135	-0.0015151108899754079
-6.921151439299123	-0.10593310221709776	-0.0014577623989686856
-6.896120150187734	-0.10625447706324027	-0.0014162716603284664
-6.871088861076345	-0.1065813149642326	-0.0013874097757747778
-6.8460575719649555	-0.10691058523200793	-0.0013679207866178083
-6.821026282853566	-0.1072409868404765	-0.001355248464233784
-6.795994993742177	-0.10757206012431841	-0.001347542240998227
-6.770963704630788	-0.10790373410596298	-0.0013434970388350534
-6.745932415519399	-0.10823610662783772	-0.001342195313352559
-6.720901126408009	-0.10856934073262313	-0.001342986724564858
-6.69586983729662	-0.10890361820830775	-0.0013454043980157407
-6.670838548185231	-0.10923911967698748	-0.0013491102396568791
-6.645807259073841	-0.10957601405441518	-0.0013538589610370792
-6.620775969962453	-0.10991445304444285	-0.001359470514636341
-6.595744680851063	-0.11025457174875819	-0.0013658093207104748
-6.570713391739676	-0.11059649195703687	-0.0013727710538094739
-6.545682102628285	-0.11094032530706491	-0.001380274408813199
-6.520650813516897	-0.11128617593764954	-0.0013882562017738223
-6.495619524405506	-0.11163414143332406	-0.0013966687042641444
-6.470588235294117	-0.11198431227430815	-0.0014054764525917311
-6.445556946182729	-0.11233677250388828	-0.0014146523301968663
-6.420525657071338	-0.11269160156445018	-0.0014241750843788411
-6.395494367959951	-0.11304887565682457	-0.001434028151440764
-6.37046307884856	-0.11340866849922454	-0.0014441986530144097
-6.34543178973717	-0.11377105223846351	-0.0014546761924459823
-6.320400500625783	-0.11413609919011741	-0.0014654521833793717
-6.295369211514392	-0.11450388335836253	-0.0014765211178947427
-6.270337922403004	-0.1148744791732629	-0.0014878822985406057
-6.245306633291613	-0.11524795927555324	-0.001499538490352345
-6.2202753441802265	-0.11562439506033664	-0.0015114933984676842
-6.195244055068836	-0.11600385846963472	-0.0015237510238914186
-6.170212765957448	-0.11638642296751223	-0.0015363161102957977
-6.145181476846059	-0.1167721638415192	-0.0015491945129661156
-6.120150187734667	-0.11716115834401895	-0.0015623933238337352
-6.09511889862328	-0.11755348585784224	-0.001575920882927457
-6.070087609511891	-0.11794922810573043	-0.0015897867650991172
-6.0450563204005014	-0.11834846939016283	-0.0016040017759252928
-6.020025031289112	-0.11875129685230257	-0.0016185779664104414
-5.994993742177721	-0.11915780074388305	-0.0016335286684093357
-5.9699624530663336	-0.11956807470808051	-0.001648868550886922
-5.9449311639549425	-0.11998221606423154	-0.0016646136963027827
-5.919899874843555	-0.1204003260863424	-0.001680781692758249
-5.894868585732166	-0.12082251025720357	-0.0016973917236602191
-5.869837296620776	-0.12124887847951056	-0.0017144645958814247
-5.844806007509387	-0.1216795452885814	-0.0017320225624855416
-5.819774718397998	-0.12211463038872904	-0.0017500887642981154
-5.7947434292866085	-0.12255426028249122	-0.0017686866795600183
-5.769712140175219	-0.12299857085952907	-0.001787841424375925
-5.74468085106383	-0.12344770758827878	-0.0018075833822849589
-5.719649561952441	-0.1239018221874306	-0.0018279492246684368
-5.694618272841051	-0.12436107157418602	-0.0018489789292607777
-5.669586983729662	-0.12482562038282215	-0.001870714098554235
-5.644555694618273	-0.12529564330992557	-0.0018931986982818022
-5.619524405506883	-0.12577132631972981	-0.0019164801590111943
-5.594493116395494	-0.12625286761700008	-0.0019406100617869705
-5.569461827284105	-0.12674047900956112	-0.001965644796491963
-5.5444305381727155	-0.1272343873422729	-0.0019916468175954953
-5.519399249061326	-0.12773483518452278	-0.002018685994565734
-5.494367959949937	-0.1282420815114308	-0.0020468399895730003
-5.469336670838549	-0.12875640352496548	-0.002076194457842712
-5.444305381727158	-0.1292780990211895	-0.0021068440199484466
-5.419274092615769	-0.12980748867826525	-0.0021388936847087313
-5.3942428035043815	-0.1303449183787677	-0.002172460301340857
-5.36921151439299	-0.13089076192050542	-0.0022076738734958332
-5.344180225281603	-0.13144542476057966	-0.0022446788487261527
-5.319148936170212	-0.1320093493805185	-0.002283636568336213
-5.2941176470588225	-0.13258302055497592	-0.002324730563690162
-5.269086357947435	-0.13316696763013336	-0.0023681722384032034
-5.244055068836044	-0.1337617671174363	-0.002414203059529243
-5.219023779724656	-0.13436804979745126	-0.0024630966676750903
-5.193992490613266	-0.13498650998750705	-0.0025151643891439517
-5.168961201501876	-0.13561791492481046	-0.0025707630639495303
-5.1439299123904885	-0.13626311486020068	-0.002630304203873941
-5.1188986232791	-0.13692305473804892	-0.0026942647743892277
-5.09386733416771	-0.13759878798610783	-0.0027632002893412874
-5.06883604505632	-0.13829149283307532	-0.002837760992462138
-5.043804755944931	-0.13900249163465034	-0.002918712030819702
-5.018773466833542	-0.1397332738422526	-0.0030069587572067913
-4.993742177722154	-0.1404855235240446	-0.0031035787119049235
-4.968710888610763	-0.14126115263912642	-0.003209862721391719
-4.943679599499373	-0.14206234081771243	-0.0033273688572877757
-4.918648310387985	-0.1428915814492348	-0.0034579930328882402
-4.893617021276597	-0.14375173580852216	-0.0036040598755118546
-4.868585732165207	-0.14464609900300293	-0.003768442285078751
-4.843554443053817	-0.14557847880222904	-0.003954723193212509
-4.818523153942427	-0.14655328668845763	-0.004167416112123377
-4.793491864831038	-0.14757564003861331	-0.004412268121959971
-4.768460575719651	-0.14865147095619402	-0.0046966812016642785
-4.7434292866082615	-0.14978762897719053	-0.005030305886095452
-4.71839799749687	-0.15099194784262235	-0.00542588845137092
-4.69336670838548	-0.15227321162692942	-0.005900493948585558
-4.668335419274092	-0.15364088369947662	-0.006477287586546308
-4.643304130162704	-0.15510431391937213	-0.007188137589120996
-4.618272841051315	-0.15667083487082137	-0.008077384588822439
-4.593241551939924	-0.15834154239729614	-0.009207109910147894
-4.568210262828536	-0.16010238187072054	-0.010663784503416242
-4.543178973717147	-0.16190628037769603	-0.012564261388835696
-4.518147684605758	-0.16364066518275036	-0.01505326114406157
-4.4931163954943685	-0.16508061569103752	-0.018272210927350374
-4.468085106382977	-0.16585774863738964	-0.022271516661667958
-4.44305381727159	-0.1655194891839018	-0.026886973717911752
-4.418022528160201	-0.16368397378686958	-0.03170717364753389
-4.392991239048811	-0.16011402582796197	-0.03614043712818519
-4.367959949937422	-0.15478738012126314	-0.03934474249938333
-4.342928660826031	-0.14829224436153166	-0.0403181605382871
-4.317897371714643	-0.14193416330939623	-0.03859734279784742
-4.292866082603254	-0.13701672733148568	-0.03468532810026107
-4.267834793491865	-0.13420104613142397	-0.029666004813730298
-4.2428035043804755	-0.1334119233871261	-0.024630904210787844
-4.217772215269086	-0.13410156012771746	-0.020274864704905412
-4.192740926157699	-0.13564667964198535	-0.01682124188931474
-4.167709637046308	-0.1375870378773735	-0.014201313294454397
-4.142678347934918	-0.13965595317175472	-0.01224675353938123
-4.117647058823529	-0.14172262481528464	-0.010791769870441812
-4.09261576971214	-0.14373263065571912	-0.009704876746514565
-4.067584480600752	-0.14566973830043484	-0.00888990497412022
-4.042553191489361	-0.14753539192944345	-0.008278562404784312
-4.017521902377972	-0.1493385595546636	-0.007822720499611522
-3.9924906132665825	-0.15109094184814986	-0.0074884295889302436
-3.967459324155193	-0.1528048201310431	-0.00725169024880593
-3.9424280350438052	-0.15449217587598152	-0.007095570190895455
-3.917396745932415	-0.15616441480463727	-0.0070082669010902154
-3.8923654568210257	-0.15783237409640133	-0.006981818416717204
-3.867334167709638	-0.15950645924255102	-0.0070112602946297
-3.8423028785982494	-0.16119683880435012	-0.007094098132512075
-3.8172715894868587	-0.16291366516738406	-0.007230015065599058
-3.7922403003754686	-0.1646673086023311	-0.0074207691738935036
-3.7672090112640793	-0.16646860056283214	-0.0076702627343600265
-3.7421777221526913	-0.16832908452191286	-0.007984788634265619
-3.717146433041303	-0.17026126982486442	-0.008373483292965517
-3.6921151439299127	-0.17227887433841987	-0.008849044456749241
-3.6670838548185225	-0.17439701974801994	-0.009428811287065447
-3.6420525657071328	-0.17663229717335563	-0.010136359269199252
-3.617021276595745	-0.17900252488091398	-0.01100383917692906
-3.5919899874843564	-0.18152582134365228	-0.012075385265798667
-3.566958698372966	-0.1842182089452995	-0.01341199521557209
-3.541927409261576	-0.1870881487749263	-0.015098180273263016
-3.5168961201501876	-0.19012491241606064	-0.01724984879283249
-3.4918648310387996	-0.19327560628310203	-0.020019757515114547
-3.46683354192741	-0.1964056629301052	-0.023588185013354968
-3.4418022528160197	-0.19925149827959834	-0.028111167717461364
-3.4167709637046295	-0.20142296595633377	-0.033602415184258994
-3.391739674593241	-0.20255627214093028	-0.039826367086864184
-3.366708385481853	-0.20255352590355943	-0.04642721384459466
-3.341677096370464	-0.20152549886285337	-0.05330207240954433
-3.3166458072590737	-0.19927651281586256	-0.06066562572845517
-3.291614518147683	-0.1950250693400588	-0.06841380496697183
-3.2665832290362946	-0.18802261725000638	-0.07550902808615302
-3.2415519399249066	-0.17853705503783754	-0.08031197855346367
-3.2165206508135173	-0.16807126198301928	-0.08176528677796155
-3.191489361702127	-0.15829720776445122	-0.08022313721323876
-3.166458072590739	-0.14983439619136377	-0.07676374937772305
-3.14142678347935	-0.1425079854688361	-0.07193133677497361
-3.11639549436796	-0.13639291164665043	-0.065684407473128
-3.091364205256571	-0.1320441328002883	-0.058175259212454165
-3.0663329161451807	-0.12993735446315788	-0.05011751361635132
-3.0413016270337927	-0.12997299880704877	-0.04243681562030407
-3.0162703379224034	-0.13158371696881085	-0.035733447178590755
-2.991239048811014	-0.13415715576596543	-0.030164588167195902
-2.966207759699625	-0.13726204044006057	-0.025650064912686347
-2.941176470588234	-0.14062739352340037	-0.022058355878992526
-2.916145181476846	-0.14406548523372484	-0.01925260359874707
-2.891113892365457	-0.1474514050315221	-0.0170869450086016
-2.8660826032540676	-0.15072043481703587	-0.015422248689003683
-2.8410513141426783	-0.1538518217815037	-0.014142976704789378
-2.816020025031289	-0.15684959611185006	-0.013161192628499766
-2.790988735919901	-0.1597293710183723	-0.012412795809534081
-2.7659574468085104	-0.1625112020008507	-0.011852022148727244
-2.740926157697121	-0.16521622524189541	-0.011446707176053813
-2.715894868585732	-0.16786528869267436	-0.0111748149072608
-2.6908635794743425	-0.17047856123188157	-0.011022088421414533
-2.6658322903629545	-0.17307560430991722	-0.010980572696078002
-2.6408010012515644	-0.17567565494416376	-0.011047812270562287
-2.615769712140175	-0.17829799714159703	-0.011226607446653616
-2.5907384230287853	-0.18096235346266612	-0.011525292217812505
-2.565707133917396	-0.18368923867098017	-0.011958575476642988
-2.540675844806008	-0.1865001891517367	-0.01254907433975859
-2.515644555694618	-0.1894177001123145	-0.0133297777405342
-2.4906132665832286	-0.1924645232810846	-0.014347821379790255
-2.4655819774718406	-0.1956616031567286	-0.01567012736421993
-2.440550688360452	-0.19902316061516104	-0.017391591395809744
-2.4155193992490616	-0.20254590258873972	-0.01964628067406043
-2.3904881101376714	-0.20618655323625257	-0.022620517389525807
-2.365456821026282	-0.20981807697555355	-0.02656095169166476
-2.340425531914894	-0.21315500673513008	-0.031755331150311074
-2.3153942428035057	-0.21566154588115918	-0.0384385497003201
-2.2903629536921155	-0.21652772629250328	-0.046584278961600695
-2.2653316645807253	-0.21484126834058068	-0.05566669193551709
-2.2403003754693356	-0.20993131398712198	-0.064572840865372
-2.2152690863579476	-0.20179589891252064	-0.07174452141593964
-2.190237797246559	-0.19141659310733256	-0.075762356131574
-2.165206508135169	-0.1803318179593974	-0.07604180047385099
-2.140175219023779	-0.16995367970643727	-0.0727169637523236
-2.1151439299123904	-0.16154391442856286	-0.06635076253141937
-2.0901126408010025	-0.15607450323561525	-0.058108946848475306
-2.0650813516896127	-0.1536850096444177	-0.04950012829030483
-2.0400500625782225	-0.15371731125203464	-0.04163408239731646
-2.0150187734668323	-0.15531214516705188	-0.03494089542825099
-1.989987484355444	-0.15782419162407446	-0.029415665123344016
-1.9649561952440555	-0.1608636602292459	-0.0249336054773743
-1.939924906132667	-0.16416566520763265	-0.02137200360338767
-1.914893617021277	-0.16752795990113747	-0.01859066794007333
-1.8898623279098858	-0.17081998557245995	-0.016432149142246274
-1.8648310387984974	-0.17397793555057875	-0.014750534637582078
-1.839799749687109	-0.17698162826846808	-0.013428207104131389
-1.8147684605757206	-0.17983353524730958	-0.012376716765528048
-1.7897371714643304	-0.18254596636651524	-0.011531269341693457
-1.764705882352942	-0.18513447892532037	-0.010844584370784905
-1.7396745932415527	-0.1876148123026417	-0.010281930570463447
-1.7146433041301625	-0.19000160255719725	-0.009817506886991614
-1.6896120150187741	-0.1923079451252529	-0.009431898516124701
-1.664580725907384	-0.19454534253399378	-0.009110304397662281
-1.6395494367959955	-0.19672381416476484	-0.008841297956534266
-1.6145181476846062	-0.19885206308116377	-0.008615952739650145
-1.589486858573217	-0.20093765204637395	-0.00842721833420152
-1.5644555694618276	-0.20298716828144428	-0.00826946936259003
-1.5394242803504374	-0.20500636953038853	-0.00813817546966715
-1.514392991239049	-0.20700031000768176	-0.008029656905349222
-1.4893617021276597	-0.2089734474144628	-0.007940901401000823
-1.4643304130162704	-0.2109297331868674	-0.007869425464540523
-1.4392991239048811	-0.21287268835202533	-0.007813168237694972
-1.4142678347934918	-0.21480546724149982	-0.00777040948703455
-1.3892365456821025	-0.21673091105641196	-0.007739705669019652
-1.3642052565707132	-0.2186515929919587	-0.007719839664502316
-1.339173967459324	-0.22056985635577028	-0.0077097809477861
-1.3141426783479346	-0.22248784687196632	-0.007708653790843802
-1.2891113892365453	-0.2244075401554256	-0.007715711706294376
-1.264080100125157	-0.22633076516719458	-0.007730316772259792
-1.2390488110137667	-0.22825922431852827	-0.007751922805607519
-1.2140175219023774	-0.23019451077329148	-0.007780061590152175
-1.1889862327909881	-0.23213812340217416	-0.007814331546126919
-1.1639549436795988	-0.23409147976355743	-0.007854388362890511
-1.1389236545682104	-0.23605592742170603	-0.007899937220008181
-1.1138923654568202	-0.23803275386053863	-0.007950726300885589
-1.0888610763454318	-0.2400231952083357	-0.008006541364110649
-1.0638297872340434	-0.2420284439535732	-0.008067201185008687
-1.0387984981226523	-0.24404965580318128	-0.00813255371692002
-1.013767209011264	-0.24608795581073414	-0.008202472850802011
-0.9887359198998737	-0.24814444388242662	-0.008276855674764346
-0.9637046307884853	-0.2502201997524181	-0.008355620153439667
-0.9386733416770969	-0.25231628750565077	-0.008438703161721125
-0.9136420525657085	-0.2544337597150172	-0.00852605881915196
-0.8886107634543183	-0.25657366125038755	-0.008617657080749104
-0.8635794743429273	-0.2587370328092268	-0.008713482547754134
-0.8385481852315388	-0.2609249142119741	-0.008813533468093843
-0.8135168961201504	-0.26313834749992104	-0.00891782090149169
-0.788485607008762	-0.26537837986871127	-0.009026368028423432
-0.7634543178973718	-0.26764606646678984	-0.009139209585630461
-0.7384230287859816	-0.2699424730849019	-0.00925639141384019
-0.7133917396745932	-0.2722686787600621	-0.009377970105798572
-0.6883604505632039	-0.2746257783152135	-0.00950401274479383
-0.6633291614518155	-0.2770148848539267	-0.009634596725607491
-0.6382978723404253	-0.2794371322280142	-0.009769809651335382
-0.6132665832290352	-0.2818936774946848	-0.009909749300817403
-0.5882352941176467	-0.28438570337894753	-0.010054523662547825
-0.5632040050062583	-0.2869144207561765	-0.010204251031932447
-0.5381727158948699	-0.2894810711692623	-0.010359060169648817
-0.5131414267834788	-0.292086929394388	-0.01051909051966872
-0.48811013767208866	-0.2947333060693001	-0.01068449248624155
-0.46307884856070025	-0.2974215503978918	-0.010855427769825132
-0.43804755944931184	-0.30015305294506134	-0.011032069762607568
-0.41301627033792343	-0.30292924853603975	-0.011214604004896888
-0.38798498122653324	-0.3057516192748159	-0.011403228704281025
-0.36295369211514483	-0.30862169769680686	-0.011598155320088586
-0.33792240300375376	-0.3115410700716289	-0.011799609216319586
-0.31289111389236535	-0.31451137987264083	-0.01200783038688042
-0.28785982478097694	-0.3175343314309624	-0.012223074257654036
-0.26282853566958675	-0.32061169379277626	-0.012445612570677618
-0.23779724655819834	-0.3237453048001036	-0.01267573435650112
-0.21276595744680904	-0.3269370754167317	-0.012913747001664406
-0.18773466833541974	-0.3301889943227399	-0.013159977419183547
-0.16270337922403044	-0.33350313280298904	-0.013414773330981374
-0.13767209011264026	-0.3368816499571939	-0.013678504672361305
-0.11264080100125184	-0.34032679826164547	-0.01395156512991613
-0.08760951188986255	-0.34384092951550416	-0.014234373825714618
-0.06257822277847325	-0.34742650120768187	-0.014527377162236855
-0.03754693366708395	-0.35108608334390756	-0.014831050844368851
-0.01251564455569465	-0.35482236577754356	-0.015145902096844119
0.01251564455569465	-0.35863816609221066	-0.015472472097882802
0.03754693366708395	-0.3625364380892896	-0.015811338652459726
0.06257822277847325	-0.3665202809390936	-0.016163119131700206
0.08760951188986255	-0.3705929490608863	-0.016528473708400947
0.11264080100125184	-0.3747578628041887	-0.01690810892269157
0.13767209011264114	-0.3790186200119665	-0.017302781616465198
0.16270337922403044	-0.3833790085556197	-0.017713303280521106
0.18773466833541974	-0.3878430199421838	-0.0181405448645007
0.21276595744680726	-0.3924148641061255	-0.01858544210679923
0.23779724655819834	-0.3970989855117405	-0.019049001449880025
0.26282853566958764	-0.4019000807076657	-0.01953230661600249
0.28785982478097694	-0.40682311749280525	-0.02003652592955917
0.31289111389236623	-0.4118733558732391	-0.020562920485290667
0.33792240300375376	-0.41705637101301585	-0.021112853276976287
0.36295369211514483	-0.4223780784085213	-0.021687799419228156
0.38798498122653235	-0.42784476154699236	-0.022289357616270676
0.41301627033792343	-0.43346310234536667	-0.022919263056730282
0.43804755944931273	-0.43924021470696906	-0.023579401943294692
0.46307884856070025	-0.4451836815813629	-0.024271827901604454
0.4881101376720913	-0.4513015959684028	-0.024998780555148772
0.5131414267834788	-0.45760260637242883	-0.025762706603753443
0.5381727158948699	-0.4640959672884502	-0.02656628380437537
0.5632040050062574	-0.47079159539113496	-0.027412448326701158
0.5882352941176467	-0.47770013220195323	-0.02830442604548169
0.6132665832290378	-0.4848330141331028	-0.029245768440355507
0.6382978723404253	-0.4922025509524727	-0.030240393906903185
0.6633291614518164	-0.49982201388664427	-0.03129263544591459
0.6883604505632039	-0.5077057347841516	-0.03240729589913701
0.7133917396745932	-0.515869218006167	-0.033589712149199216
0.7384230287859808	-0.5243292670045373	-0.034845830012008215
0.7634543178973718	-0.5331041278984588	-0.036182291938792896
0.7884856070087629	-0.5422136527838406	-0.037606540134491766
0.8135168961201504	-0.5516794860195022	-0.039126938319040884
0.8385481852315397	-0.5615252773517557	-0.04075291614774264
0.8635794743429273	-0.5717769264879039	-0.04249514131927911
0.8886107634543183	-0.5824628646401073	-0.044365725706623484
0.9136420525657059	-0.5936143796707868	-0.04637847354460137
0.9386733416770969	-0.6052659928245988	-0.04854918193211629
0.9637046307884862	-0.6174558966841027	-0.05089600684262778
0.9887359198998737	-0.6302264660003729	-0.0534399117428505
1.0137672090112648	-0.6436248554982456	-0.05620522116304193
1.0387984981226523	-0.657703701714552	-0.059220308664639384
1.0638297872340434	-0.6725219494657654	-0.06251845836407799
1.088861076345431	-0.6881458276957275	-0.06613895258911255
1.1138923654568202	-0.704650004179067	-0.070128456974945
1.1389236545682113	-0.7221189536220818	-0.07454280074505142
1.1639549436795988	-0.740648578497063	-0.07944928766473401
1.18898623279099	-0.7603481250807392	-0.08492972767512413
1.2140175219023774	-0.781342435712838	-0.09108445891328673
1.2390488110137667	-0.8037745662584098	-0.09803774771647211
1.264080100125156	-0.8278087630740092	-0.10594513058599356
1.2891113892365453	-0.8536337121763604	-0.11500352862902032
1.3141426783479364	-0.8814657958224291	-0.12546537081331505
1.339173967459324	-0.9115517187139208	-0.13765858175098472
1.3642052565707132	-0.9441690927978498	-0.15201522820676514
1.3892365456821025	-0.979621971244345	-0.169113002202263
1.4142678347934918	-1.018225012036615	-0.18973561269433817
1.4392991239048811	-1.0602630913757773	-0.21496023597765987
1.4643304130162704	-1.1058990941823115	-0.24628057755837654
1.4893617021276597	-1.1549746672363217	-0.28576581966545644
1.514392991239049	-1.2065989612178563	-0.33621625663631516
1.5394242803504383	-1.2583593151993733	-0.4011437797680589
1.5644555694618276	-1.3050402299553263	-0.48405716861103726
1.589486858573217	-1.3374073481160733	-0.5859697680090199
1.6145181476846044	-1.3437351068138528	-0.7004678373891475
1.6395494367959955	-1.3182456119248849	-0.8105045025786142
1.6645807259073848	-1.2720876616459666	-0.897263532769712
1.6896120150187741	-1.2286577399879262	-0.9585828111153731
1.7146433041301634	-1.202232092913285	-1.0116368665930584
1.739674593241551	-1.1887074978128935	-1.0753943968262603
1.764705882352942	-1.1737503833469987	-1.159694643152597
1.7897371714643295	-1.1387410441536818	-1.2625671332428954
1.8147684605757206	-1.0709375766161986	-1.3660500057135536
1.83979974968711	-0.9792387092076112	-1.447714018243954
1.8648310387984974	-0.8871325447212869	-1.5051502046954022
1.8898623279098885	-0.8056858237445363	-1.5569515139839771
1.914893617021276	-0.72407557414071	-1.6203495601351137
1.939924906132667	-0.6217624019374077	-1.6964454469292767
1.9649561952440546	-0.4824948340023979	-1.770284592566622
1.989987484355444	-0.30318090000563286	-1.818203669767588
2.015018773466835	-0.0951032798718382	-1.8178822723782828
2.0400500625782225	0.11886383604848091	-1.7545258964259303
2.065081351689613	0.3088764847191206	-1.6286808540276916
2.090112640801001	0.4520806486272228	-1.4577112946856008
2.1151439299123904	0.5394324840895688	-1.2639872508856087
2.1401752190237784	0.5708607728750157	-1.0678555814453774
2.165206508135169	0.5530797817455766	-0.8874549996488529
2.1902377972465596	0.4997288886085614	-0.7354332455812244
2.2152690863579476	0.42650153979348093	-0.6153442753031748
2.240300375469337	0.34538090980062963	-0.5238365219831826
2.265331664580725	0.26323696163681093	-0.45516760692740027
2.2903629536921155	0.18321642910537972	-0.4039422909011233
2.315394242803503	0.10637059169365944	-0.36595098341802995
2.340425531914894	0.03271538217512091	-0.33815070630114774
2.3654568210262834	-0.038202940695129445	-0.3184229953340595
2.3904881101376714	-0.10703284249783193	-0.30533860063295815
2.415519399249062	-0.1744922813140222	-0.2979833888655082
2.4405506883604495	-0.24131595057368516	-0.29584556230457815
2.4655819774718406	-0.3082350938396547	-0.29875377960962995
2.490613266583228	-0.3759679495466378	-0.30685804585527665
2.515644555694618	-0.4452049442080462	-0.3206503055466439
2.5406758448060085	-0.516569935989072	-0.34102624871243276
2.565707133917396	-0.5905258562923879	-0.36939077100808093
2.590738423028787	-0.6671652560558631	-0.40779748778572156
2.6157697121401746	-0.7457815164170684	-0.45905955187666414
2.6408010012515644	-0.8240914529439312	-0.5266069015139435
2.665832290362953	-0.8971816882480377	-0.6135169436653767
2.6908635794743425	-0.9572378755116733	-0.7199476476889187
2.7158948685857336	-0.9967476544367747	-0.840048458783169
2.740926157697121	-1.0150786265386091	-0.9642513960771655
2.765957446808511	-1.0181057319578324	-1.0887831950456541
2.7909887359198997	-1.0068868135211786	-1.217197530127996
2.816020025031289	-0.9743432204486216	-1.347858542731943
2.841051314142678	-0.9192718025825753	-1.4680156994654534
2.8660826032540676	-0.856279972076555	-1.5694287200969945
2.8911138923654573	-0.8004034752785839	-1.662844856642824
2.916145181476846	-0.7497675573572649	-1.7667723741474992
2.9411764705882355	-0.6891280449838812	-1.8915370428689702
2.9662077596996244	-0.5990658316989352	-2.0347552905793846
2.991239048811014	-0.4654154445294746	-2.1807195381381796
3.0162703379224016	-0.2876222413308592	-2.310617344998246
3.0413016270337927	-0.06908159781375979	-2.4123481133539935
3.066332916145182	0.18836026167477915	-2.468579629958049
3.091364205256571	0.4658688225333422	-2.4563419071347488
3.1163954943679606	0.7281601832228832	-2.373050818072815
3.141426783479348	0.9521045292599967	-2.23961404849871
3.166458072590739	1.1340864844770193	-2.077156627540585
3.1914893617021267	1.277627040580875	-1.8990732721730788
3.2165206508135173	1.3893595173711353	-1.7121924246543616
3.241551939924907	1.4724934175705426	-1.514794114973872
3.2665832290362946	1.5195755230205183	-1.3065077319197091
3.2916145181476857	1.521940833775087	-1.0989269513412814
3.316645807259073	1.4819360155424086	-0.9097970342485233
3.341677096370464	1.4125639165311745	-0.7512466920752292
3.366708385481852	1.328861456421478	-0.6253466347006211
3.391739674593241	1.2416262378468776	-0.5277276635075655
3.416770963704632	1.1566933342950676	-0.45230662484371775
3.4418022528160197	1.076565817988125	-0.39365450135770985
3.4668335419274103	1.0019639102919746	-0.347579310512391
3.4918648310387983	0.9327677064528686	-0.3110127760580426
3.5168961201501876	0.868505284226125	-0.2817453564422215
3.5419274092615756	0.8085862552963404	-0.2581867884049275
3.566958698372966	0.7524068009643974	-0.23918670998018735
3.591989987484357	0.6993926029852089	-0.22390873239726736
3.617021276595745	0.6490125032423291	-0.21174415597359797
3.642052565707134	0.6007787272033367	-0.20225345088990695
3.667083854818522	0.5542412028513275	-0.19512696856912184
3.6921151439299127	0.5089794908980058	-0.1901591809328722
3.7171464330413	0.46459390525662814	-0.18723281867103864
3.7421777221526913	0.4206964803197395	-0.1863107619714579
3.7672090112640806	0.3769020315466003	-0.18743464546575014
3.7922403003754686	0.3328194363220259	-0.19073006470128284
3.817271589486859	0.2880433667534793	-0.19641918126287378
3.8423028785982467	0.24214708759648226	-0.20484258196040292
3.867334167709638	0.19467779133481236	-0.2164936370089443
3.8923654568210253	0.1451577389511814	-0.23207052652935958
3.917396745932415	0.09309818637575545	-0.25255371516025116
3.9424280350438057	0.03804072179201294	-0.2793197109696054
3.967459324155193	-0.020343794409548588	-0.31430361771294235
3.9924906132665843	-0.0820380727144165	-0.3602160973677015
4.017521902377972	-0.14622974622983606	-0.4207820428161362
4.042553191489361	-0.21045833376122655	-0.5008394195360365
4.06758448060075	-0.2692511695765009	-0.6058245710768184
4.09261576971214	-0.3127545427926087	-0.7397944300444096
4.117647058823531	-0.3272544962588635	-0.9018174339035113
4.142678347934918	-0.29922780180391956	-1.0835415749440687
4.167709637046308	-0.21966561340454563	-1.271418516959129
4.192740926157697	-0.08338979337098121	-1.4502992409056934
4.217772215269086	0.1132577118213861	-1.6009162755484454
4.2428035043804755	0.36542687361615195	-1.695376206381224
4.267834793491865	0.6484232347251889	-1.706019906762685
4.292866082603254	0.921481113003108	-1.623754401168921
4.317897371714643	1.1464187299801027	-1.464006053812727
4.342928660826033	1.30002058115831	-1.2567149822236456
4.367959949937422	1.3761588925680082	-1.036888600782648
4.392991239048811	1.3866907114517841	-0.8355217549762198
4.418022528160199	1.354512176588031	-0.6691672687955434
4.44305381727159	1.3010765608893813	-0.539476962734068
4.468085106382979	1.240376943663463	-0.4406175480533125
4.4931163954943685	1.1797572886039691	-0.3653496038210371
4.518147684605758	1.1224934862572546	-0.30750352507447937
4.543178973717145	1.0697548286963938	-0.2624313582365856
4.568210262828536	1.0217179033978903	-0.22678245061562302
4.593241551939924	0.9781308603219326	-0.19816826942559515
4.618272841051315	0.9385839004316254	-0.174880075543645
4.643304130162704	0.9026336695332218	-0.15568291568597747
4.668335419274092	0.8698571746222852	-0.1396725944680838
4.693366708385483	0.839872329982454	-0.12617785186370234
4.71839799749687	0.8123430834474543	-0.1146934372413716
4.7434292866082615	0.7869777557621473	-0.10483397423745532
4.768460575719649	0.7635247107059263	-0.09630180840924167
4.793491864831038	0.7417672847362747	-0.0888643261661046
4.818523153942429	0.7215188506971679	-0.08233775412285159
4.843554443053817	0.7026183693326582	-0.0765754278411982
4.868585732165208	0.6849265132063735	-0.07145918166456523
4.8936170212765955	0.6683223494255361	-0.06689296509002453
4.918648310387985	0.6527005404583079	-0.06279806295907651
4.943679599499372	0.6379689991423586	-0.05910947544191396
4.968710888610763	0.6240469273050729	-0.05577314685560168
4.9937421777221545	0.6108631744011122	-0.05274382417088831
5.018773466833542	0.5983548620525428	-0.04998338771596803
5.043804755944931	0.5864662290610765	-0.047459539270008025
5.068836045056319	0.5751476590709683	-0.04514476300961883
5.09386733416771	0.5643548596070935	-0.04301549650471346
5.118898623279097	0.5540481667380306	-0.041051464703374375
5.1439299123904885	0.5441919542080024	-0.03923514134666744
5.168961201501878	0.5347541296631971	-0.037551310728388555
5.193992490613265	0.5257057036930703	-0.03598670901073892
5.219023779724656	0.5170204199321198	-0.03452972902277004
5.244055068836044	0.5086744365255316	-0.0331701760284194
5.269086357947435	0.5006460509394758	-0.031899064658638926
5.2941176470588225	0.4929154614656991	-0.030708449276606837
5.319148936170212	0.4854645598893174	-0.029591281645747668
5.344180225281603	0.47827675070599146	-0.02854129101438611
5.36921151439299	0.4713367930289318	-0.02755288270514372
5.3942428035043815	0.4646306619490962	-0.02662105206684182
5.419274092615769	0.4581454266299908	-0.025741311261414646
5.444305381727158	0.45186914285484714	-0.024909626857059632
5.469336670838548	0.4457907581214162	-0.02412236661310605
5.494367959949937	0.4399000277241803	-0.02337625419848425
5.519399249061328	0.43418744061420617	-0.022668330906498037
5.5444305381727155	0.4286441542492639	-0.021995923726693553
5.569461827284105	0.4232619382693353	-0.02135661939054339
5.594493116395494	0.418033127902906	-0.0207482440896075
5.619524405506883	0.41295058996634937	-0.020168847974951006
5.644555694618273	0.4080077076727249	-0.019616690687078643
5.669586983729662	0.4031983943829345	-0.019090214592648102
5.694618272841051	0.39851714167832764	-0.018587967025780198
5.719649561952441	0.3939590546850446	-0.018108390774792447
5.74468085106383	0.3895196544601516	-0.01764943878738014
5.769712140175219	0.3851941063900565	-0.01720839995181919
5.7947434292866085	0.38097640083000034	-0.01678285488931387
5.819774718397996	0.3768601941399308	-0.016372125774262742
5.844806007509387	0.3728405572163569	-0.01597682155267656
5.869837296620776	0.36891403939857065	-0.015597286938423032
5.894868585732166	0.36507769797080575	-0.015233145838572104
5.919899874843555	0.36132857885510256	-0.014883637261287677
5.9449311639549425	0.35766366577251985	-0.01454792619322498
5.9699624530663336	0.35407995310348406	-0.014225234231370586
5.994993742177721	0.35057450535314905	-0.013914873226388453
6.020025031289112	0.34714448701816275	-0.013616246548003362
6.0450563204005014	0.3437871731826805	-0.013328844490851357
6.07008760951189	0.3404999506225573	-0.013052242427419144
6.09511889862328	0.337280315726852	-0.012786104204425662
6.120150187734667	0.3341258737143996	-0.012530191331496915
6.145181476846059	0.33103434310227475	-0.01228437688095185
6.170212765957445	0.32800356734116703	-0.01204865964032059
6.195244055068836	0.3250315243409755	-0.011823172514694004
6.2202753441802265	0.3221163034848476	-0.011608206313686356
6.245306633291613	0.31925606434498494	-0.011404353823995314
6.270337922403005	0.31644919862835524	-0.011212838635490746
6.295369211514392	0.3136949113251309	-0.0110357500449972
6.320400500625783	0.31099408656943756	-0.01087590961975885
6.3454317897371695	0.30835051497598387	-0.010736234561488374
6.37046307884856	0.30577255941060333	-0.010617591497203259
6.395494367959952	0.30327326734524573	-0.0105132610135237
6.420525657071338	0.3008625648854608	-0.010401416897351575
6.445556946182729	0.29852848550318645	-0.010249649523323339
6.470588235294116	0.2962320183115316	-0.01004386244993983
6.495619524405506	0.2939390147210253	-0.009805232748671362
6.520650813516895	0.2916446648049222	-0.009565056268639132
6.545682102628285	0.28936129938464666	-0.00934066325677566
6.570713391739676	0.28710139151877295	-0.009135805396832406
6.5957446808510625	0.28487241524150225	-0.008948401441236788
6.620775969962453	0.2826777825064501	-0.008775166607701083
6.645807259073841	0.28051857632018284	-0.00861321356167811
6.670838548185231	0.27839471326225307	-0.008460350558993562
6.695869837296622	0.276305569014711	-0.008314991317340127
6.720901126408009	0.27425028842382954	-0.00817600090014251
6.745932415519399	0.272227933367574	-0.008042565483026507
6.770963704630788	0.2702375511083465	-0.007914098960401947
6.795994993742178	0.2682782043898566	-0.007790180519329504
6.821026282853566	0.2663489834519533	-0.007670515176875702
6.8460575719649555	0.2644490099948904	-0.007554911216976311
6.871088861076346	0.26257743853985044	-0.007443270915201905
6.896120150187734	0.2607334590536148	-0.00733559313640859
6.921151439299124	0.2589163052514192	-0.007231988282968018
6.946182728410513	0.2571252759616668	-0.007132707532180271
6.971214017521902	0.2553597838480165	-0.007038188320979127
6.996245306633291	0.25361945956002396	-0.0069491127923801705
7.0212765957446805	0.2519043629389373	-0.006866453800953487
7.046307884856071	0.25021537901324153	-0.006791414536585398
7.071339173967459	0.24855484761457194	-0.006724997326399482
7.0963704630788484	0.24692716755720642	-0.006666635450573381
7.121401752190238	0.2453379658316995	-0.006611335778928091
7.146433041301627	0.24378885735392658	-0.006547425316201738
7.171464330413016	0.24226974264821124	-0.006462510277596123
7.196495619524406	0.24076279749235507	-0.006356706360439944
7.221526908635795	0.23925809008303425	-0.006242614655830628
7.246558197747184	0.23775755856418995	-0.006132042766534847
7.2715894868585735	0.23626726145018423	-0.006030006718090077
7.296620775969963	0.23479211902158809	-0.005937023029384969
7.321652065081352	0.23333521306651045	-0.005851924268924096
7.3466833541927405	0.2318984294677465	-0.00577287146733633
7.371714643304131	0.23048252089641633	-0.005697345971800915
7.39674593241552	0.2290863614381161	-0.005622725460143764
7.421777221526909	0.22770724026988104	-0.005548083520261935
7.446808510638299	0.22634308493137362	-0.0054747028536782875
7.471839799749687	0.22499361123382733	-0.005404302959589259
7.496871088861077	0.22365946634821493	-0.005337797751933682
7.521902377972466	0.22234137810506868	-0.005275360276824512
7.546933667083856	0.221039874279176	-0.005216685183104787
7.571964956195245	0.21975501524506902	-0.005161185507568142
7.5969962453066335	0.21848623055968	-0.0051086410704738955
7.622027534418024	0.21723317028998296	-0.005059901929065746
7.647058823529412	0.21599706755638493	-0.005016192863035641
7.672090112640802	0.21478088918086688	-0.004977193583661163
7.697121401752189	0.2135874640924902	-0.004939190837095245
7.72215269086358	0.21241542495668514	-0.004895745462157583
7.74718397997497	0.21125747197172678	-0.004843636301075719
7.772215269086359	0.21010685130918216	-0.004787409673566157
7.797246558197749	0.20896390887615957	-0.004734416919904561
7.8222778473091354	0.20783448854804734	-0.004688012060590265
7.8473091364205265	0.2067250321738776	-0.004645154726722856
7.872340425531913	0.20563708440551773	-0.0045974689222638985
7.897371714643305	0.20456357527000982	-0.0045378823880088135
7.922403003754695	0.2034944602849155	-0.004468329402330045
7.947434292866082	0.2024259746057758	-0.0043966626121444054
7.972465581977473	0.2013605073010387	-0.004328689800519022
7.99749687108886	0.20030167250296266	-0.004266237758153287
8.022528160200253	0.19925193175615988	-0.004208997544611907
8.047559449311638	0.1982125130568939	-0.004156083047977205
8.072590738423028	0.1971838780609466	-0.004106661553134242
8.09762202753442	0.1961660914875218	-0.004060102532716853
8.122653316645806	0.19515902521000286	-0.004015962611073155
8.147684605757199	0.19416244393051488	-0.003973941802888653
8.172715894868585	0.19317603146207735	-0.003933874688814613
8.197747183979974	0.19219943330636297	-0.00389575543206592
8.222778473091363	0.19123232155319037	-0.003859730068596181
8.247809762202753	0.1902744173130177	-0.0038260668398940496
8.272841051314145	0.18932548920384257	-0.0037951709560794422
8.297872340425531	0.18838538785866776	-0.0037676431784172074
8.32290362953692	0.1874541481178057	-0.003744354145729131
8.34793491864831	0.18653219579786634	-0.003726501620010469
8.3729662077597	0.18562070837065772	-0.0037155620521048295
8.397997496871088	0.18472210348009302	-0.0037129410160326236
8.423028785982478	0.18384038871470762	-0.003719141364385954
8.448060075093867	0.18298109789510306	-0.0037325912123128933
8.473091364205256	0.182150876993355	-0.0037476978067162397
8.498122653316646	0.1813537824370177	-0.0037512748790383896
8.523153942428035	0.18058077452754023	-0.003725394780712149
8.548185231539424	0.1798081066677572	-0.003664811560217412
8.573216520650814	0.17901751266937665	-0.003584851725503473
8.598247809762203	0.1782087642406165	-0.0035047734191579823
8.623279098873592	0.17739087521986008	-0.003434620119356448
8.648310387984981	0.17657236928943085	-0.003376545291909311
8.67334167709637	0.17575890357801421	-0.0033295312933675878
8.69837296620776	0.17495429039730503	-0.0032917806679647428
8.72340425531915	0.17416168920590955	-0.003260849792932456
8.748435544430539	0.17338341814185534	-0.0032326140479454167
8.773466833541928	0.17261865623621717	-0.0032013320639314113
8.798498122653317	0.17186204809724157	-0.003163431894069284
8.823529411764707	0.1711078604651906	-0.003120935505570307
8.848560700876096	0.17035458306818582	-0.0030784385791679386
8.873591989987485	0.16960383376433213	-0.0030388726265909243
8.898623279098874	0.16885758493867797	-0.0030030300806946756
8.92365456821026	0.16811711901003404	-0.002970719731460092
8.948685857321653	0.1673831219282199	-0.0029415672139714837
8.973717146433042	0.1666560080928967	-0.00291529637280785
8.998748435544432	0.1659361879822252	-0.002891715776432506
9.023779724655821	0.16522418108060488	-0.002870520189582635
9.048811013767207	0.16452041534676878	-0.0028510795282425927
9.0738423028786	0.1638248407919404	-0.0028326966683652316
9.098873591989985	0.16313729006384536	-0.0028152862351734725
9.123904881101378	0.16245864098880514	-0.0027989083780182613
9.148936170212767	0.1617904703585289	-0.0027818441896853368
9.173967459324153	0.16113217311129485	-0.002760258499228187
9.198998748435546	0.16047932604624537	-0.0027318493864007336
9.224030037546932	0.1598273892929497	-0.0026988875718445865
9.249061326658325	0.15917548503417261	-0.0026654426370089374
9.27409261576971	0.15852516498950206	-0.0026339165820062956
9.2991239048811	0.1578780591138493	-0.0026049305188360745
9.324155193992492	0.1572351834358014	-0.0025783835875507278
9.349186483103878	0.15659709220580426	-0.0025540196252003067
9.374217772215271	0.15596406301045407	-0.002531612215129011
9.399249061326657	0.15533622846623163	-0.002511043817441679
9.424280350438046	0.15471369714181643	-0.0024923409706007925
9.449311639549435	0.15409668729480164	-0.002475674012849178
9.474342928660825	0.153485705760512	-0.0024612924825951304
9.499374217772218	0.15288177282740142	-0.0024492795830066594
9.524405506883603	0.15228648412858695	-0.0024389166967798193
9.549436795994993	0.15170119999308204	-0.0024277579976268154
9.574468085106382	0.15112486441395642	-0.002411941204863371
9.599499374217771	0.15055306276667071	-0.002389455795274569
9.62453066332916	0.1499815517309911	-0.0023625489528362074
9.64956195244055	0.14940952725627563	-0.0023350295773302645
9.67459324155194	0.1488384344635657	-0.002309167823695816
9.699624530663328	0.14826984838780707	-0.0022855537572383233
9.724655819774718	0.14770475437551533	-0.002264026445135776
9.749687108886107	0.14714363329152053	-0.002244272132054858
9.774718397997496	0.14658667583575763	-0.0022260452639300547
9.799749687108886	0.14603393697639921	-0.002209223524018087
9.824780976220275	0.1454854342294077	-0.002193816166602007
9.849812265331664	0.1449412277318241	-0.0021799666629454513
9.874843554443054	0.14440152144530294	-0.0021679502123714317
9.899874843554443	0.14386682576316248	-0.0021581266805191157
9.924906132665832	0.14333819525359792	-0.00215072999344659
9.949937421777221	0.14281737716637163	-0.002145261887629917
9.97496871088861	0.14230618877905288	-0.002139440088270584
10.0	0.14180428228923214	-0.0021290116362271405
