-10.0	-0.07936481349732588	-0.0009644760773467448
-9.97496871088861	-0.0795269489739142	-0.0009088438110686179
-9.949937421777221	-0.07970463548349603	-0.000867087010588133
-9.924906132665832	-0.07988999865991397	-0.0008380428352760267
-9.899874843554443	-0.08007894603609651	-0.0008191798662413554
-9.874843554443054	-0.08026963549120662	-0.0008082685680854941
-9.849812265331664	-0.0804613856232064	-0.0008037575121254188
-9.824780976220275	-0.08065407150922106	-0.0008047539581647165
-9.799749687108886	-0.08084780683012109	-0.0008109445766231985
-9.774718397997496	-0.08104275650388712	-0.0008225573745372408
-9.749687108886107	-0.0812389750243486	-0.000840389742381166
-9.724655819774718	-0.08143617858161098	-0.0008659018148565959
-9.699624530663328	-0.08163333044532123	-0.0009013433823163266
-9.67459324155194	-0.08182784797113546	-0.0009497870606935003
-9.64956195244055	-0.08201416573707547	-0.0010146376263082387
-9.62453066332916	-0.08218169061038787	-0.0010974017943419505
-9.599499374217771	-0.08231424949620832	-0.0011916165434610782
-9.574468085106382	-0.08239801501956831	-0.001273957717101973
-9.549436795994993	-0.08244262083182217	-0.0013074363784249523
-9.524405506883603	-0.08248999944326467	-0.001273093458679682
-9.499374217772216	-0.08258010774394245	-0.0011929027178942551
-9.474342928660825	-0.08271970304272397	-0.0011035148036498132
-9.449311639549435	-0.0828940469289419	-0.0010265500715362992
-9.424280350438046	-0.08308725672854589	-0.0009673856214000847
-9.399249061326657	-0.08328914974419915	-0.0009240762998080625
-9.37421777221527	-0.08349441453132776	-0.0008930284382898491
-9.349186483103878	-0.08370059113415121	-0.0008710328208874864
-9.32415519399249	-0.08390667248491211	-0.0008556736898896602
-9.2991239048811	-0.08411234103387014	-0.0008452375562475607
-9.274092615769712	-0.0843175883199388	-0.0008385258193514462
-9.249061326658325	-0.08452254676233084	-0.0008346851564652268
-9.224030037546934	-0.08472744552457152	-0.0008331011311393178
-9.198998748435546	-0.08493259565568463	-0.0008333871901870896
-9.173967459324155	-0.08513830850272389	-0.0008353966150658126
-9.148936170212767	-0.08534481321342703	-0.0008391563847744542
-9.123904881101378	-0.0855522593598816	-0.0008448000058457391
-9.098873591989987	-0.08576073178897242	-0.0008525747733002751
-9.0738423028786	-0.08597020674161183	-0.000862886846153484
-9.048811013767208	-0.08618042571323078	-0.0008763371094581463
-9.023779724655821	-0.08639065041103745	-0.0008936853654595746
-8.998748435544432	-0.08659927271963769	-0.0009155691476901338
-8.973717146433042	-0.0868034879874414	-0.0009416020899190633
-8.948685857321653	-0.0870000448994035	-0.0009686234409869276
-8.923654568210262	-0.08718871172824141	-0.0009898484724387762
-8.898623279098874	-0.08737615947367224	-0.0009993014897080332
-8.873591989987485	-0.08757211945982059	-0.0009988800568348992
-8.848560700876096	-0.08778086914128942	-0.000996569871059878
-8.823529411764707	-0.08800052878934406	-0.0009991033535468206
-8.798498122653317	-0.08822750686652614	-0.0010096615199969177
-8.773466833541928	-0.08845892662715302	-0.0010294444563680814
-8.748435544430539	-0.08869286496050949	-0.0010592957877811314
-8.72340425531915	-0.08892773069882479	-0.0011008571724738848
-8.69837296620776	-0.08916064091510979	-0.0011571826806015106
-8.67334167709637	-0.08938502220444777	-0.0012316290453816769
-8.648310387984981	-0.08958888075650914	-0.001324061006593162
-8.623279098873592	-0.08975683791706782	-0.001423712770171939
-8.598247809762203	-0.08988278208902264	-0.0015034994498321168
-8.573216520650814	-0.08998892206054965	-0.0015341330898040004
-8.548185231539424	-0.09011682573821775	-0.0015169415121131552
-8.523153942428035	-0.09028842307170641	-0.0014853233233515627
-8.498122653316646	-0.0904937216770623	-0.0014720243439329483
-8.473091364205256	-0.0907076084989702	-0.0014918404909829703
-8.448060075093867	-0.09090209117292883	-0.001541777200033838
-8.423028785982478	-0.09105405351109414	-0.0015993518336971488
-8.397997496871088	-0.09116311650897187	-0.0016248459237520217
-8.3729662077597	-0.09126539970083251	-0.0015895181816689662
-8.34793491864831	-0.09140546804932882	-0.0015064927445569965
-8.32290362953692	-0.09159724041941199	-0.0014126107684153324
-8.297872340425531	-0.09182816905128648	-0.0013337216791071938
-8.272841051314144	-0.09208128523183855	-0.0012782766222312935
-8.247809762202753	-0.09234470830252282	-0.001246099175937517
-8.222778473091363	-0.09261131340940408	-0.0012351917935524502
-8.197747183979974	-0.0928759869919554	-0.0012443656393835514
-8.172715894868585	-0.09313287578323555	-0.001273354822091906
-8.147684605757197	-0.09337299959836981	-0.0013207569614851328
-8.122653316645806	-0.09358396000740182	-0.0013788381985795984
-8.097622027534417	-0.0937571491476019	-0.001427127018945158
-8.072590738423028	-0.0939038606418483	-0.0014376357721573305
-8.047559449311638	-0.09405738617487856	-0.0014002545111034279
-8.02252816020025	-0.09424439228038005	-0.0013344833289448141
-7.9974968710888605	-0.09446646846962198	-0.0012663541518272846
-7.972465581977473	-0.09471196224678723	-0.001209474941245015
-7.947434292866082	-0.0949697861848716	-0.0011664211477836503
-7.922403003754694	-0.09523316133869719	-0.0011352556007885929
-7.897371714643305	-0.09549866547389184	-0.001113212275274971
-7.872340425531914	-0.09576478121524278	-0.0010979235262718406
-7.8473091364205265	-0.09603094824438065	-0.0010876257754925927
-7.8222778473091354	-0.09629705812761008	-0.0010810700219530398
-7.797246558197748	-0.09656320492107158	-0.001077389239045828
-7.772215269086359	-0.09682956640726913	-0.001075989231889999
-7.7471839799749675	-0.09709634902606784	-0.001076471726351652
-7.72215269086358	-0.09736376303698702	-0.0010785844108864228
-7.697121401752189	-0.09763201120408303	-0.001082191498658241
-7.672090112640801	-0.09790128194767644	-0.001087260312052831
-7.647058823529412	-0.09817174053728688	-0.0010938616172437101
-7.622027534418023	-0.09844351095933096	-0.0011021830312082717
-7.596996245306634	-0.09871663630427151	-0.0011125544199179196
-7.571964956195245	-0.09899099594598423	-0.0011254779868840044
-7.546933667083856	-0.09926614443974932	-0.001141634238578745
-7.5219023779724665	-0.09954103316133402	-0.0011617791649509365
-7.496871088861077	-0.0998136311350987	-0.0011863345687601295
-7.471839799749688	-0.10008073656396961	-0.0012143112705429312
-7.446808510638299	-0.1003391495806942	-0.0012414597843571416
-7.421777221526909	-0.10058979815134413	-0.0012600054973206155
-7.39674593241552	-0.10084104923635252	-0.0012645038200865411
-7.371714643304131	-0.1011028165308807	-0.0012584848395988553
-7.346683354192741	-0.10137822306440981	-0.00125048919017979
-7.321652065081352	-0.10166463671595255	-0.0012465943221225137
-7.296620775969963	-0.10195849842698593	-0.0012491267863458508
-7.2715894868585735	-0.10225738034531885	-0.0012586546714537484
-7.246558197747184	-0.10255989528646302	-0.0012755608923349022
-7.221526908635795	-0.1028650623670215	-0.0013007640939723566
-7.196495619524406	-0.10317159117735993	-0.001336020865784179
-7.171464330413016	-0.10347694684164443	-0.0013839896331037153
-7.146433041301627	-0.10377589880834517	-0.0014477607577183965
-7.121401752190238	-0.10405855934697417	-0.001528776693903546
-7.0963704630788484	-0.10430975675051304	-0.0016212335240321227
-7.071339173967459	-0.10451608967871659	-0.0017036788757644281
-7.04630788485607	-0.10468555568427049	-0.0017412519003417659
-7.0212765957446805	-0.10485700536580282	-0.0017148450281337744
-6.996245306633291	-0.1050689263514835	-0.001644024390727782
-6.971214017521902	-0.10532878323611898	-0.0015634883318276776
-6.946182728410513	-0.10562299796808688	-0.0014942547601150542
-6.921151439299123	-0.10593644896832044	-0.001441771005622763
-6.896120150187734	-0.10625933739948842	-0.0014043095748050454
-6.871088861076345	-0.10658652398262208	-0.0013784673315206852
-6.8460575719649555	-0.10691561777348563	-0.0013611666501330976
-6.821026282853566	-0.10724563470583272	-0.0013500706875814298
-6.795994993742177	-0.10757626409262434	-0.001343506805371965
-6.770963704630788	-0.10790750178554237	-0.0013402985120994032
-6.745932415519399	-0.10823947354366437	-0.001339617968978024
-6.720901126408009	-0.10857235203180643	-0.0013408776813805454
-6.69586983729662	-0.10890631909306393	-0.0013436557207760242
-6.670838548185231	-0.10924154954961285	-0.0013476453168614767
-6.645807259073841	-0.10957820486082116	-0.0013526208277327026
-6.620775969962453	-0.10991643150158638	-0.0013584142309285346
-6.595744680851063	-0.11025636180305616	-0.001364898824780842
-6.570713391739676	-0.1105981157256175	-0.0013719780379657057
-6.545682102628285	-0.11094180278474225	-0.001379577652223909
-6.520650813516897	-0.11128752385811051	-0.0013876403646235981
-6.495619524405506	-0.11163537264388583	-0.0013961219363155903
-6.470588235294117	-0.11198543681401972	-0.0014049882197991826
-6.445556946182729	-0.11233779915126112	-0.001414212818539256
-6.420525657071338	-0.11269253863585438	-0.0014237754052313027
-6.395494367959951	-0.11304973133844709	-0.0014336605204390174
-6.37046307884856	-0.11340945114614795	-0.001443856639872462
-6.34543178973717	-0.11377177042686339	-0.0014543554165666595
-6.320400500625783	-0.11413676071047393	-0.0014651511473807784
-6.295369211514392	-0.1145044932480103	-0.0014762405683552023
-6.270337922403004	-0.11487503920536961	-0.0014876227281569066
-6.245306633291613	-0.11524846978234587	-0.001499298576859096
-6.2202753441802265	-0.11562485661294267	-0.001511270539857466
-6.195244055068836	-0.1160042722354394	-0.0015235423461029218
-6.170212765957448	-0.11638679044732095	-0.0015361189853743996
-6.145181476846059	-0.1167724865829547	-0.0015490066768342342
-6.120150187734667	-0.11716143777006541	-0.0015622128351342475
-6.09511889862328	-0.11755372318513235	-0.0015757460451726758
-6.070087609511891	-0.11794942431220325	-0.001589616051714067
-6.0450563204005014	-0.11834862520667859	-0.0016038337652469277
-6.020025031289112	-0.11875141276578614	-0.0016184112837008971
-5.994993742177721	-0.11915787700785829	-0.001633361929394261
-5.9699624530663336	-0.11956811136264396	-0.0016487003008037251
-5.9449311639549425	-0.11998221297469466	-0.0016644423389618808
-5.919899874843555	-0.12040028302130085	-0.001680605408050652
-5.894868585732166	-0.12082242704570406	-0.001697208388114032
-5.869837296620776	-0.12124875530712675	-0.001714271772738526
-5.844806007509387	-0.12167938315954743	-0.0017318177550758665
-5.819774718397998	-0.122114431508408	-0.001749870289335498
-5.7947434292866085	-0.12255402743302059	-0.0017684552017573287
-5.769712140175219	-0.12299830489803887	-0.0017876005689929637
-5.74468085106383	-0.12344740515957484	-0.0018073372940690922
-5.719649561952441	-0.12390147693918638	-0.00182769931090518
-5.694618272841051	-0.12436067700938372	-0.0018487234932256463
-5.669586983729662	-0.1248251711401162	-0.0018704498245749241
-5.644555694618273	-0.12529513503615533	-0.0018929218213899045
-5.619524405506883	-0.1257707552441781	-0.00191618700461051
-5.594493116395494	-0.12625223014167092	-0.0019402973783475739
-5.569461827284105	-0.12673977107083945	-0.001965309979152176
-5.5444305381727155	-0.12723360357606944	-0.0019912875646332507
-5.519399249061326	-0.12773396868261516	-0.0020182993702441056
-5.494367959949937	-0.12824112434743587	-0.0020464218502332437
-5.469336670838549	-0.12875534720463389	-0.002075739534051069
-5.444305381727158	-0.12927693454661335	-0.002106346100372694
-5.419274092615769	-0.12980620651518338	-0.0021383456464405463
-5.3942428035043815	-0.13034350855632965	-0.002171854140735586
-5.36921151439299	-0.13088921422069258	-0.0022070010797719127
-5.344180225281603	-0.13144372843234844	-0.0022439314159936074
-5.319148936170212	-0.13200749132609643	-0.0022828079613404295
-5.2941176470588225	-0.13258098248351582	-0.0023238144803472234
-5.269086357947435	-0.13316472539749288	-0.0023671592060987338
-5.244055068836044	-0.13375929271681852	-0.002413078558573478
-5.219023779724656	-0.1343653127299807	-0.002461841646846309
-5.193992490613266	-0.13498347692098314	-0.0025137560043094575
-5.168961201501876	-0.13561454860016814	-0.002569174619382344
-5.1439299123904885	-0.13625937289504345	-0.0026285044490897283
-5.1188986232791	-0.13691888843411207	-0.002692216803117893
-5.09386733416771	-0.13759414107471293	-0.002760860120301615
-5.06883604505632	-0.13828630008343362	-0.0028350758050535523
-5.043804755944931	-0.13899667726555143	-0.0029156179916175213
-5.018773466833542	-0.13972674965467097	-0.0030033783828189975
-4.993742177722154	-0.14047818652137314	-0.0030994177070984247
-4.968710888610763	-0.14125288161877894	-0.0032050059273623786
-4.943679599499373	-0.14205299166120766	-0.0033216741397400916
-4.918648310387985	-0.14288098212399025	-0.0034512820152457022
-4.893617021276597	-0.14373968187826686	-0.003596106066207848
-4.868585732165207	-0.14463234837975164	-0.0037589565975627128
-4.843554443053817	-0.14556274470998548	-0.003943334579361544
-4.818523153942427	-0.14653522917842984	-0.004153644347394843
-4.793491864831038	-0.14755485682654218	-0.004395485361722893
-4.768460575719651	-0.14862748875209716	-0.0046760574333005395
-4.7434292866082615	-0.14975989774651163	-0.005004730794818654
-4.71839799749687	-0.1509598432726603	-0.005393858266343256
-4.69336670838548	-0.1522360569196552	-0.0058599459527959915
-4.668335419274092	-0.1535980138086508	-0.006425356573285947
-4.643304130162704	-0.15505523003241412	-0.007120798011561503
-4.618272841051315	-0.15661554748737228	-0.007988934173266387
-4.593241551939924	-0.1582813021992957	-0.00908946493178432
-4.568210262828536	-0.16004118280216423	-0.010505660276534375
-4.543178973717147	-0.1618537813655165	-0.012350691421820693
-4.518147684605758	-0.1636172013721831	-0.014766949185930602
-4.4931163954943685	-0.1651234000478512	-0.01790000653968929
-4.468085106382977	-0.16602204452526267	-0.021818803546487926
-4.44305381727159	-0.16586539853693058	-0.026392112189550395
-4.418022528160201	-0.16425856750769777	-0.03124023177304391
-4.392991239048811	-0.16094645346352818	-0.035805653579697824
-4.367959949937422	-0.15584892345118181	-0.03929876298415578
-4.342928660826031	-0.1494223997688977	-0.040704677240227506
-4.317897371714643	-0.142890503841282	-0.039416841502139456
-4.292866082603254	-0.13761620800513436	-0.035788696937748714
-4.267834793491865	-0.13438834022792248	-0.030844460742702008
-4.2428035043804755	-0.1332527064049659	-0.025708113925726007
-4.217772215269086	-0.13371906581340884	-0.02116345788061235
-4.192740926157699	-0.1351525122204999	-0.017512926003211794
-4.167709637046308	-0.13705375063040037	-0.014726122844218535
-4.142678347934918	-0.1391217011234519	-0.012642411612490892
-4.117647058823529	-0.14120414253769287	-0.011090751547214046
-4.09261576971214	-0.14323538200347916	-0.009931755366102
-4.067584480600752	-0.14519381238523502	-0.009062376817745415
-4.042553191489361	-0.14707852145730374	-0.008409158672218676
-4.017521902377972	-0.14889756833640597	-0.007920280830772813
-3.9924906132665825	-0.15066240303911752	-0.007559182622479626
-3.967459324155193	-0.15238533119503359	-0.0073000005571101775
-3.9424280350438052	-0.1540784504147278	-0.007124441675820376
-3.917396745932415	-0.1557532879108388	-0.007019676495481746
-3.8923654568210257	-0.15742076732082108	-0.006976931914317739
-3.867334167709638	-0.1590913266906303	-0.006990564184576534
-3.8423028785982494	-0.16077510390935415	-0.007057468262012094
-3.8172715894868587	-0.16248215187723725	-0.0071767335244366645
-3.7922403003754686	-0.1642226680186094	-0.007349493531756052
-3.7672090112640793	-0.1660072331283288	-0.007578945398344913
-3.7421777221526913	-0.16784705825366802	-0.007870537487083194
-3.717146433041303	-0.16975423713077845	-0.008232346732662085
-3.6921151439299127	-0.17174199480805266	-0.008675693048480239
-3.6670838548185225	-0.17382490665630712	-0.009216072596407172
-3.6420525657071328	-0.17601902697512076	-0.009874539827416371
-3.617021276595745	-0.17834179361139468	-0.010679736222226477
-3.5919899874843564	-0.18081142418142293	-0.011670853844214124
-3.566958698372966	-0.18344520824893182	-0.012901915496839068
-3.541927409261576	-0.18625546887867267	-0.014447752911566617
-3.5168961201501876	-0.18924075844464355	-0.01641161638548919
-3.4918648310387996	-0.19236789961672	-0.018932376407579825
-3.46683354192741	-0.19553898793849933	-0.022183161690418805
-3.4418022528160197	-0.19854376117385997	-0.02633981555708553
-3.4167709637046295	-0.20103175924177139	-0.03148735213555937
-3.391739674593241	-0.20259960899060878	-0.03748747276291411
-3.366708385481853	-0.20302904800853908	-0.04399204190129914
-3.341677096370464	-0.2023948417223689	-0.050760463121822426
-3.3166458072590737	-0.20068972413322309	-0.05792900098327634
-3.291614518147683	-0.19733326594087192	-0.06562037440485081
-3.2665832290362946	-0.19143957244672535	-0.07318219894915261
-3.2415519399249066	-0.1827879173408189	-0.07909632499504494
-3.2165206508135173	-0.17246052833414827	-0.08192197227319968
-3.191489361702127	-0.16224888368870333	-0.08145033495804711
-3.166458072590739	-0.15325442603726908	-0.07864879640682457
-3.14142678347935	-0.1454823475148744	-0.07436879771055956
-3.11639549436796	-0.1388063849429502	-0.06871585341592175
-3.091364205256571	-0.13362908557456135	-0.06166640491546022
-3.0663329161451807	-0.13054854970995194	-0.053705381381833665
-3.0413016270337927	-0.12973377748184248	-0.045745934364772804
-3.0162703379224034	-0.13076449710833132	-0.03857177079405463
-2.991239048811014	-0.13300054814096798	-0.032511255790911055
-2.966207759699625	-0.13592545194777067	-0.027553345915647304
-2.941176470588234	-0.13921246273607216	-0.023574034028002785
-2.916145181476846	-0.1426459816205978	-0.0204399251475386
-2.891113892365457	-0.14607443716589683	-0.018009644784789565
-2.8660826032540676	-0.14940799888995257	-0.01613925297148083
-2.8410513141426783	-0.15260900686380902	-0.014701959077044548
-2.816020025031289	-0.15567257015311983	-0.013598003114961593
-2.790988735919901	-0.1586103950314484	-0.012753523883148356
-2.7659574468085104	-0.16144121566577158	-0.012115392164293942
-2.740926157697121	-0.16418602304815422	-0.011646026619743979
-2.715894868585732	-0.1668659762569322	-0.01131937695650239
-2.6908635794743425	-0.169501664952795	-0.01111812176624773
-2.6658322903629545	-0.17211302032158496	-0.011031848864201731
-2.6408010012515644	-0.174719527142345	-0.01105599285382308
-2.615769712140175	-0.17734056802204132	-0.01119138031251618
-2.5907384230287853	-0.179995812109695	-0.011444315311540604
-2.565707133917396	-0.1827055869137211	-0.011827217958708974
-2.540675844806008	-0.18549115769455066	-0.012359913670515355
-2.515644555694618	-0.1883747770672143	-0.013071773454190715
-2.4906132665832286	-0.19137922463457022	-0.014005038576673833
-2.4655819774718406	-0.19452625482962665	-0.01521983014471316
-2.440550688360452	-0.19783274812895157	-0.016801503700943982
-2.4155193992490616	-0.2013021046414735	-0.018870955474098155
-2.3904881101376714	-0.20490604485049826	-0.02159749629682687
-2.365456821026282	-0.20854827579404944	-0.025209851798415592
-2.340425531914894	-0.21199913770835446	-0.029988930301770866
-2.3153942428035057	-0.21480326573429334	-0.036202133711930096
-2.2903629536921155	-0.2162195868570658	-0.04392694776546138
-2.2653316645807253	-0.21532676205924284	-0.052796807073337435
-2.2403003754693356	-0.21133848782807985	-0.06184932584984891
-2.2152690863579476	-0.20402647524593875	-0.06959796208910966
-2.190237797246559	-0.19412048086098999	-0.07449377357138175
-2.165206508135169	-0.18310337021064507	-0.07569465754328893
-2.140175219023779	-0.1724739257762088	-0.07318742653123354
-2.1151439299123904	-0.1635521258986575	-0.06744353767050919
-2.0901126408010025	-0.15742739185613147	-0.05951517307103237
-2.0650813516896127	-0.15443703558003824	-0.05091127896389911
-2.0400500625782225	-0.15404134581862697	-0.042873733131489886
-2.0150187734668323	-0.1553755233695667	-0.03596288067518345
-1.989987484355444	-0.15773799668563404	-0.030236291029657043
-1.9649561952440555	-0.16069439821326645	-0.025580314913826493
-1.939924906132667	-0.16395872320150567	-0.021871911366405927
-1.914893617021277	-0.1673141694617016	-0.01897266949690058
-1.8898623279098858	-0.17061662160743934	-0.01672393152399606
-1.8648310387984974	-0.17379248668474934	-0.014975051570549968
-1.839799749687109	-0.17681605388463692	-0.013602889810731654
-1.8147684605757206	-0.17968715478114752	-0.012514296834784298
-1.7897371714643304	-0.1824170332624499	-0.011640942580144807
-1.764705882352942	-0.1850209475631227	-0.010933010811229629
-1.7396745932415527	-0.18751468197467533	-0.010353977745022799
-1.7146433041301625	-0.18991305471506165	-0.009876774031227928
-1.6896120150187741	-0.19222938387864638	-0.009481080261712791
-1.664580725907384	-0.1944753921126257	-0.009151443007983815
-1.6395494367959955	-0.19666129901860868	-0.008875959494945702
-1.6145181476846062	-0.19879598262172563	-0.008645351391430089
-1.589486858573217	-0.20088715541660365	-0.00845230517202418
-1.5644555694618276	-0.20294153136538948	-0.008290996489937185
-1.5394242803504374	-0.20496497491316676	-0.008156742921977397
-1.514392991239049	-0.20696262991365758	-0.00804574733489108
-1.4893617021276597	-0.20893902936626202	-0.00795490600519842
-1.4643304130162704	-0.21089818803280125	-0.007881663566417054
-1.4392991239048811	-0.2128436803021757	-0.007823902214536736
-1.4142678347934918	-0.21477870558270512	-0.007779856255001603
-1.3892365456821025	-0.21670614325922616	-0.007748045592968704
-1.3642052565707132	-0.218628598966891	-0.0077272235251465
-1.339173967459324	-0.22054844365683987	-0.007716335430386741
-1.3141426783479346	-0.2224678466810452	-0.007714485839490188
-1.2891113892365453	-0.22438880391075966	-0.007720912001032888
-1.264080100125157	-0.2263131617243097	-0.007734962523043476
-1.2390488110137667	-0.22824263755210222	-0.007756080010472923
-1.2140175219023774	-0.2301788375451753	-0.007783786870483513
-1.1889862327909881	-0.23212327183427378	-0.007817673646030686
-1.1639549436795988	-0.23407736776525612	-0.00785738938023235
-1.1389236545682104	-0.23604248143043036	-0.007902633621884435
-1.1138923654568202	-0.23801990776131401	-0.007953149765005737
-1.0888610763454318	-0.24001088940408566	-0.00800871947887602
-1.0638297872340434	-0.24201662456273346	-0.008069158034346385
-1.0387984981226523	-0.244038273965135	-0.008134310370690933
-1.013767209011264	-0.24607696708280902	-0.008204047777499605
-0.9887359198998737	-0.24813380771484173	-0.008278265089989509
-0.9637046307884853	-0.25020987902976105	-0.008356878315080193
-0.9386733416770969	-0.2523062481452728	-0.00843982262072928
-0.9136420525657085	-0.2544239703142244	-0.008527050633188378
-0.8886107634543183	-0.25656409277556025	-0.008618530996655568
-0.8635794743429273	-0.25872765832102784	-0.008714247157764343
-0.8385481852315388	-0.26091570862167857	-0.008814196343838778
-0.8135168961201504	-0.263129287352606	-0.008918388709163016
-0.788485607008762	-0.2653694431496892	-0.00902684662789067
-0.7634543178973718	-0.2676372324281366	-0.00913960411584507
-0.7384230287859816	-0.269933722089389	-0.009256706366475818
-0.7133917396745932	-0.27225999214015983	-0.009378209388762378
-0.6883604505632039	-0.27461713824513545	-0.009504179736981193
-0.6633291614518155	-0.2770062742329471	-0.009634694324054715
-0.6382978723404253	-0.27942853457351247	-0.009769840311743236
-0.6132665832290352	-0.2818850768435646	-0.00990971507226475
-0.5882352941176467	-0.2843770841962061	-0.010054426217086356
-0.5632040050062583	-0.28690576784958494	-0.01020409168964423
-0.5381727158948699	-0.2894723696091815	-0.010358839919655319
-0.5131414267834788	-0.2920781644378731	-0.01051881003750133
-0.48811013767208866	-0.294724463087702	-0.010684152147913675
-0.46307884856070025	-0.29741261480725384	-0.010855027662887855
-0.43804755944931184	-0.3001440101386488	-0.011031609694418368
-0.41301627033792343	-0.30292008381838936	-0.011214083508284496
-0.38798498122653324	-0.305742317796716	-0.011402647040749031
-0.36295369211514483	-0.3086122443906693	-0.011597511480662433
-0.33792240300375376	-0.3115314495867096	-0.011798901920108273
-0.31289111389236535	-0.31450157650958593	-0.012007058077390378
-0.28785982478097694	-0.31752432907515954	-0.012222235096864398
-0.26282853566958675	-0.3206014758459851	-0.012444704430854416
-0.23779724655819834	-0.3237348541098456	-0.012674754809699505
-0.21276595744680904	-0.3269263742028754	-0.012912693306838774
-0.18773466833541974	-0.33017802410072766	-0.013158846506793987
-0.16270337922403044	-0.3334918743030927	-0.013413561784953792
-0.13767209011264026	-0.33687008303916927	-0.013677208709224668
-0.11264080100125184	-0.3403149018241085	-0.013950180574903874
-0.08760951188986255	-0.3438286813992876	-0.014232896085577013
-0.06257822277847325	-0.34741387809237223	-0.014525801194468264
-0.03754693366708395	-0.3510730606367128	-0.014829371122504521
-0.01251564455569465	-0.3548089174935135	-0.015144112571426673
0.01251564455569465	-0.35862426472477305	-0.015470566152636814
0.03754693366708395	-0.3625220544699307	-0.01580930905514365
0.06257822277847325	-0.3665053840849071	-0.016160957979024233
0.08760951188986255	-0.3705775060085377	-0.016526172364309002
0.11264080100125184	-0.37474183842868936	-0.01690565794920029
0.13767209011264114	-0.3790019768284724	-0.017300170696132183
0.16270337922403044	-0.38336170650222173	-0.017710521129474955
0.18773466833541974	-0.38782501614142323	-0.018137579134802
0.21276595744680726	-0.39239611260266044	-0.018582279276714648
0.23779724655819834	-0.39707943698328146	-0.01904562670042941
0.26282853566958764	-0.4018796821458825	-0.019528703691882164
0.28785982478097694	-0.40680181185048225	-0.020032676982240843
0.31289111389236623	-0.41185108167343326	-0.020558805895740755
0.33792240300375376	-0.41703306191538553	-0.021108451455018606
0.36295369211514483	-0.4223536627273078	-0.0216830865760771
0.38798498122653235	-0.4278191617143147	-0.022284307506170428
0.41301627033792343	-0.4334362343126013	-0.022913846682936622
0.43804755944931273	-0.4392119872758524	-0.023573587222793024
0.46307884856070025	-0.4451539956552203	-0.02426557928195854
0.4881101376720913	-0.45127034371241387	-0.02499205857566524
0.5131414267834788	-0.4575696702700725	-0.025755467391695184
0.5381727158948699	-0.464061219079258	-0.02655847849519636
0.5632040050062574	-0.47075489487239536	-0.027404022395140126
0.5882352941176467	-0.47766132587419996	-0.028295318531748655
0.6132665832290378	-0.48479193366575496	-0.029235911052458104
0.6382978723404253	-0.49215901144199475	-0.030229709976246764
0.6633291614518164	-0.49977581187468706	-0.03128103870847614
0.6883604505632039	-0.5076566459974141	-0.032394689068525384
0.7133917396745932	-0.5158169947727298	-0.033575985240452105
0.7384230287859808	-0.5242736352930664	-0.03483085836563855
0.7634543178973718	-0.5330447839166241	-0.0361659338828433
0.7884856070087629	-0.5421502590600408	-0.03758863420749021
0.8135168961201504	-0.5516116668772476	-0.039107299957831874
0.8385481852315397	-0.5614526136680232	-0.040731333719947214
0.8635794743429273	-0.5716989496048652	-0.04247137134894212
0.8886107634543183	-0.582379049272825	-0.04433948710113733
0.9136420525657059	-0.5935241356207226	-0.04634944057815616
0.9386733416770969	-0.6051686552686992	-0.04851697567139207
0.9637046307884862	-0.6173507147601501	-0.0508601846082449
0.9887359198998737	-0.6301125893494469	-0.053399954076816074
1.0137672090112648	-0.6435013183523057	-0.05616051560617738
1.0387984981226523	-0.6575694040293907	-0.05917012942167678
1.0638297872340434	-0.6723756344951062	-0.062461940623138014
1.088861076345431	-0.6879860552808472	-0.0660750598305437
1.1138923654568202	-0.7044751188930847	-0.07005593899878347
1.1389236545682113	-0.7219270467689225	-0.07446013928699435
1.1639549436795988	-0.7404374428469875	-0.07935462523730973
1.18898623279099	-0.7601152011809238	-0.08482077347999904
1.2140175219023774	-0.7810847487549077	-0.09095836303939689
1.2390488110137667	-0.8034886530419302	-0.09789093092697346
1.264080100125156	-0.8274905900333208	-0.1057730511185863
1.2891113892365453	-0.8532785886574523	-0.11480035851930517
1.3141426783479364	-0.8810682936714288	-0.12522354065530883
1.339173967459324	-0.9111056235787806	-0.1373681320979791
1.3642052565707132	-0.943667442221664	-0.1516628747171812
1.3892365456821025	-0.9790572960403002	-0.16868077690891983
1.4142678347934918	-1.0175900248078513	-0.18919888657724296
1.4392991239048811	-1.059552329740608	-0.21428488007978208
1.4643304130162704	-1.105112563030322	-0.24541907715429978
1.4893617021276597	-1.1541255566553832	-0.2846526528217569
1.514392991239049	-1.205729186227278	-0.33476480181368884
1.5394242803504383	-1.2575678154742764	-0.399252985528514
1.5644555694618276	-1.3045225861492464	-0.48164989786361095
1.589486858573217	-1.3374692135674215	-0.5830976909221759
1.6145181476846044	-1.3446646326652387	-0.6974618543416545
1.6395494367959955	-1.3199765166843214	-0.8079348448284958
1.6645807259073848	-1.274027254094312	-0.8954572303942094
1.6896120150187741	-1.2301800000172096	-0.957190272937133
1.7146433041301634	-1.2032826846517555	-1.0099700972611412
1.739674593241551	-1.1897194478731854	-1.0729836951911607
1.764705882352942	-1.1753910825798186	-1.1564236112938815
1.7897371714643295	-1.1417250021669745	-1.258885342967151
1.8147684605757206	-1.0753530228692818	-1.362963534263173
1.83979974968711	-0.9841996060507623	-1.4458089331533703
1.8648310387984974	-0.8917917379075002	-1.5038489934775987
1.8898623279098885	-0.8102608066404184	-1.555247827426589
1.914893617021276	-0.7296317792163273	-1.6178735391366128
1.939924906132667	-0.6294480505483518	-1.6937914898514812
1.9649561952440546	-0.49290548556022545	-1.7688316850716992
1.989987484355444	-0.3159786283946668	-1.8195835870419854
2.015018773466835	-0.10908429249024494	-1.8234752964547325
2.0400500625782225	0.10572260179250581	-1.7650016101980817
2.065081351689613	0.2987342384112622	-1.6433436472969674
2.090112640801001	0.44619185993046	-1.4749643484726656
2.1151439299123904	0.5382026610080621	-1.2821838637627925
2.1401752190237784	0.5741653210520448	-1.0854022872397466
2.165206508135169	0.5601201428078013	-0.9029127313012885
2.1902377972465596	0.5091629122490533	-0.748027201805447
2.2152690863579476	0.4370564001274977	-0.6251001372720433
2.240300375469337	0.3562259255695137	-0.5312071693155568
2.265331664580725	0.2739542960364117	-0.46067450419169365
2.2903629536921155	0.19364573071460983	-0.4080219094329164
2.315394242803503	0.11648562007742959	-0.368927511846352
2.340425531914894	0.04255320589603462	-0.34025197018503384
2.3654568210262834	-0.02857754562360014	-0.3198029703646793
2.3904881101376714	-0.09754399143669219	-0.30609566080591805
2.415519399249062	-0.16506015831339335	-0.29817259405708074
2.4405506883604495	-0.23185959650553378	-0.2954856297037016
2.4655819774718406	-0.2986734823265224	-0.2978295245380519
2.490613266583228	-0.3662210779122929	-0.3053186330205423
2.515644555694618	-0.43519667937066703	-0.31840311874212857
2.5406758448060085	-0.5062353384774743	-0.33792581734132604
2.565707133917396	-0.5798281132855846	-0.3652225607529108
2.590738423028787	-0.6561319268996654	-0.4022593375950742
2.6157697121401746	-0.734575982408889	-0.45175444763332284
2.6408010012515644	-0.813133404015918	-0.5170908607112158
2.665832290362953	-0.8872764146034663	-0.6014983987615281
2.6908635794743425	-0.9494848327882309	-0.7057076219616153
2.7158948685857336	-0.9918580892711834	-0.8247050577922047
2.740926157697121	-1.0126151102420164	-0.9489558824641676
2.765957446808511	-1.0172752777049279	-1.0735235783839094
2.7909887359198997	-1.0080152141003909	-1.201507825001851
2.816020025031289	-0.9783084392615953	-1.3325356391401026
2.841051314142678	-0.925411399693783	-1.454775305566723
2.8660826032540676	-0.86239761828837	-1.558393488570033
2.8911138923654573	-0.8053928248870474	-1.652076029611212
2.916145181476846	-0.7545776515815046	-1.7544073669989224
2.9411764705882355	-0.6956844464907367	-1.876974655965284
2.9662077596996244	-0.6093687198170449	-2.0188568757054868
2.991239048811014	-0.48033236729945256	-2.1655375360352793
3.0162703379224016	-0.30668503732069535	-2.2977650295239775
3.0413016270337927	-0.09208709084228894	-2.402932571331186
3.066332916145182	0.16202029532443157	-2.464781169203572
3.091364205256571	0.4391081751367819	-2.459907328714676
3.1163954943679606	0.704351861879341	-2.3828926460108923
3.141426783479348	0.9325103902436547	-2.2532882878582496
3.166458072590739	1.1185702620468168	-2.092923388049035
3.1914893617021267	1.2656616356441048	-1.9158364106111745
3.2165206508135173	1.3802287675713314	-1.7296287255949079
3.241551939924907	1.4662512117452022	-1.5332116412250978
3.2665832290362946	1.5171017444786592	-1.3254999200137108
3.2916145181476857	1.5236125976323136	-1.1170471719926522
3.316645807259073	1.4869834478137922	-0.9255728469962763
3.341677096370464	1.4195956445084306	-0.7640397610342292
3.366708385481852	1.3366590067340058	-0.6353319295889277
3.391739674593241	1.249445782864513	-0.5354286530111334
3.416770963704632	1.164177231212487	-0.4582630422903317
3.4418022528160197	1.0835813433861532	-0.398304880555718
3.4668335419274103	1.0084900300616375	-0.3512506153923987
3.4918648310387983	0.9388330064341608	-0.31394172155982236
3.5168961201501876	0.8741573210090228	-0.28410240926620467
3.5419274092615756	0.8138773293777024	-0.2600952997659393
3.566958698372966	0.7573877872455405	-0.2407366699080487
3.591989987484357	0.7041106152202297	-0.22516630063348309
3.617021276595745	0.6535103372412644	-0.21275818963252074
3.642052565707134	0.6050950980292186	-0.20305996279171137
3.667083854818522	0.5584113101292275	-0.1957521623771545
3.6921151439299127	0.5130356969328024	-0.19062149077145893
3.7171464330413	0.4685664313603144	-0.18754422746973584
3.7421777221526913	0.42461408388813066	-0.18647756570703733
3.7672090112640806	0.38079265126625134	-0.1874577522855476
3.7922403003754686	0.33671079921635216	-0.19060485469862978
3.817271589486859	0.29196354251690854	-0.19613489300847228
3.8423028785982467	0.24612494897506812	-0.2043811251782056
3.867334167709638	0.19874328037961894	-0.21582764605283544
3.8923654568210253	0.14934171622019407	-0.23116035593177595
3.917396745932415	0.0974313866995301	-0.2513429336139448
3.9424280350438057	0.042550819296975996	-0.2777285084230783
3.967459324155193	-0.01563905864153931	-0.31221957441334147
3.9924906132665843	-0.07714572892738532	-0.35748258541942574
4.017521902377972	-0.14121150817161315	-0.4171879536939569
4.042553191489361	-0.2054844832178479	-0.49612407353362564
4.06758448060075	-0.2646752665716397	-0.5997321473641114
4.09261576971214	-0.30915215664171203	-0.7322203623734573
4.117647058823531	-0.3253011244174194	-0.8929953022794214
4.142678347934918	-0.29942323102942725	-1.0740478693111926
4.167709637046308	-0.2222060349245466	-1.2619317737457771
4.192740926157697	-0.08833841337406666	-1.441462549014177
4.217772215269086	0.10591270863412962	-1.59355999598029
4.2428035043804755	0.3561908185735436	-1.6905700756537676
4.267834793491865	0.6385432707618239	-1.704494839894198
4.292866082603254	0.9124470696711804	-1.625351998798651
4.317897371714643	1.1392781333233375	-1.4678554416137948
4.342928660826033	1.2952152676079813	-1.2617119775988115
4.367959949937422	1.3735780494058594	-1.0419645076179052
4.392991239048811	1.3857686599987895	-0.8399314821238734
4.418022528160199	1.3545663880020475	-0.6726502947745651
4.44305381727159	1.3015942464486305	-0.5421026600603972
4.468085106382979	1.241061579567103	-0.4425666546253605
4.4931163954943685	1.180462166956342	-0.3667984050915917
4.518147684605758	1.1231545485220384	-0.30859039728914067
4.543178973717145	1.0703489596129805	-0.26325683604054073
4.568210262828536	1.0222409441546763	-0.22741769277411655
4.593241551939924	0.9785867871014973	-0.19866344527784238
4.618272841051315	0.9389796891235206	-0.17527077514954692
4.643304130162704	0.9029769408566605	-0.15599465743340094
4.668335419274092	0.8701551748232867	-0.13992390440627236
4.693366708385483	0.8401315438685979	-0.12638235397293582
4.71839799749687	0.8125691395305759	-0.1148612786768008
4.7434292866082615	0.7871754602200522	-0.10497280757082991
4.768460575719649	0.7636981347236694	-0.09641747771614304
4.793491864831038	0.7419198714319736	-0.08896134838120898
4.818523153942429	0.7216535182761258	-0.08241965223612431
4.843554443053817	0.7027375925764678	-0.07664496582727912
4.868585732165208	0.6850323874832982	-0.07151854259184669
4.8936170212765955	0.6684166486447685	-0.06694388859949306
4.918648310387985	0.6527847697913736	-0.06284194792891959
4.943679599499372	0.6380444400504804	-0.05914745574834478
4.968710888610763	0.6241146746775666	-0.05580614797870672
4.9937421777221545	0.6109241669493692	-0.05277260620761808
5.018773466833542	0.5984099072443775	-0.050008578510459666
5.043804755944931	0.5865160236687402	-0.04748166019507205
5.068836045056319	0.5751928061784751	-0.0451642491961636
5.09386733416771	0.5643958827419061	-0.04303271282906998
5.118898623279097	0.5540855216550474	-0.04106671850494485
5.1439299123904885	0.544226038748484	-0.03924869260668701
5.168961201501878	0.5347852920293609	-0.037563380264218675
5.193992490613265	0.525734249414143	-0.03599748510970252
5.219023779724656	0.5170466177461396	-0.0345393728422527
5.244055068836044	0.5086985233597624	-0.033178826015863395
5.269086357947435	0.5006682361390262	-0.031906840189879125
5.2941176470588225	0.4929359303931614	-0.030715453669231084
5.319148936170212	0.48548347699660394	-0.02959760467264284
5.344180225281603	0.478294262162207	-0.0285470110190852
5.36921151439299	0.47135302897450004	-0.02755806840356383
5.3942428035043815	0.4646457384361624	-0.02662576410863349
5.419274092615769	0.4581594473026736	-0.025745603618204164
5.444305381727158	0.4518822004215904	-0.02491354810478707
5.469336670838548	0.4458029356783122	-0.024125961182554743
5.494367959949937	0.4399114000098891	-0.02337956368361954
5.519399249061328	0.43419807532828375	-0.022671395545320633
5.5444305381727155	0.4286541136773144	-0.021998784199223423
5.569461827284105	0.4232712816937003	-0.021359319085464103
5.594493116395494	0.41804191575736305	-0.02075083186783371
5.619524405506883	0.4129588915989434	-0.020171380848999675
5.644555694618273	0.408015615933722	-0.01961923368644959
5.669586983729662	0.40320605054840203	-0.019092828845841278
5.694618272841051	0.3985247651496806	-0.018590663716773037
5.719649561952441	0.3939669294195939	-0.018111021446370574
5.74468085106383	0.3895279481356539	-0.017651577026000818
5.769712140175219	0.3852025297726144	-0.01720951475161434
5.7947434292866085	0.3809842674668222	-0.016782875112458743
5.819774718397996	0.3768670801813891	-0.016371551294543457
5.844806007509387	0.3728465550698156	-0.015976166422990816
5.869837296620776	0.36891943892373663	-0.01559677630825432
5.894868585732166	0.3650827403207235	-0.015232802062706443
5.919899874843555	0.3613334138812674	-0.01488341002604473
5.9449311639549425	0.35766838020610964	-0.014547754847580785
5.9699624530663336	0.35408459975887213	-0.014225065857030907
5.994993742177721	0.35057912106806927	-0.013914663984944342
6.020025031289112	0.3471491023121583	-0.013615958463829835
6.0450563204005014	0.3437918174558484	-0.013328441514374517
6.07008760951189	0.3405046553213521	-0.013051686515259701
6.09511889862328	0.33728511688720936	-0.012785351021001827
6.120150187734667	0.33413081472814726	-0.012529184372724126
6.145181476846059	0.3310394777232441	-0.012283037418108976
6.170212765957445	0.3280089597078519	-0.012046867807764206
6.195244055068836	0.3250372337226076	-0.011820737085171364
6.2202753441802265	0.3221223365539873	-0.011604841850054061
6.245306633291613	0.3192623204106236	-0.011399702273462735
6.270337922403005	0.31645546555861376	-0.011206487747729378
6.295369211514392	0.3137008188943826	-0.011027160679547298
6.320400500625783	0.3109988673324276	-0.010864368746123678
6.3454317897371695	0.30835258095364265	-0.010721063548999108
6.37046307884856	0.30576906831814765	-0.010598938014487361
6.395494367959952	0.303260507032475	-0.010493844186173032
6.420525657071338	0.30083902814731406	-0.010388063608028252
6.445556946182729	0.29849973741685903	-0.010249892095999842
6.470588235294116	0.29620847406664036	-0.010057688119513304
6.495619524405506	0.29392623050315964	-0.009825081914066064
6.520650813516895	0.2916411105221284	-0.009584080137456494
6.545682102628285	0.28936323276250064	-0.00935613337637825
6.570713391739676	0.28710593716735905	-0.009147576143092079
6.5957446808510625	0.28487794830139007	-0.008957169926278633
6.620775969962453	0.28268350784349455	-0.008781694726990034
6.645807259073841	0.2805241438513222	-0.008618111677289146
6.670838548185231	0.27839999152149614	-0.00846406228436175
6.695869837296622	0.27631052874551687	-0.008317828107587204
6.720901126408009	0.27425494585438476	-0.00817817899317746
6.745932415519399	0.27223232332024805	-0.008044234374055074
6.770963704630788	0.2702417145925166	-0.007915361177361387
6.795994993742178	0.26828218313796065	-0.0077911046759747225
6.821026282853566	0.2663528177216515	-0.0076711441801222465
6.8460575719649555	0.2644527377970582	-0.007555266937022159
6.871088861076346	0.26258109526996437	-0.007443356068307695
6.896120150187734	0.2607370767599823	-0.007335390655821697
6.921151439299124	0.25891991060740677	-0.007231458043961018
6.946182728410513	0.2571288853200458	-0.007131779962713932
6.971214017521902	0.2553633921474184	-0.007036754361842596
6.996245306633291	0.253623016446995	-0.006947010694520107
7.0212765957446805	0.25190772281324775	-0.006863458417945575
7.046307884856071	0.250218202649826	-0.0067872543878256105
7.071339173967459	0.24855644518542902	-0.0067194810110491575
7.0963704630788484	0.24692640157248547	-0.006660046198418809
7.121401752190238	0.24533367284499322	-0.006605100941347141
7.146433041301627	0.24378128421901754	-0.006544176494304022
7.171464330413016	0.24226160146725406	-0.0064640499423648835
7.196495619524406	0.2407571594367035	-0.006361896197360245
7.221526908635795	0.23925576475542856	-0.006248910304716895
7.246558197747184	0.23775767175309878	-0.0061378323842598975
7.2715894868585735	0.23626877758761278	-0.006034857435690385
7.296620775969963	0.23479442110466764	-0.005941047892186088
7.321652065081352	0.23333808657908534	-0.005855311501341846
7.3466833541927405	0.23190186618560704	-0.0057756340434792375
7.371714643304131	0.2304864171741368	-0.005699290962093166
7.39674593241552	0.22909035317095783	-0.005623754110887089
7.421777221526909	0.22771099873050202	-0.005548433623521861
7.446808510638299	0.22634659441808752	-0.005474706703109756
7.471839799749687	0.2249970555747248	-0.005404134921319611
7.496871088861077	0.22366308037483187	-0.005337450331235376
7.521902377972466	0.22234538121594163	-0.00527463444059993
7.546933667083856	0.22104433034884405	-0.005215155185756418
7.571964956195245	0.21975960599568728	-0.005158356062416011
7.5969962453066335	0.21849031673867078	-0.005104321078300724
7.622027534418024	0.21723615645135114	-0.005054239431412574
7.647058823529412	0.21599839525438919	-0.005009434206342925
7.672090112640802	0.21477982033247991	-0.004969896700611097
7.697121401752189	0.21358351420052518	-0.004932738966337471
7.72215269086358	0.21240950543146156	-0.004891916451725285
7.74718397997497	0.2112517914173704	-0.004842777115128315
7.772215269086359	0.2101027787056047	-0.004787997408235711
7.797246558197749	0.20896102272730663	-0.004734866583092179
7.8222778473091354	0.20783152381194125	-0.004687904687253415
7.8473091364205265	0.2067210095529429	-0.004645331459490854
7.872340425531913	0.205632305701296	-0.004599382152373872
7.897371714643305	0.20455966505098425	-0.004542031930547483
7.922403003754695	0.20349267846714938	-0.0044735959428981184
7.947434292866082	0.20242620815068776	-0.004401657426981186
7.972465581977473	0.2013619995361116	-0.004332765509111927
7.99749687108886	0.2003037709347723	-0.00426934180033698
8.022528160200253	0.19925425408599431	-0.004211296544064907
8.047559449311638	0.19821487383526332	-0.004157766920642518
8.072590738423028	0.197186201424746	-0.004107883061872452
8.09762202753442	0.19616835609856045	-0.0040609692588444365
8.122653316645806	0.1951612328769704	-0.004016542984607908
8.147684605757199	0.19416460049755457	-0.0039742765451976315
8.172715894868585	0.1931781413221406	-0.003933992489810712
8.197747183979974	0.1922015081096342	-0.00389567862561731
8.222778473091363	0.19123438320038047	-0.0038594650284918047
8.247809762202753	0.19027648895864815	-0.003825596848762084
8.272841051314145	0.1893275859210447	-0.003794455574551178
8.297872340425531	0.18838750807569415	-0.0037666171568395404
8.32290362953692	0.18745625915428338	-0.0037429253735346926
8.34793491864831	0.18653420742391005	-0.0037245562679544073
8.3729662077597	0.18562243711467524	-0.0037129962423793996
8.397997496871088	0.18472326419588067	-0.0037097397493407003
8.423028785982478	0.183840687252445	-0.0037154482318070238
8.448060075093867	0.1829803201354047	-0.0037285892513688437
8.473091364205256	0.182148584868456	-0.0037435652541745953
8.498122653316646	0.1813492926679402	-0.0037479858451973398
8.523153942428035	0.1805747531052494	-0.0037248717575268315
8.548185231539424	0.17980301938175608	-0.0036675509065824782
8.573216520650814	0.17901498528029564	-0.003589135715455932
8.598247809762203	0.17820854773678874	-0.0035088169890515088
8.623279098873592	0.1773920477948849	-0.00343764185431487
8.648310387984981	0.17657416556773772	-0.003378419919187703
8.67334167709637	0.17576080847925368	-0.003330354027877981
8.69837296620776	0.1749559031294179	-0.0032917119665320824
8.72340425531915	0.17416263397763765	-0.0032601748587214787
8.748435544430539	0.17338346553989015	-0.003231871969511483
8.773466833541928	0.17261804692033966	-0.003201172048556616
8.798498122653317	0.17186145400440092	-0.003164067375814556
8.823529411764707	0.1711077573855948	-0.003122009363633739
8.848560700876096	0.17035498476136782	-0.0030795290660616177
8.873591989987485	0.16960456146958325	-0.003039785117590214
8.898623279098874	0.16885848773650972	-0.0030037377399941803
8.92365456821026	0.16811812100492624	-0.002971256197888291
8.948685857321653	0.1673842094713639	-0.0029419699033903703
8.973717146433042	0.16665721616008372	-0.002915575286580541
8.998748435544432	0.16593758130061625	-0.0028918143137970182
9.023779724655821	0.1652257871334363	-0.002870273475506225
9.048811013767207	0.16452210193269898	-0.0028502575375902537
9.0738423028786	0.16382628811719865	-0.00283116808241696
9.098873591989985	0.16313809001736884	-0.002813102575267101
9.123904881101378	0.16245832249046896	-0.002796376954474978
9.148936170212767	0.16178874106337926	-0.002779747722511399
9.173967459324153	0.16112953717763673	-0.002759600694173809
9.198998748435546	0.16047702283949525	-0.002732854254099843
9.224030037546932	0.15982625296369776	-0.0027007651265783506
9.249061326658325	0.15917547282104963	-0.0026673195582094596
9.27409261576971	0.1585258587166225	-0.0026353772442070356
9.2991239048811	0.1578790946185785	-0.002605914893786499
9.324155193992492	0.15723635771379707	-0.002578963281197101
9.349186483103878	0.15659831716191275	-0.002554268476509852
9.374217772215271	0.1559653028283922	-0.002531568891481524
9.399249061326657	0.15533746096597933	-0.0025107099019267146
9.424280350438046	0.1547148885270007	-0.002491684366614152
9.449311639549435	0.15409776440653888	-0.002474634732445068
9.474342928660825	0.1534865153500703	-0.0024598046838023883
9.499374217772218	0.15288203500182948	-0.0024473451289572534
9.524405506883603	0.152285814392802	-0.0024367744810996636
9.549436795994993	0.15169938564463462	-0.002426058256321805
9.574468085106382	0.15112236054362416	-0.0024114741096605483
9.599499374217771	0.15055087275856868	-0.0023903413373123415
9.62453066332916	0.1499802952591423	-0.0023641250970131704
9.64956195244055	0.14940913117380367	-0.002336626396893471
9.67459324155194	0.14883857103250075	-0.002310491116020505
9.699624530663328	0.1482702496482685	-0.0022865648124686384
9.724655819774718	0.1477052641377521	-0.0022647771690797657
9.749687108886107	0.14714417330094512	-0.0022448271451630674
9.774718397997496	0.1465872109094004	-0.0022264580546840556
9.799749687108886	0.14603445352348968	-0.0022095332543772012
9.824780976220275	0.14548592912659877	-0.002194050195787766
9.849812265331664	0.1449417031862271	-0.002180143472701364
9.874843554443054	0.14440198297765738	-0.002168080991321641
9.899874843554443	0.1438672812287699	-0.002158214413975622
9.924906132665832	0.14333865102216034	-0.0021507649441328755
9.949937421777221	0.1428178225311074	-0.0021452181885641772
9.97496871088861	0.14230656875954328	-0.002139300306281346
10.0	0.1418045228504397	-0.00212883453422739
