-10.0	-0.07936454363976035	-0.0009731335079007045
-9.97496871088861	-0.07952424466555603	-0.0009156745408270577
-9.949937421777221	-0.07970073195911093	-0.0008720507431905568
-9.924906132665832	-0.07988558252100113	-0.0008414484809579436
-9.899874843554443	-0.08007433737058038	-0.000821347087540133
-9.874843554443054	-0.08026495653382855	-0.0008094313084839734
-9.849812265331664	-0.08045666097655733	-0.000804053322954729
-9.824780976220275	-0.08064928125396793	-0.0008042320849578709
-9.799749687108886	-0.08084291606395497	-0.0008095705941208573
-9.774718397997496	-0.08103773762539922	-0.0008202075355724274
-9.749687108886107	-0.08123383656723257	-0.000836832233314416
-9.724655819774718	-0.08143101973545383	-0.0008607646648504313
-9.699624530663328	-0.08162845518781951	-0.0008940813053159669
-9.67459324155194	-0.08182398667285505	-0.0009397022904204878
-9.64956195244055	-0.08201282910930106	-0.001001097629802434
-9.62453066332916	-0.08218554393510573	-0.00108055033675038
-9.599499374217771	-0.08232680196284071	-0.001173961525407684
-9.574468085106382	-0.0824208484874168	-0.001261911243041393
-9.549436795994993	-0.0824706540629516	-0.001308381809778481
-9.524405506883603	-0.08251311133100886	-0.0012873937283484668
-9.499374217772216	-0.08259255270505154	-0.0012132851461625922
-9.474342928660825	-0.08272281854444916	-0.0011230838698993
-9.449311639549435	-0.0828915574910218	-0.0010424751716983979
-9.424280350438046	-0.08308208136773446	-0.0009794839545657695
-9.399249061326657	-0.08328294829929668	-0.0009330495747410528
-9.37421777221527	-0.0834879987775851	-0.0008996543947418519
-9.349186483103878	-0.08369431609309297	-0.0008759359445720257
-9.32415519399249	-0.08390066960581444	-0.0008593068915355826
-9.2991239048811	-0.08410663916478447	-0.0008479178288857931
-9.274092615769712	-0.08431217238518024	-0.0008404749075475417
-9.249061326658325	-0.08451738123663713	-0.0008360627214937192
-9.224030037546934	-0.08472247732354075	-0.0008340221205506802
-9.198998748435546	-0.08492775792654471	-0.0008339200637824115
-9.173967459324155	-0.0851335382994435	-0.0008355638239440197
-9.148936170212767	-0.08534006260603232	-0.0008389481829829146
-9.123904881101378	-0.08554749370809882	-0.0008441819110607934
-9.098873591989987	-0.08575593121927283	-0.0008514830905397138
-9.0738423028786	-0.08596537940857728	-0.000861219985855781
-9.048811013767208	-0.08617563831473463	-0.0008739501067231548
-9.023779724655821	-0.08638608534377422	-0.0008904036666040517
-8.998748435544432	-0.08659531222503165	-0.0009112663396021568
-8.973717146433042	-0.08680075469090785	-0.0009364235655891116
-8.948685857321653	-0.0869991391169417	-0.0009633435076403901
-8.923654568210262	-0.08718941356814532	-0.0009858221431444363
-8.898623279098874	-0.08737700893886113	-0.0009973028820938425
-8.873591989987485	-0.08757164309610328	-0.0009981864856278585
-8.848560700876096	-0.08777872969538945	-0.0009958730261000117
-8.823529411764707	-0.08799713817833134	-0.0009975240905996145
-8.798498122653317	-0.08822338259894001	-0.0010067867199270001
-8.773466833541928	-0.08845449196059758	-0.001025061857023656
-8.748435544430539	-0.08868846290017125	-0.0010532113053118998
-8.72340425531915	-0.0889237319912043	-0.0010927392714386638
-8.69837296620776	-0.08915776321574694	-0.001146492998374921
-8.67334167709637	-0.08938481672316331	-0.0012179469039998588
-8.648310387984981	-0.0895939620304476	-0.0013081157525260598
-8.623279098873592	-0.08976976463677384	-0.00140902075298451
-8.598247809762203	-0.08990241059572256	-0.0014963898614388422
-8.573216520650814	-0.09000781728101383	-0.0015383435639361675
-8.548185231539424	-0.09012710825424382	-0.0015280353529240672
-8.523153942428035	-0.09028908147473594	-0.001495024288627763
-8.498122653316646	-0.09048922351571997	-0.0014748885786459811
-8.473091364205256	-0.09070401735427534	-0.0014864602368529914
-8.448060075093867	-0.09090548295509929	-0.0015304661708030111
-8.423028785982478	-0.09106838487596577	-0.0015889315613973277
-8.397997496871088	-0.09118542677550241	-0.0016245878480317202
-8.3729662077597	-0.09128541358227185	-0.0016027570808610204
-8.34793491864831	-0.09141520282960024	-0.001527059658577544
-8.32290362953692	-0.0915965919032845	-0.0014326123757999337
-8.297872340425531	-0.09182079554796885	-0.0013491846872474011
-8.272841051314144	-0.09207050240165486	-0.001288369188267506
-8.247809762202753	-0.09233258829622744	-0.0012511021911976792
-8.222778473091363	-0.0925991333167734	-0.0012354231297653769
-8.197747183979974	-0.09286486368039716	-0.0012398650912135642
-8.172715894868585	-0.09312437359328592	-0.0012640290169707992
-8.147684605757197	-0.09336962513855981	-0.001307088896773643
-8.122653316645806	-0.09358885839691632	-0.0013634030498348693
-8.097622027534417	-0.09377148908567598	-0.0014157974747713946
-8.072590738423028	-0.09392300702258456	-0.0014365572910376722
-8.047559449311638	-0.0940731555119796	-0.0014093640958135784
-8.02252816020025	-0.09425262144759954	-0.0013480739166198989
-7.9974968710888605	-0.09446826729752272	-0.0012794476259303704
-7.972465581977473	-0.09470997228176015	-0.0012201284203414192
-7.947434292866082	-0.09496600656107768	-0.0011745218486670988
-7.922403003754694	-0.09522871084227529	-0.0011412776353443043
-7.897371714643305	-0.09549408636597223	-0.0011176748914449952
-7.872340425531914	-0.0957603081121706	-0.0011012420339345404
-7.8473091364205265	-0.09602666486892039	-0.0010901009878470922
-7.8222778473091354	-0.0962929775289735	-0.0010829117298274107
-7.797246558197748	-0.09655930842699487	-0.0010787412005661226
-7.772215269086359	-0.09682582198508548	-0.0010769482719906105
-7.7471839799749675	-0.09709271963861017	-0.0010771007397898933
-7.72215269086358	-0.09736021018258163	-0.001078920510122196
-7.697121401752189	-0.097628496206826	-0.0010822503629597975
-7.672090112640801	-0.09789776648578297	-0.00108703722264212
-7.647058823529412	-0.09816818782184013	-0.0010933292169427549
-7.622027534418023	-0.09843988925653545	-0.0011012859248237287
-7.596996245306634	-0.09871292646039906	-0.0011112001541069341
-7.571964956195245	-0.09898720835496409	-0.0011235210640780629
-7.546933667083856	-0.09926236579292677	-0.001138854110685394
-7.5219023779724665	-0.09953753890826564	-0.0011578901581474588
-7.496871088861077	-0.09981104868628031	-0.001181147602540685
-7.471839799749688	-0.10008003913272999	-0.0012081596961221546
-7.446808510638299	-0.10034108004079847	-0.0012356601358414542
-7.421777221526909	-0.10059371640140606	-0.001256470481367314
-7.39674593241552	-0.10084477089257274	-0.0012639716193337672
-7.371714643304131	-0.10110456478877958	-0.0012597203086245506
-7.346683354192741	-0.1013778103991987	-0.001251828606378021
-7.321652065081352	-0.10166267289613681	-0.0012471044536718611
-7.296620775969963	-0.10195556638501756	-0.0012484746646526657
-7.2715894868585735	-0.10225384070163933	-0.0012567043539438592
-7.246558197747184	-0.1025559662234808	-0.0012721379281147548
-7.221526908635795	-0.10286095295817918	-0.0012955492033793951
-7.196495619524406	-0.10316766425279954	-0.0013285028388507272
-7.171464330413016	-0.10347395839953658	-0.0013734809100498396
-7.146433041301627	-0.10377537249518654	-0.0014335911863657181
-7.121401752190238	-0.10406322040168137	-0.001510992462279975
-7.0963704630788484	-0.10432330422994165	-0.0016022346473601146
-7.071339173967459	-0.10454047027330529	-0.0016899314135334256
-7.04630788485607	-0.10471598303187048	-0.0017405998252711863
-7.0212765957446805	-0.10488308348552645	-0.0017282484095879102
-6.996245306633291	-0.10508429818101862	-0.001664268617506709
-6.971214017521902	-0.10533449817647729	-0.00158332461655313
-6.946182728410513	-0.10562282683763329	-0.0015105681228433907
-6.921151439299123	-0.10593343739174256	-0.0014542669210063665
-6.896120150187734	-0.10625524212184509	-0.0014136717801840391
-6.871088861076345	-0.10658221543090593	-0.001385487632516251
-6.8460575719649555	-0.10691148486069177	-0.001366490895126427
-6.821026282853566	-0.10724182856452191	-0.001354173435329027
-6.795994993742177	-0.10757282420000705	-0.0013467251946277952
-6.770963704630788	-0.10790441722101952	-0.0013428706492449594
-6.745932415519399	-0.10823671165114193	-0.00134171240966775
-6.720901126408009	-0.1085698721171114	-0.0013426128249557233
-6.69586983729662	-0.10890408123742017	-0.0013451123136577654
-6.670838548185231	-0.10923952173427562	-0.0013488780437868845
-6.645807259073841	-0.10957636441818563	-0.0013536707306185702
-6.620775969962453	-0.1099147605466072	-0.0013593162208665555
-6.595744680851063	-0.1102548430187494	-0.0013656828625443645
-6.570713391739676	-0.1105967312265288	-0.0013726680392172046
-6.545682102628285	-0.11094053531554836	-0.0013801905394865465
-6.520650813516897	-0.11128635948950666	-0.001388186864886433
-6.495619524405506	-0.11163430227552476	-0.001396610026417954
-6.470588235294117	-0.11198445440251906	-0.001405426284029075
-6.445556946182729	-0.11233689914690213	-0.0014146100334085823
-6.420525657071338	-0.1126917148052849	-0.0014241408667981074
-6.395494367959951	-0.11304897637046013	-0.0014340025562498777
-6.37046307884856	-0.11340875626775328	-0.0014441820296124648
-6.34543178973717	-0.11377112551536485	-0.0014546678008338669
-6.320400500625783	-0.1141361564737206	-0.0014654493107921082
-6.295369211514392	-0.11450392509816446	-0.001476519725390084
-6.270337922403004	-0.11487450810474438	-0.0014878792568979024
-6.245306633291613	-0.1152479787262837	-0.0014995327364175886
-6.2202753441802265	-0.11562440758078253	-0.001511485263005562
-6.195244055068836	-0.11600386564775296	-0.001523741277093301
-6.170212765957448	-0.11638642573253519	-0.0015363054851058177
-6.145181476846059	-0.1167721627563059	-0.0015491835810020418
-6.120150187734667	-0.11716115378442196	-0.001562382508127393
-6.09511889862328	-0.11755347810788709	-0.0015759105035551854
-6.070087609511891	-0.11794921740544381	-0.00158977708465105
-6.0450563204005014	-0.11834845595863899	-0.001603993038955538
-6.020025031289112	-0.11875128089696937	-0.0016185704353166032
-5.994993742177721	-0.11915778245947443	-0.0016335226603518063
-5.9699624530663336	-0.11956805426296754	-0.0016488644808236772
-5.9449311639549425	-0.11998219356467256	-0.0016646121305414596
-5.919899874843555	-0.1204003014976593	-0.001680783412855125
-5.894868585732166	-0.12082248324259771	-0.0016973977824662825
-5.869837296620776	-0.12124884810126539	-0.0017144762917780186
-5.844806007509387	-0.12167950956590354	-0.00173204112925045
-5.819774718397998	-0.12211458601429492	-0.0017501144466432095
-5.7947434292866085	-0.1225542034383331	-0.0017687173121523436
-5.769712140175219	-0.12299849967232901	-0.0017878722376683293
-5.74468085106383	-0.12344762379247161	-0.0018076096030958792
-5.719649561952441	-0.12390172949942659	-0.0018279687257117478
-5.694618272841051	-0.12436097318466019	-0.0018489920941489168
-5.669586983729662	-0.12482551805246815	-0.0018707224027608457
-5.644555694618273	-0.12529553755365047	-0.0018932037352178254
-5.619524405506883	-0.12577121675083988	-0.0019164831835921064
-5.594493116395494	-0.1262527532845231	-0.001940611669586218
-5.569461827284105	-0.12674035896661592	-0.001965644739151085
-5.5444305381727155	-0.12723426129509577	-0.001991644387269832
-5.519399249061326	-0.12773470349057234	-0.0020186808213064236
-5.494367959949937	-0.12824194457993376	-0.0020468323758926626
-5.469336670838549	-0.12875626138254706	-0.002076185183524689
-5.444305381727158	-0.1292779511772159	-0.002106834120513049
-5.419274092615769	-0.12980733400542302	-0.00213888434667545
-5.3942428035043815	-0.13034475483449384	-0.0021724526913243394
-5.36921151439299	-0.130890586202291	-0.0022076685681849642
-5.344180225281603	-0.13144523251244405	-0.002244674651944641
-5.319148936170212	-0.13200913687702234	-0.002283629591190153
-5.2941176470588225	-0.13258278693152412	-0.0023247155642435132
-5.269086357947435	-0.13316671463194238	-0.002368145482865185
-5.244055068836044	-0.13376149673109822	-0.002414163252589587
-5.219023779724656	-0.1343677627759285	-0.002463043849014305
-5.193992490613266	-0.1349862057748248	-0.002515098797692236
-5.168961201501876	-0.13561759202063683	-0.0025706846250803986
-5.1439299123904885	-0.13626277110617657	-0.0026302123977566126
-5.1188986232791	-0.13692268744679592	-0.0026941586346219634
-5.09386733416771	-0.13759839394698778	-0.0027630784190384094
-5.06883604505632	-0.13829106821998585	-0.002837621551888153
-5.043804755944931	-0.1390020318180621	-0.0029185526515499234
-5.018773466833542	-0.1397327731229703	-0.003006776289410501
-4.993742177722154	-0.14048497494157894	-0.0031033686737708004
-4.968710888610763	-0.141260548244373	-0.00320961855682359
-4.943679599499373	-0.14206167249251364	-0.0033270817391850126
-4.918648310387985	-0.1428908411715097	-0.0034576526085228322
-4.893617021276597	-0.14375091463291134	-0.0036036546645255405
-4.868585732165207	-0.14464518586322406	-0.0037679588290055917
-4.843554443053817	-0.14557745991690488	-0.003954144604017224
-4.818523153942427	-0.14655214528926547	-0.004166720503233096
-4.793491864831038	-0.14757435610060632	-0.004411426772828676
-4.768460575719651	-0.14865002088152043	-0.004695656107084139
-4.7434292866082615	-0.1497859853466755	-0.005029046284317616
-4.71839799749687	-0.15099007948924117	-0.005424325799324723
-4.69336670838548	-0.1522710845370331	-0.005898534573857071
-4.668335419274092	-0.15363846377262222	-0.006474801884476648
-4.643304130162704	-0.15510157370870076	-0.007184944179583567
-4.618272841051315	-0.15666776866584128	-0.008073227524432814
-4.593241551939924	-0.15833819847018743	-0.009201627749337011
-4.568210262828536	-0.16009892882910362	-0.010656474857865918
-4.543178973717147	-0.16190313570332107	-0.0125544618675966
-4.518147684605758	-0.1636387131817831	-0.015040214190360444
-4.4931163954943685	-0.1650814674495848	-0.018255356740011625
-4.468085106382977	-0.1658637597089764	-0.022251120054292688
-4.44305381727159	-0.16553314791602342	-0.02686470348552797
-4.418022528160201	-0.16370715366154173	-0.03168597338554368
-4.392991239048811	-0.16014781305522002	-0.036124608974089596
-4.367959949937422	-0.1548303837844402	-0.03934060682715761
-4.342928660826031	-0.14833780048373904	-0.04033116970176219
-4.317897371714643	-0.1419727666337179	-0.03862705981149741
-4.292866082603254	-0.13704158758688254	-0.034725651398901505
-4.267834793491865	-0.1342104561677737	-0.02970887417999976
-4.2428035043804755	-0.13340868291930721	-0.024669834368040086
-4.217772215269086	-0.1340903697924815	-0.020306843917595043
-4.192740926157699	-0.13563162222320232	-0.016846127269747258
-4.167709637046308	-0.1375707066867498	-0.014220269154176046
-4.142678347934918	-0.13963969719741953	-0.012261164855682268
-4.117647058823529	-0.1417070370559637	-0.010802809303131803
-4.09261576971214	-0.14371791174963378	-0.009713427173578195
-4.067584480600752	-0.14565590380942423	-0.008896603004644952
-4.042553191489361	-0.1475223777125466	-0.008283861799947024
-4.017521902377972	-0.14932627229187947	-0.007826945519401534
-3.9924906132665825	-0.15107928218159186	-0.007491813919052826
-3.967459324155193	-0.15279369257219647	-0.007254404016573047
-3.9424280350438052	-0.1544814924404443	-0.007097738415798556
-3.917396745932415	-0.15615409574364172	-0.007009982074492204
-3.8923654568210257	-0.15782234734354408	-0.006983149111496978
-3.867334167709638	-0.15949665934493887	-0.007012257081080862
-3.8423028785982494	-0.16118720569481196	-0.00709479764014702
-3.8172715894868587	-0.16290414293397446	-0.00723044273673745
-3.7922403003754686	-0.16465784431508848	-0.007420941057601214
-3.7672090112640793	-0.166459143173836	-0.007670186533051406
-3.7421777221526913	-0.16831958383892034	-0.007984464114923878
-3.717146433041303	-0.17025167556179513	-0.008372902092118727
-3.6921151439299127	-0.17226913526811852	-0.008848189228389876
-3.6670838548185225	-0.1743870830349671	-0.009427654052330477
-3.6420525657071328	-0.1766221080741051	-0.010134858713651582
-3.617021276595745	-0.1789920272281467	-0.011001936500296478
-3.5919899874843564	-0.18151495970129813	-0.012072998045705243
-3.566958698372966	-0.18420693428446203	-0.013409008742690541
-3.541927409261576	-0.1870764313949054	-0.01509443647164412
-3.5168961201501876	-0.19011276900925728	-0.017245135782632023
-3.4918648310387996	-0.19326315115222628	-0.020013812314724926
-3.46683354192741	-0.19639318608902073	-0.023580744526610995
-3.4418022528160197	-0.19923952164126874	-0.028102129489134174
-3.4167709637046295	-0.2014121092948001	-0.033592103899075645
-3.391739674593241	-0.2025467877835367	-0.039815614303618053
-3.366708385481853	-0.20254487253517955	-0.04641687474000604
-3.341677096370464	-0.20151658050981267	-0.05329231208921986
-3.3166458072590737	-0.19926640789261602	-0.060655774976532385
-3.291614518147683	-0.19501342814303899	-0.06840276738977429
-3.2665832290362946	-0.1880097353975388	-0.07549559223047275
-3.2415519399249066	-0.1785239816997258	-0.08029522940074633
-3.2165206508135173	-0.1680593555402355	-0.08174528261080868
-3.191489361702127	-0.15828694238288973	-0.08020065332734348
-3.166458072590739	-0.1498253591438485	-0.07673870491391767
-3.14142678347935	-0.14250068321613613	-0.07190244797305385
-3.11639549436796	-0.13638966403778066	-0.0656509865897251
-3.091364205256571	-0.13204772566559453	-0.05813881958244262
-3.0663329161451807	-0.12994888270431598	-0.05008135699134596
-3.0413016270337927	-0.12999121230387015	-0.04240390548733351
-3.0162703379224034	-0.13160642965029595	-0.03570507479229648
-2.991239048811014	-0.134182605601358	-0.030140800148106665
-2.966207759699625	-0.13728911384015455	-0.025630565390954114
-2.941176470588234	-0.14065523698527155	-0.022042830246852732
-2.916145181476846	-0.14409338364842134	-0.019240585514706792
-2.891113892365457	-0.14747890595214413	-0.017077837372622497
-2.8660826032540676	-0.15074735877633358	-0.015415476704389522
-2.8410513141426783	-0.15387817220977865	-0.014138076465457242
-2.816020025031289	-0.15687547337427105	-0.013157823187007922
-2.790988735919901	-0.15975492030093535	-0.012410720582611886
-2.7659574468085104	-0.1625365874805575	-0.011851086446129054
-2.740926157697121	-0.16524161924835756	-0.011446820505590628
-2.715894868585732	-0.16789086856184493	-0.011175939338504184
-2.6908635794743425	-0.17050450998537356	-0.011024232334209827
-2.6658322903629545	-0.17310211325379385	-0.010983789149784784
-2.6408010012515644	-0.1757029272509085	-0.01105220165927597
-2.615769712140175	-0.1783262518838346	-0.011232324672152679
-2.5907384230287853	-0.18099182961364943	-0.011532559272893043
-2.565707133917396	-0.18372019829982095	-0.011967701163473383
-2.540675844806008	-0.1865329182668334	-0.012560483981551044
-2.515644555694618	-0.18945250392415033	-0.013344057333051076
-2.4906132665832286	-0.1925017091443311	-0.014365782752468564
-2.4655819774718406	-0.19570143719941938	-0.01569290322170912
-2.440550688360452	-0.1990657693235869	-0.017420769547337234
-2.4155193992490616	-0.20259106209113506	-0.019684077760860293
-2.3904881101376714	-0.20623326121801466	-0.022669950627283057
-2.365456821026282	-0.20986375592669537	-0.026625834604611008
-2.340425531914894	-0.21319428682666805	-0.03183961746020957
-2.3153942428035057	-0.21568522386898692	-0.038544258307336356
-2.2903629536921155	-0.21652369474827263	-0.046708080519374716
-2.2653316645807253	-0.21479844117787752	-0.05579764031282025
-2.2403003754693356	-0.20984464345076959	-0.06469296718938987
-2.2152690863579476	-0.20167188542019573	-0.07183313562267599
-2.190237797246559	-0.1912733302284646	-0.07580639680660656
-2.165206508135169	-0.18018864959271166	-0.0760403918967732
-2.140175219023779	-0.1698260215810765	-0.07267540441102793
-2.1151439299123904	-0.16144491869670208	-0.0662794136611149
-2.0901126408010025	-0.15601068480347927	-0.05802430041885528
-2.0650813516896127	-0.15365238128009714	-0.04941788597848176
-2.0400500625782225	-0.1537063386365269	-0.04156260448106412
-2.0150187734668323	-0.155314128845758	-0.03488192512223691
-1.989987484355444	-0.15783354137589403	-0.02936804297129436
-1.9649561952440555	-0.16087700762875395	-0.024895820105932512
-1.939924906132667	-0.1641806228329814	-0.021342572078222224
-1.914893617021277	-0.16754288909566104	-0.018567970803745323
-1.8898623279098858	-0.17083398565529984	-0.01641462499237478
-1.8648310387984974	-0.17399063828450564	-0.014736887786324138
-1.839799749687109	-0.1769929627143693	-0.013417451785462265
-1.8147684605757206	-0.17984356965682863	-0.012368130496817599
-1.7897371714643304	-0.18255482279554058	-0.01152432782945069
-1.764705882352942	-0.18514229202821525	-0.010838905777768122
-1.7396745932415527	-0.1876217111405949	-0.010277234097998886
-1.7146433041301625	-0.1900077035936374	-0.009813583519824417
-1.6896120150187741	-0.19231335041696127	-0.009428590674254606
-1.664580725907384	-0.1945501402018185	-0.009107491779708378
-1.6395494367959955	-0.19672807975579232	-0.008838887616826852
-1.6145181476846062	-0.19885586117779194	-0.008613872058069542
-1.589486858573217	-0.2009410378365661	-0.008425409975522026
-1.5644555694618276	-0.20299018897614798	-0.00826788761783711
-1.5394242803504374	-0.20500906559467214	-0.008136783568537734
-1.514392991239049	-0.20700271620838243	-0.008028425019102278
-1.4893617021276597	-0.20897559370189728	-0.007939805142129394
-1.4643304130162704	-0.21093164543271084	-0.007868444747981675
-1.4392991239048811	-0.2128743889653286	-0.0078122864080457394
-1.4142678347934918	-0.21480697568277982	-0.007769612643528022
-1.3892365456821025	-0.21673224426706536	-0.0077389821389745985
-1.3642052565707132	-0.21865276575356482	-0.007719179589279614
-1.339173967459324	-0.22057088159140426	-0.007709175954744956
-1.3141426783479346	-0.22248873589952425	-0.007708096731578045
-1.2891113892365453	-0.22440830290118433	-0.007715196446347496
-1.264080100125157	-0.22633141034634385	-0.007729838021115829
-1.2390488110137667	-0.22825975958821212	-0.007751475978409855
-1.2140175219023774	-0.23019494286268458	-0.007779642694578886
-1.1889862327909881	-0.2321384582233314	-0.007813937089335386
-1.1639549436795988	-0.23409172250610172	-0.007854015274564344
-1.1389236545682104	-0.2360560826338905	-0.007899582788394961
-1.1138923654568202	-0.2380328255187813	-0.007950388119368294
-1.0888610763454318	-0.24002318677696333	-0.008006217286361597
-1.0638297872340434	-0.24202835843621961	-0.008066889287167917
-1.0387984981226523	-0.24404949578705556	-0.00813225226554686
-1.013767209011264	-0.24608772350475377	-0.008202180275589837
-0.9887359198998737	-0.24814414115007277	-0.008276570545199138
-0.9637046307884853	-0.2502198281400126	-0.008355341158734554
-0.9386733416770969	-0.2523158482666559	-0.008438429093479196
-0.9136420525657085	-0.25443325383086174	-0.008525788556306957
-0.8886107634543183	-0.25657308944823953	-0.008617389576411628
-0.8635794743429273	-0.25873639557706973	-0.008713216817653021
-0.8385481852315388	-0.260924211811298	-0.008813268580354012
-0.8135168961201504	-0.263137579976264	-0.00891755596753156
-0.788485607008762	-0.2653775470602857	-0.009026102194787401
-0.7634543178973718	-0.26764516801135996	-0.009138942026601555
-0.7384230287859816	-0.26994150842506187	-0.00925612132469851
-0.7133917396745932	-0.27226764714705115	-0.009377696696611528
-0.6883604505632039	-0.27462467881135244	-0.009503735234637782
-0.6633291614518155	-0.2770137163337696	-0.009634314337133437
-0.6382978723404253	-0.27943589337827085	-0.009769521605601694
-0.6132665832290352	-0.28189236681297253	-0.009909454812319713
-0.5882352941176467	-0.28438431917138995	-0.010054221934383337
-0.5632040050062583	-0.286912961133889	-0.010203941251041203
-0.5381727158948699	-0.2894795340437118	-0.010358741502076918
-0.5131414267834788	-0.2920853124716397	-0.010518762105803036
-0.48811013767208866	-0.2947316068431273	-0.010684153435965798
-0.46307884856070025	-0.29741976614172155	-0.010855077157548482
-0.43804755944931184	-0.30015118070272373	-0.011031706622117696
-0.41301627033792343	-0.30292728511127265	-0.01121422732398746
-0.38798498122653324	-0.30574956121945207	-0.011402837419103223
-0.36295369211514483	-0.30861954129758823	-0.01159774830917326
-0.33792240300375376	-0.31153881133555467	-0.011799185294214714
-0.31289111389236535	-0.31450901451075053	-0.012007388297342849
-0.28785982478097694	-0.3175318548404459	-0.012222612666331975
-0.26282853566958675	-0.3206091010372768	-0.012445130057213396
-0.23779724655819834	-0.3237425905880731	-0.012675229405977383
-0.21276595744680904	-0.3269342340776773	-0.012913217995309695
-0.18773466833541974	-0.33018601978117135	-0.013159422624243362
-0.16270337922403044	-0.33350001854986505	-0.013414190889651458
-0.13767209011264026	-0.3368783890186331	-0.013677892589667123
-0.11264080100125184	-0.3403233831646485	-0.013950921260409263
-0.08760951188986255	-0.34383735225038703	-0.01423369585884032
-0.06257822277847325	-0.3474227531868979	-0.014526662606210144
-0.03754693366708395	-0.35108215535689724	-0.01483029700837316
-0.01251564455569465	-0.35481824794120126	-0.015145106071345681
0.01251564455569465	-0.3586338477964966	-0.015471630732822657
0.03754693366708395	-0.36253190793748324	-0.01581044853305579
0.06257822277847325	-0.366515526682104	-0.016162176551553605
0.08760951188986255	-0.37058795752496676	-0.016527474639558136
0.11264080100125184	-0.37475261981130675	-0.01690704898226395
0.13767209011264114	-0.37901311029200974	-0.01730165602935079
0.16270337922403044	-0.38337321564949367	-0.017712106837705247
0.18773466833541974	-0.38783692609473397	-0.018139271876334455
0.21276595744680726	-0.3924084501476794	-0.01858408635056391
0.23779724655819834	-0.3970922307268991	-0.019047556110837714
0.26282853566958764	-0.4018929626897925	-0.019530764221008835
0.28785982478097694	-0.40681561198243277	-0.02003487827216651
0.31289111389236623	-0.4118654365783778	-0.020561158541095154
0.33792240300375376	-0.4170480094090437	-0.021110967107759025
0.36295369211514483	-0.42236924351502814	-0.021685778064196616
0.38798498122653235	-0.42783541967850985	-0.02228718896841469
0.41301627033792343	-0.43345321683254273	-0.02291693372196957
0.43804755944931273	-0.4392297455841215	-0.023576897079674735
0.46307884856070025	-0.44517258523580294	-0.024269131035310747
0.4881101376720913	-0.4512898247461626	-0.02499587336951358
0.5131414267834788	-0.4575901081341665	-0.025759568696713125
0.5381727158948699	-0.4640826849083246	-0.026562892408970543
0.5632040050062574	-0.4707774661902182	-0.027408777988157867
0.5882352941176467	-0.4776850873063912	-0.02830044824712772
0.6132665832290378	-0.4848169777455004	-0.02924145116905093
0.6382978723404253	-0.4921854395230572	-0.030235701146732352
0.6633291614518164	-0.4998037351683118	-0.0312875265864934
0.6883604505632039	-0.5076861867527277	-0.03240172504192959
0.7133917396745932	-0.5158482876237354	-0.03358362729154071
0.7384230287859808	-0.5243068287995966	-0.03483917208390498
0.7634543178973718	-0.5330800423317311	-0.03617499366174629
0.7884856070087629	-0.5421877643624712	-0.03759852466421749
0.8135168961201504	-0.5516516211151431	-0.0391181176245674
0.8385481852315397	-0.5614952416691303	-0.0407431890673532
0.8635794743429273	-0.5717445021195894	-0.04248439121826349
0.8886107634543183	-0.5824278066300455	-0.04435381764170221
0.9136420525657059	-0.5935764119928247	-0.04636525081362548
0.9386733416770969	-0.6052248036625183	-0.048534461853068214
0.9637046307884862	-0.6174111328753106	-0.05087957556010087
0.9887359198998737	-0.6301777264757815	-0.05342151779885153
1.0137672090112648	-0.6435716835147661	-0.05618456748623302
1.0387984981226523	-0.6576455756331313	-0.0591970425194977
1.0638297872340434	-0.6724582717761622	-0.06249215864664355
1.088861076345431	-0.6880759119289127	-0.06610911364100687
1.1138923654568202	-0.7045730592813009	-0.07009446778570357
1.1389236545682113	-0.7220340652956727	-0.07450391798474926
1.1639549436795988	-0.7405546869546189	-0.07940460037456634
1.18898623279099	-0.7602439986387869	-0.08487811055142022
1.2140175219023774	-0.7812266397231756	-0.09102450980938154
1.2390488110137667	-0.8036454271546594	-0.09796770303763026
1.264080100125156	-0.827664328025254	-0.10586274932317138
1.2891113892365453	-0.853471706448306	-0.11490593133449588
1.3141426783479364	-0.8812835833811488	-0.12534881304607118
1.339173967459324	-0.9113462787702683	-0.13751813119985057
1.3642052565707132	-0.9439370398151387	-0.1518442992081182
1.3892365456821025	-0.9793596766105106	-0.16890267910542972
1.4142678347934918	-1.0179289492357337	-0.18947366511116256
1.4392991239048811	-1.0599306582283392	-0.21462970534855264
1.4643304130162704	-1.1055304338049634	-0.24585784391096882
1.4893617021276597	-1.1545765245101773	-0.28521830776353485
1.514392991239049	-1.2061924423026444	-0.3355009217502343
1.5394242803504383	-1.2579939979039143	-0.40021050485720544
1.5644555694618276	-1.3048138293848326	-0.48286803762307134
1.589486858573217	-1.3374720111469667	-0.5845515347477684
1.6145181476846044	-1.3442328868416786	-0.6989865138605107
1.6395494367959955	-1.3191401142341506	-0.8092434688429394
1.6645807259073848	-1.273080968217362	-0.89638082056394
1.6896120150187741	-1.2294403948123158	-0.9578971299310269
1.7146433041301634	-1.2027842340969528	-1.010801068236727
1.739674593241551	-1.189253824057061	-1.0741735793027842
1.764705882352942	-1.1746350168231903	-1.158034402893165
1.7897371714643295	-1.1403294775021782	-1.2607057675169617
1.8147684605757206	-1.0732666167866314	-1.364508165145988
1.83979974968711	-0.9818453266844949	-1.446784760719117
1.8648310387984974	-0.8895872987251036	-1.5045231245314052
1.8898623279098885	-0.8081195705243843	-1.5561045118448953
1.914893617021276	-0.7270585353972769	-1.619102904096433
1.939924906132667	-0.6259023193855233	-1.6951306863707412
1.9649561952440546	-0.4881003547928859	-1.7696496219577706
1.989987484355444	-0.310059396580624	-1.8191288641111942
2.015018773466835	-0.10259390639311061	-1.8211129078451427
2.0400500625782225	0.11186788895987007	-1.7604163923546838
2.065081351689613	0.3035471988172682	-1.6368416957175909
2.090112640801001	0.44909652236674213	-1.467271196052558
2.1151439299123904	0.5390170811437454	-1.274047110170102
2.1401752190237784	0.5729468445402573	-1.0775371418957345
2.165206508135169	0.5572227635880252	-0.8959652060470925
2.1902377972465596	0.5051857627260845	-0.7423507558885495
2.2152690863579476	0.432572869381194	-0.620689128517238
2.240300375469337	0.35161318746675835	-0.5278608746527765
2.265331664580725	0.2694038120060537	-0.4581589465646388
2.2903629536921155	0.18923253170515678	-0.406140181682233
2.315394242803503	0.11222400549540543	-0.3675326782834566
2.340425531914894	0.03842886445086548	-0.3392400779565639
2.3654568210262834	-0.032591330106942325	-0.31910289378808815
2.3904881101376714	-0.1014787503315501	-0.3056607738327578
2.415519399249062	-0.16894892904153364	-0.297975059747455
2.4405506883604495	-0.23573562094912698	-0.2955130051682348
2.4655819774718406	-0.3025697205542928	-0.2980832952470305
2.490613266583228	-0.3701698024488104	-0.30581447173792575
2.515644555694618	-0.43922846416762995	-0.3191728853622909
2.5406758448060085	-0.5103764225392649	-0.3390214753077628
2.565707133917396	-0.5840942477468222	-0.3667220765874678
2.590738423028787	-0.6605151316936746	-0.40427358129649316
2.6157697121401746	-0.7390183015118721	-0.45443019160211257
2.6408010012515644	-0.817482200841119	-0.5205940211791501
2.665832290362953	-0.8912347146227284	-0.6059418912393819
2.6908635794743425	-0.9526393397495135	-0.7109950611787001
2.7158948685857336	-0.9939271811738503	-0.8304208953397404
2.740926157697121	-1.0137487525502191	-0.9546480393216549
2.765957446808511	-1.0177888304526184	-1.0791689755562939
2.7909887359198997	-1.0078228630358113	-1.2072876547228935
2.816020025031289	-0.9770868587337306	-1.3381897979890778
2.841051314142678	-0.9233673198428548	-1.4596754972757573
2.8660826032540676	-0.8603245794574031	-1.5624493466057563
2.8911138923654573	-0.8037342547767782	-1.6559616732445483
2.916145181476846	-0.7530351643759065	-1.758804814268445
2.9411764705882355	-0.6935967209713989	-1.8821246601643946
2.9662077596996244	-0.6060370807773546	-2.024490314700406
2.991239048811014	-0.47543626195605143	-2.170957465384189
3.0162703379224016	-0.30038462150197387	-2.302407693129691
3.0413016270337927	-0.08446916119356863	-2.4064387007608214
3.066332916145182	0.17077210934080506	-2.4664448612680068
3.091364205256571	0.4480505541357764	-2.4591252813210134
3.1163954943679606	0.7123464441380831	-2.379996255006279
3.141426783479348	0.9391103104185042	-2.24909617765894
3.166458072590739	1.1238163329823647	-2.0880309626442988
3.1914893617021267	1.2697297038186892	-1.910618890601633
3.2165206508135173	1.3833644515965045	-1.724212473435034
3.241551939924907	1.4684683265348677	-1.5275035758933742
3.2665832290362946	1.5181398555633747	-1.3196110665046807
3.2916145181476857	1.523350012773334	-1.1114176818937114
3.316645807259073	1.4856528881142952	-0.9206626758809009
3.341677096370464	1.4176294673089915	-0.7600544248580785
3.366708385481852	1.3344406999807585	-0.6322215220681702
3.391739674593241	1.247211544023083	-0.5330312981294117
3.416770963704632	1.1620416924833818	-0.4564101134631426
3.4418022528160197	1.0815878942670645	-0.3968588842881734
3.4668335419274103	1.0066465533365019	-0.35010890074733925
3.4918648310387983	0.9371315553546239	-0.31302992867546064
3.5168961201501876	0.8725838605662717	-0.28336696192658284
3.5419274092615756	0.8124162703022418	-0.2594973929441972
3.566958698372966	0.756023962402649	-0.24024793862312893
3.591989987484357	0.7028300385733138	-0.22476581400393228
3.617021276595745	0.6523003981280417	-0.21243038755602883
3.642052565707134	0.6039445038034202	-0.20279324089590914
3.667083854818522	0.5573099255280368	-0.1955379007619423
3.6921151439299127	0.5119743489957567	-0.19045339034045283
3.7171464330413	0.46753671038554906	-0.18741786533849808
3.7421777221526913	0.4236081526660307	-0.18639011397875344
3.7672090112640806	0.37980306665617053	-0.18740782772447837
3.7922403003754686	0.33573034745957187	-0.19059248463975087
3.817271589486859	0.2909850908703102	-0.196161598437426
3.8423028785982467	0.24514132172444925	-0.2044501380677493
3.867334167709638	0.19774717978701187	-0.2159442974200994
3.8923654568210253	0.1483257350878527	-0.2313326961763654
3.917396745932415	0.09638821316369924	-0.25158267830244996
3.9424280350438057	0.041473845255731064	-0.27805243361892096
3.967459324155193	-0.016754290830941414	-0.3126514795884646
3.9924906132665843	-0.07829838455301862	-0.3580557696615081
4.017521902377972	-0.1423891066081712	-0.41794742786770694
4.042553191489361	-0.20665141587976324	-0.49712557369234583
4.06758448060075	-0.2657567795307759	-0.6010306236742136
4.09261576971214	-0.31002580645672567	-0.7338387006511347
4.117647058823531	-0.32582269714112305	-0.8948838263744937
4.142678347934918	-0.29948664780788414	-1.076082674232882
4.167709637046308	-0.22177241387643584	-1.263967331338267
4.192740926157697	-0.08739959229953115	-1.4433644516547806
4.217772215269086	0.10735110196752225	-1.595160159539041
4.2428035043804755	0.35802625325295	-1.6916520252181935
4.267834793491865	0.6405234096866176	-1.704908863787893
4.292866082603254	0.9142691518375915	-1.6251281241635906
4.317897371714643	1.1407288769510855	-1.4671688752112197
4.342928660826033	1.2962047672048065	-1.2607845197143215
4.367959949937422	1.3741268295566629	-1.0410095275051778
4.392991239048811	1.3859871109190287	-0.8390981585235799
4.418022528160199	1.3545885477672666	-0.6719922433009106
4.44305381727159	1.3015212882275016	-0.5416080504348653
4.468085106382979	1.2409523022618765	-0.44220120157230364
4.4931163954943685	1.1803458889413054	-0.3665283185243577
4.518147684605758	1.1230442744023348	-0.3083890993204039
4.543178973717145	1.0702495819140998	-0.2631050302308951
4.568210262828536	1.022153575334541	-0.22730174847259615
4.593241551939924	0.978510896002522	-0.1985737796154317
4.618272841051315	0.9389141181246318	-0.17520061360066205
4.643304130162704	0.9029203752954424	-0.1559391623791936
4.668335419274092	0.8701063492355321	-0.13987958050167626
4.693366708385483	0.8400893238553355	-0.1263466448693296
4.71839799749687	0.8125325464968662	-0.11483229113477914
4.7434292866082615	0.7871436699705527	-0.1049491178112211
4.768460575719649	0.7636704597532685	-0.09639799092144735
4.793491864831038	0.7418957280663963	-0.08894520200238219
4.818523153942429	0.7216323938857587	-0.08240616525643206
4.843554443053817	0.7027190364978929	-0.07663361353633995
4.868585732165208	0.6850160163568677	-0.07150892613417528
4.8936170212765955	0.6684021442403345	-0.06693570034459755
4.918648310387985	0.6527718687959065	-0.06283494489392238
4.943679599499372	0.6380329230152165	-0.059141442488337935
4.968710888610763	0.6241043571130603	-0.05580096548329599
4.9937421777221545	0.6109148926205037	-0.05276812414404154
5.018773466833542	0.5984015430827883	-0.05000468945528196
5.043804755944931	0.5865084558135534	-0.047478275187074634
5.068836045056319	0.5751859368229416	-0.04516129424336699
5.09386733416771	0.5643896275787302	-0.043030126137196596
5.118898623279097	0.5540798077819963	-0.04106444826387886
5.1439299123904885	0.5442208029368509	-0.03924669521351242
5.168961201501878	0.5347804792834264	-0.037561618890148106
5.193992490613265	0.5257298117668342	-0.03599592853919404
5.219023779724656	0.5170425132479656	-0.034537994528408965
5.244055068836044	0.508694715226949	-0.03317760330827708
5.269086357947435	0.5006646920334176	-0.031905753700340204
5.2941176470588225	0.4929326218116029	-0.03071448674781583
5.319148936170212	0.48548037875159183	-0.029596742972115495
5.344180225281603	0.47829135193877437	-0.028546242129618503
5.36921151439299	0.47135028695073156	-0.0275573815427168
5.3942428035043815	0.46464314695650166	-0.02662514985346153
5.419274092615769	0.4581569905942034	-0.025745053667305517
5.444305381727158	0.4518798643433681	-0.024913055057920627
5.469336670838548	0.44580070749207457	-0.02412551832395405
5.494367959949937	0.4399092681553479	-0.023379164751989995
5.519399249061328	0.4341960291745235	-0.02267103446869632
5.5444305381727155	0.4286521431967747	-0.021998454767871822
5.569461827284105	0.42326937695253486	-0.021359014538161573
5.594493116395494	0.4180400660096673	-0.020750544402975114
5.619524405506883	0.41295708357639155	-0.020171101229307032
5.644555694618273	0.4080138306545636	-0.01961895163635519
5.669586983729662	0.4032042580609857	-0.01909253642292719
5.694618272841051	0.3985229192043783	-0.018590366763902924
5.719649561952441	0.3939649745813384	-0.018110764419799256
5.74468085106383	0.3895258665442688	-0.017651462782663108
5.769712140175219	0.3852004110308841	-0.017209648751792414
5.7947434292866085	0.38098226651992	-0.016783241355526883
5.819774718397996	0.37686526625622074	-0.016372022019303205
5.844806007509387	0.37284488480785316	-0.015976634739145554
5.869837296620776	0.36891783771918474	-0.015597205863653174
5.894868585732166	0.36508115053116397	-0.015233199128263574
5.919899874843555	0.3613317992022348	-0.014883794724480528
5.9449311639549425	0.3576667176758604	-0.014548148911223798
5.9699624530663336	0.35408287280448075	-0.014225489770956739
5.994993742177721	0.3505773153330453	-0.01391513752345181
6.020025031289112	0.3471472033453657	-0.01361650219837277
6.0450563204005014	0.3437898093733149	-0.013329078627644894
6.07008760951189	0.3405025199209834	-0.013052444913895402
6.09511889862328	0.33728283295859157	-0.012786266016781555
6.120150187734667	0.3341283574867756	-0.012530302451229547
6.145181476846059	0.3310368186064966	-0.012284422037386942
6.170212765957445	0.32800606772040675	-0.012048608776032794
6.195244055068836	0.32503408188309846	-0.011822964771788015
6.2202753441802265	0.32211891868704595	-0.011607743467481921
6.245306633291613	0.31925867708677713	-0.011403534993957513
6.270337922403005	0.31645171889476165	-0.011211599052285375
6.295369211514392	0.3136972533466977	-0.011034023435518209
6.320400500625783	0.3109961115600286	-0.010873579946148265
6.3454317897371695	0.30835191934044975	-0.010733176528080283
6.37046307884856	0.3057727826933206	-0.010613848331365085
6.395494367959952	0.30327159344971044	-0.010509404612865649
6.420525657071338	0.30085877216779994	-0.010398812333767752
6.445556946182729	0.29852375095118866	-0.010249685411577024
6.470588235294116	0.29622831208412054	-0.010046397959111381
6.495619524405506	0.29393727025595434	-0.009808807941774998
6.520650813516895	0.2916445406433419	-0.009568451257242289
6.545682102628285	0.2893621129161541	-0.009343419961637867
6.570713391739676	0.28710263760743077	-0.009137911518932632
6.5957446808510625	0.2848738130160287	-0.008949983144133526
6.620775969962453	0.28267919579775347	-0.008776357337567129
6.645807259073841	0.2805199457985101	-0.008614119008343177
6.670838548185231	0.278396017231392	-0.00846104699167011
6.695869837296622	0.2763068033976887	-0.00831553187763264
6.720901126408009	0.27425145703828	-0.00817642204936997
6.745932415519399	0.2722290433240905	-0.008042891883794897
6.770963704630788	0.27023861069245186	-0.007914346796593103
6.795994993742178	0.26827922213124433	-0.007790359599227782
6.821026282853566	0.26634996774283853	-0.007670630126495127
6.8460575719649555	0.2644499689254113	-0.007554961955306325
6.871088861076346	0.262578379741456	-0.007443252483848402
6.896120150187734	0.26073438935009	-0.007335494838162878
6.921151439299124	0.25891722981303583	-0.007231791952311816
6.946182728410513	0.25712619636502754	-0.007132384598615159
6.971214017521902	0.25536069372554954	-0.007037695154487819
6.996245306633291	0.2536203347423218	-0.006948383931001834
7.0212765957446805	0.251905138813331	-0.006865394759366498
7.046307884856071	0.25021590114047876	-0.006789906909293609
7.071339173967459	0.24855478858385446	-0.0067229636530150095
7.0963704630788484	0.24692598524661516	-0.006664251811768431
7.121401752190238	0.24533515835069816	-0.006609361723096769
7.146433041301627	0.24378470228670862	-0.006547147936530763
7.171464330413016	0.2422657032237254	-0.0064646523740977315
7.196495619524406	0.24076033586155998	-0.00636049856907129
7.221526908635795	0.23925745194619985	-0.006246722867646351
7.246558197747184	0.23775820145285861	-0.006135703037129959
7.2715894868585735	0.23626863688952995	-0.0060330629293605855
7.296620775969963	0.2347939401808837	-0.005939567842920925
7.321652065081352	0.23333742449370387	-0.005854034785454182
7.3466833541927405	0.23190105869050132	-0.005774450357995016
7.371714643304131	0.23048541748532275	-0.005698133441521041
7.39674593241552	0.22908907383907334	-0.0056226302725416654
7.421777221526909	0.22770937553683704	-0.00554743039855646
7.446808510638299	0.22634463170016872	-0.0054739322336528114
7.471839799749687	0.22499478452614835	-0.005403658402407748
7.496871088861077	0.2236604901335661	-0.005337331790894101
7.521902377972466	0.22234242367425475	-0.005275020989548957
7.546933667083856	0.22104105241820998	-0.005216348464454961
7.571964956195245	0.21975633813556472	-0.005160677681097387
7.5969962453066335	0.21848758981186217	-0.00510781754699621
7.622027534418024	0.2172343958573544	-0.005058708062443261
7.647058823529412	0.2159979664708862	-0.005014655616015316
7.672090112640802	0.2147812501708853	-0.00497546941740615
7.697121401752189	0.21358720868278042	-0.0049376458134810395
7.72215269086358	0.21241487630144026	-0.004894749464062292
7.74718397997497	0.21125718623447165	-0.004843068792128067
7.772215269086359	0.21010698368005298	-0.004786690457541259
7.797246558197749	0.2089640315599108	-0.004733084140833531
7.8222778473091354	0.2078338862592338	-0.004686107746025083
7.8473091364205265	0.2067231468788347	-0.004643381506282011
7.872340425531913	0.20563416925293979	-0.00459692656963979
7.897371714643305	0.20456080923136702	-0.004539039171447522
7.922403003754695	0.2034928250990044	-0.004470515560596915
7.947434292866082	0.2024255305412253	-0.004398956300741952
7.972465581977473	0.2013608463806336	-0.004330618718713799
7.99749687108886	0.20030241421129225	-0.004267713757286296
8.022528160200253	0.1992528464535007	-0.004210084493438868
8.047559449311638	0.19821348626315505	-0.004156871302138472
8.072590738423028	0.1971848608674642	-0.004107226489885363
8.09762202753442	0.19616706818134005	-0.004060496068312945
8.122653316645806	0.195159993005392	-0.004016214203572439
8.147684605757199	0.19416339823679896	-0.003974066106578063
8.172715894868585	0.19317696309803678	-0.003933886295797088
8.197747183979974	0.19220034088457333	-0.003895673496979092
8.222778473091363	0.19123321646222033	-0.0038595662897754693
8.247809762202753	0.1902753148111456	-0.0038258177510867423
8.272841051314145	0.18932640035583903	-0.0037948191767199994
8.297872340425531	0.18838631526380417	-0.003767159180517373
8.32290362953692	0.18745508041925177	-0.0037436962343580195
8.34793491864831	0.1865330970028902	-0.00372561769409886
8.3729662077597	0.18562150201626704	-0.0037144014213192486
8.397997496871088	0.18472266420618802	-0.0037114863249361
8.423028785982478	0.1838405698621641	-0.003717446500978558
8.448060075093867	0.1829807747020695	-0.0037307687833503834
8.473091364205256	0.18214990792301264	-0.0037459167895818267
8.498122653316646	0.18135207004697174	-0.003749926028660772
8.523153942428035	0.18057866097867423	-0.0037250045503028073
8.548185231539424	0.1798063395791369	-0.0036654065803491207
8.573216520650814	0.17901651082398456	-0.003585880821299139
8.598247809762203	0.17820842057577518	-0.003505721474897314
8.623279098873592	0.17739091114460112	-0.003435263116694825
8.648310387984981	0.17657254845738482	-0.0033768377880688464
8.67334167709637	0.17575904115595942	-0.003329491161460394
8.69837296620776	0.17495420387085614	-0.003291469166662918
8.72340425531915	0.17416118759625496	-0.0032604360027068935
8.748435544430539	0.1733824267475249	-0.0032324496184001805
8.773466833541928	0.17261744817476213	-0.00320180254380224
8.798498122653317	0.1718611551109054	-0.0031645471883338517
8.823529411764707	0.17110757701780063	-0.0031223006335041794
8.848560700876096	0.17035482271966018	-0.0030796829996967093
8.873591989987485	0.16960438496571587	-0.003039848826613248
8.898623279098874	0.1688582854464139	-0.0030037334712830145
8.92365456821026	0.1681178791512789	-0.002971189488995338
8.948685857321653	0.16738389987235752	-0.0029418400801091865
8.973717146433042	0.16665678589627392	-0.0029153916021577584
8.998748435544432	0.16593695281345208	-0.0028916295507621856
9.023779724655821	0.1652249021310213	-0.0028702263196794683
9.048811013767207	0.16452101869683966	-0.0028505526111878344
9.0738423028786	0.1638252166115673	-0.0028319543626548244
9.098873591989985	0.16313732030214337	-0.0028143996348380922
9.123904881101378	0.1624581960835478	-0.002798031919840948
9.148936170212767	0.16178951215378085	-0.002781300265073359
9.173967459324153	0.16113099307801096	-0.0027604029862870376
9.198998748435546	0.1604784571126165	-0.0027326655890452787
9.224030037546932	0.15982711890114215	-0.0026999663111961455
9.249061326658325	0.15917571805971714	-0.0026664014917150065
9.27409261576971	0.15852566722560732	-0.0026346049013435693
9.2991239048811	0.15787864946972718	-0.0026053669496527297
9.324155193992492	0.15723577928509277	-0.0025786375313715253
9.349186483103878	0.156597672162851	-0.002554143588404981
9.374217772215271	0.15596462623888133	-0.0025316311987003213
9.399249061326657	0.15533677553493022	-0.002510962967484309
9.424280350438046	0.15471422179672928	-0.00249215177006967
9.449311639549435	0.15409716861145265	-0.0024753583605019924
9.474342928660825	0.15348609596604978	-0.0024608309443886825
9.499374217772218	0.15288198363876884	-0.0024486761963608094
9.524405506883603	0.1522863972243905	-0.0024382537838140935
9.549436795994993	0.15170076071240213	-0.0024272466385078643
9.574468085106382	0.15112423437796868	-0.0024118211053634517
9.599499374217771	0.15055255902483844	-0.0023897416337143895
9.62453066332916	0.14998135273337698	-0.0023630226854835083
9.64956195244055	0.14940959996242664	-0.002335486605125787
9.67459324155194	0.14883867680528529	-0.0023095215450756974
9.699624530663328	0.14827018068147632	-0.002285792270439434
9.724655819774718	0.14770513157755083	-0.002264162184726204
9.749687108886107	0.14714403367805562	-0.002244318831081034
9.774718397997496	0.14658709009104126	-0.0022260103983347684
9.799749687108886	0.14603436080445403	-0.002209106241724683
9.824780976220275	0.14548586292924418	-0.0021936065006307503
9.849812265331664	0.14494165038651777	-0.002179644777979747
9.874843554443054	0.14440191192861285	-0.0021674866576499204
9.899874843554443	0.1438671276606468	-0.002157488376891749
9.924906132665832	0.14333830203999331	-0.0021499045270297803
9.949937421777221	0.14281713109635513	-0.0021443197138557328
9.97496871088861	0.1423054696253622	-0.0021386164042146625
10.0	0.1418032129223158	-0.002128646296969799
