-10.0	-0.07936486341342204	-0.000977539391277638
-9.97496871088861	-0.07952321479290633	-0.0009192359363517885
-9.949937421777221	-0.07969902766143336	-0.0008746903626411797
-9.924906132665832	-0.07988359119433183	-0.0008433101977277292
-9.899874843554443	-0.0800722456270586	-0.0008225968617405728
-9.874843554443054	-0.08026284101448339	-0.0008101972199100805
-9.849812265331664	-0.08045454371157328	-0.000804417364241407
-9.824780976220275	-0.08064715902396494	-0.0008042346847990559
-9.799749687108886	-0.08084077615073852	-0.0008092148476103733
-9.774718397997496	-0.08103556835452055	-0.0008194594687145087
-9.749687108886107	-0.0812316387549853	-0.0008356161834427612
-9.724655819774718	-0.08142882566418712	-0.000858954037183614
-9.699624530663328	-0.0816263654023169	-0.0008914878612507262
-9.67459324155194	-0.08182224163509626	-0.000936077430676402
-9.64956195244055	-0.08201193549591965	-0.000996190087925035
-9.62453066332916	-0.08218643377882841	-0.0010743335635061753
-9.599499374217771	-0.08233079471524886	-0.001167193733696388
-9.574468085106382	-0.08242877391500335	-0.001256802732212544
-9.549436795994993	-0.08248103108724696	-0.00130785096472485
-9.524405506883603	-0.08252219588385194	-0.0012921052301206875
-9.499374217772216	-0.08259776983483838	-0.0012207518502174938
-9.474342928660825	-0.08272437210022435	-0.0011305397811732939
-9.449311639549435	-0.08289081969222677	-0.0010486491883632306
-9.424280350438046	-0.08308021523518336	-0.0009842123274022127
-9.399249061326657	-0.08328063586558794	-0.0009365730201480706
-9.37421777221527	-0.08348557951287426	-0.000902268536074597
-9.349186483103878	-0.08369194097798864	-0.0008778849723550933
-9.32415519399249	-0.08389839595689108	-0.0008607704257610011
-9.2991239048811	-0.08410448004566916	-0.0008490228406756563
-9.274092615769712	-0.08431012042039465	-0.0008413102522189161
-9.249061326658325	-0.08451541898644867	-0.0008366901949805851
-9.224030037546934	-0.08472058158439073	-0.0008344821029625407
-9.198998748435546	-0.08492590469759087	-0.0008342332339635499
-9.173967459324155	-0.08513170933438695	-0.0008357357109721917
-9.148936170212767	-0.0853382464392551	-0.000838976223848818
-9.123904881101378	-0.08554568268669267	-0.0008440571809365489
-9.098873591989987	-0.08575412174003559	-0.0008511871492019934
-9.0738423028786	-0.08596357746351878	-0.000860721045495547
-9.048811013767208	-0.08617387151573627	-0.0008732011732273002
-9.023779724655821	-0.08638442481968932	-0.0008893483766740168
-8.998748435544432	-0.08659390489255671	-0.0009098694655300986
-8.973717146433042	-0.08679983972141363	-0.0009347590197548305
-8.948685857321653	-0.08699894581491717	-0.0009617410445858547
-8.923654568210262	-0.08718982873265296	-0.0009848627746282912
-8.898623279098874	-0.0873773642613116	-0.0009973279223702673
-8.873591989987485	-0.08757124250471196	-0.0009988455607079577
-8.848560700876096	-0.08777742351127651	-0.0009965247921977101
-8.823529411764707	-0.08799515048744197	-0.0009977562768443717
-8.798498122653317	-0.08822096480003054	-0.001006444062662117
-8.773466833541928	-0.08845180201417874	-0.0010240899574919218
-8.748435544430539	-0.08868557763315635	-0.0010515323504174771
-8.72340425531915	-0.08892073042275082	-0.0010901621272303452
-8.69837296620776	-0.08915488917148741	-0.0011427068945539715
-8.67334167709637	-0.08938264231419066	-0.001212665156508495
-8.648310387984981	-0.08959346780037424	-0.0013013854116671665
-8.623279098873592	-0.08977210948076207	-0.0014017565888004152
-8.598247809762203	-0.08990788326455901	-0.0014906602469878627
-8.573216520650814	-0.09001463268249642	-0.0015360333825779368
-8.548185231539424	-0.09013260413334144	-0.001528719796793912
-8.523153942428035	-0.09029222783654935	-0.0014966015560918934
-8.498122653316646	-0.09049073795575911	-0.001475686992156372
-8.473091364205256	-0.09070520684007269	-0.001485870714927078
-8.448060075093867	-0.0909076603958923	-0.001528778215994005
-8.423028785982478	-0.0910724608880142	-0.001587363058524552
-8.397997496871088	-0.09119101972193845	-0.001624952879805258
-8.3729662077597	-0.09129058528830027	-0.0016058844428127098
-8.34793491864831	-0.09141824624050311	-0.0015318257923857687
-8.32290362953692	-0.09159739362149241	-0.0014373644609533215
-8.297872340425531	-0.09182012061261981	-0.001353044365326848
-8.272841051314144	-0.0920690831644002	-0.001291161490226377
-8.247809762202753	-0.09233088346465836	-0.0012529265495691737
-8.222778473091363	-0.0925974037500533	-0.0012364107499792747
-8.197747183979974	-0.09286329121290599	-0.0012401020761859272
-8.172715894868585	-0.09312316272983437	-0.0012635658513693326
-8.147684605757197	-0.09336908064631994	-0.0013060258639765196
-8.122653316645806	-0.09358936708564392	-0.0013620790962611848
-8.097622027534417	-0.09377321517187	-0.0014149679743059537
-8.072590738423028	-0.09392537169126382	-0.0014370654579693289
-8.047559449311638	-0.09407503298925253	-0.0014112602221897654
-8.02252816020025	-0.09425338136651389	-0.0013505688424671623
-7.9974968710888605	-0.09446805585295213	-0.0012818010400403573
-7.972465581977473	-0.09470919120389482	-0.001222044144068466
-7.947434292866082	-0.0949649676373841	-0.0011759887532853351
-7.922403003754694	-0.09522758893874114	-0.0011423779756493016
-7.897371714643305	-0.0954929647545962	-0.001118497403344269
-7.872340425531914	-0.09575922093546385	-0.001101857641895349
-7.8473091364205265	-0.09602562225249053	-0.0010905610979652523
-7.8222778473091354	-0.0962919784790485	-0.0010832521165674096
-7.797246558197748	-0.09655834708664197	-0.0010789861237052332
-7.772215269086359	-0.09682489058391987	-0.0010771135852226785
-7.7471839799749675	-0.09709180986934411	-0.0010771959457913313
-7.72215269086358	-0.09735931388246642	-0.0010789499691788056
-7.697121401752189	-0.09762760580625734	-0.001082213866438885
-7.672090112640801	-0.09789687546360808	-0.001086930098061967
-7.647058823529412	-0.09816729124739888	-0.0010931419755785229
-7.622027534418023	-0.09843898467391263	-0.0011010030260669916
-7.596996245306634	-0.0987120164930646	-0.001110797407870828
-7.571964956195245	-0.09898630746593012	-0.0011229627906715325
-7.546933667083856	-0.0992615133980911	-0.0011380932480884137
-7.5219023779724665	-0.09953682137722161	-0.0011568777953043245
-7.496871088861077	-0.0998106296181611	-0.0011798696973062345
-7.471839799749688	-0.10008016539827813	-0.0012067364698641818
-7.446808510638299	-0.10034194134207748	-0.0012344935532573593
-7.421777221526909	-0.10059507416141567	-0.0012561687909054954
-7.39674593241552	-0.10084584185983791	-0.0012647624370061082
-7.371714643304131	-0.10110469188379172	-0.0012611002495076418
-7.346683354192741	-0.1013769590611379	-0.001253115105791095
-7.321652065081352	-0.10166114015028585	-0.001247922785568946
-7.296620775969963	-0.10195362964393262	-0.001248716418738958
-7.2715894868585735	-0.10225166918702927	-0.001256353304380492
-7.246558197747184	-0.10255365489990786	-0.0012711686918619248
-7.221526908635795	-0.10285857461446285	-0.0012938858356237298
-7.196495619524406	-0.10316532355809598	-0.0013260002995351937
-7.171464330413016	-0.10347186767099155	-0.001369921329167156
-7.146433041301627	-0.10377397385772402	-0.0014287289693512711
-7.121401752190238	-0.10406334194669443	-0.0015047455106415957
-7.0963704630788484	-0.1043261655742238	-0.0015951715434057738
-7.071339173967459	-0.10454698183496856	-0.001683908091522717
-7.04630788485607	-0.1047251316900482	-0.001738274524446623
-7.0212765957446805	-0.10489171184513356	-0.0017305472424937705
-6.996245306633291	-0.1050899677423393	-0.0016693002715905902
-6.971214017521902	-0.10533713979095781	-0.0015887128573756101
-6.946182728410513	-0.10562349858495834	-0.0015151276266449326
-6.921151439299123	-0.10593309968714577	-0.001457775443311526
-6.896120150187734	-0.10625447403430097	-0.0014162816882464422
-6.871088861076345	-0.10658131213452218	-0.0013874175318282236
-6.8460575719649555	-0.1069105828974097	-0.0013679268741140355
-6.821026282853566	-0.10724098509979817	-0.0013552533272415401
-6.795994993742177	-0.10757205898635631	-0.00134754619615252
-6.770963704630788	-0.10790373354202949	-0.001343500310669565
-6.745932415519399	-0.10823610659682827	-0.001342198062440161
-6.720901126408009	-0.10856934119231322	-0.0013429890682953559
-6.69586983729662	-0.10890361911884751	-0.0013454064253270988
-6.670838548185231	-0.10923912100020398	-0.0013491120195026484
-6.645807259073841	-0.10957601575366975	-0.001353860545614723
-6.620775969962453	-0.10991445508685116	-0.0013594719419476099
-6.595744680851063	-0.11025457410699853	-0.0013658106185700104
-6.570713391739676	-0.11059649460931302	-0.0013727722438325232
-6.545682102628285	-0.11094032823569092	-0.0013802755093485378
-6.520650813516897	-0.11128617912688903	-0.001388257229092605
-6.495619524405506	-0.11163414486813257	-0.0013966696718506627
-6.470588235294117	-0.11198431594093966	-0.0014054773704580393
-6.445556946182729	-0.11233677639083486	-0.0014146532054912415
-6.420525657071338	-0.11269160566264817	-0.001424175922393093
-6.395494367959951	-0.11304887995953479	-0.0014340289563369915
-6.37046307884856	-0.11340867300198727	-0.0014441994284792718
-6.34543178973717	-0.11377105693890713	-0.0014546769426878317
-6.320400500625783	-0.11413610408681216	-0.0014654529142352623
-6.295369211514392	-0.11450388844871755	-0.0014765218365206177
-6.270337922403004	-0.11487448445276276	-0.001487883011185144
-6.245306633291613	-0.11524796473935131	-0.0014995392008868701
-6.2202753441802265	-0.11562440070483539	-0.0015114941089653235
-6.195244055068836	-0.11600386429279125	-0.0015237517357168029
-6.170212765957448	-0.1163864289685202	-0.0015363168247128803
-6.145181476846059	-0.11677217002046651	-0.0015491952313321595
-6.120150187734667	-0.1171611647016724	-0.00156239404762074
-6.09511889862328	-0.11755349239552963	-0.0015759216136970405
-6.070087609511891	-0.11794923482528338	-0.0015897875044733913
-6.0450563204005014	-0.11834847629389203	-0.0016040025255625661
-6.020025031289112	-0.11875130394299309	-0.0016185787279841563
-5.994993742177721	-0.11915780802480604	-0.0016335294435856557
-5.9699624530663336	-0.11956808218302227	-0.0016488693412957227
-5.9449311639549425	-0.11998222373754928	-0.0016646145034972496
-5.919899874843555	-0.1204003339630711	-0.001680782518162786
-5.894868585732166	-0.12082251834325422	-0.0016973925685240083
-5.869837296620776	-0.12124888678202228	-0.001714465461312113
-5.844806007509387	-0.12167955381645167	-0.001732023449773565
-5.819774718397998	-0.12211463915303471	-0.0017500896759027565
-5.7947434292866085	-0.12255426929581051	-0.001768687620742741
-5.769712140175219	-0.12299858013335885	-0.0017878424037421133
-5.74468085106383	-0.12344771713090205	-0.001807584409170028
-5.719649561952441	-0.12390183200544767	-0.0018279503059390773
-5.694618272841051	-0.12436108167553157	-0.0018489800691647153
-5.669586983729662	-0.1248256307781034	-0.0018707153003452864
-5.644555694618273	-0.12529565401239223	-0.001893199965467282
-5.619524405506883	-0.12577133734499252	-0.0019164814959699988
-5.594493116395494	-0.12625287898279522	-0.00194061147419565
-5.569461827284105	-0.12674049073532728	-0.00196564629165434
-5.5444305381727155	-0.12723439944857323	-0.0019916484042321963
-5.519399249061326	-0.12773484769309307	-0.0020186876820615213
-5.494367959949937	-0.12824209444600354	-0.002046841787618461
-5.469336670838549	-0.12875641691205506	-0.0020761963767392325
-5.444305381727158	-0.12927811289055896	-0.0021068460710432137
-5.419274092615769	-0.12980750306336983	-0.002138895880730598
-5.3942428035043815	-0.13034493331740146	-0.0021724626568097065
-5.36921151439299	-0.13089077745560118	-0.0022076764055665933
-5.344180225281603	-0.13144544094056587	-0.0022446815787522416
-5.319148936170212	-0.13200936625821133	-0.0022836395233751536
-5.2941176470588225	-0.13258303818572276	-0.0023247337758008526
-5.269086357947435	-0.13316698607249067	-0.0023681757421017413
-5.244055068836044	-0.13376178643652642	-0.0024142068911631545
-5.219023779724656	-0.13436807006773946	-0.0024631008673146803
-5.193992490613266	-0.13498653129416907	-0.002515169002858014
-5.168961201501876	-0.13561793736472563	-0.002570768145629317
-5.1439299123904885	-0.1362631385432461	-0.002630309816882031
-5.1188986232791	-0.1369230797888531	-0.0026942709933920144
-5.09386733416771	-0.137598814546296	-0.002763207202554774
-5.06883604505632	-0.13829152106404174	-0.002837768704488814
-5.043804755944931	-0.13900252172094696	-0.002918720666288242
-5.018773466833542	-0.13973330599568853	-0.0030069684655308184
-4.993742177722154	-0.14048555798847914	-0.003103589673605773
-4.968710888610763	-0.14126118969570045	-0.0032098751563274567
-4.943679599499373	-0.14206238079051253	-0.0033273830345934953
-4.918648310387985	-0.1428916247127065	-0.0034580092828151187
-4.893617021276597	-0.1437517827978532	-0.003604078605533586
-4.868585732165207	-0.14464615022662114	-0.003768464002998002
-4.843554443053817	-0.14557853485557187	-0.003954748538875769
-4.818523153942427	-0.14655334826926458	-0.004167445900369204
-4.793491864831038	-0.14757570796370212	-0.004412303401687569
-4.768460575719651	-0.14865154617849835	-0.004696723338497917
-4.7434292866082615	-0.1497877125997518	-0.0050303566797431035
-4.71839799749687	-0.1509920411221903	-0.0054259503043256035
-4.69336670838548	-0.1522733159515634	-0.005900570111185413
-4.668335419274092	-0.15364100050751123	-0.006477382515347083
-4.643304130162704	-0.15510444449200506	-0.007188257470330006
-4.618272841051315	-0.15667097985865266	-0.008077538089070512
-4.593241551939924	-0.15834170079810422	-0.009207309193637292
-4.568210262828536	-0.16010254891576967	-0.010664046399599435
-4.543178973717147	-0.16190644343022118	-0.01256460803591631
-4.518147684605758	-0.16364079679641774	-0.015053717933393452
-4.4931163954943685	-0.16508066542789943	-0.018272797125177247
-4.468085106382977	-0.16585764295345387	-0.022272225454423457
-4.44305381727159	-0.165519151910273	-0.02688775453235253
-4.418022528160201	-0.1636833504975502	-0.03170793913895965
-4.392991239048811	-0.16011308588301645	-0.03614106548247625
-4.367959949937422	-0.1547861592100364	-0.03934505699433015
-4.342928660826031	-0.1482909237010038	-0.0403180065612701
-4.317897371714643	-0.1419330031805404	-0.038596728262385985
-4.292866082603254	-0.1370159118290121	-0.03468441556569749
-4.267834793491865	-0.134200621543241	-0.029665006284040302
-4.2428035043804755	-0.13341181890062656	-0.02462998790868596
-4.217772215269086	-0.13410165717378608	-0.020274108892209382
-4.192740926157699	-0.1356468757004634	-0.01682065204824445
-4.167709637046308	-0.1375872677798091	-0.01420086201688006
-4.142678347934918	-0.1396561826397796	-0.012246407696456482
-4.117647058823529	-0.1417228382520768	-0.010791501328740112
-4.09261576971214	-0.1437328221480014	-0.00970466429236789
-4.067584480600752	-0.14566990650430697	-0.00888973326943346
-4.042553191489361	-0.1475355374667331	-0.008278420453070345
-4.017521902377972	-0.14933868375621093	-0.00782260035340368
-3.9924906132665825	-0.15109104616852073	-0.007488325404008283
-3.967459324155193	-0.15280490588717238	-0.0072515976238691476
-3.9424280350438052	-0.1544922441386231	-0.007095485710889813
-3.917396745932415	-0.1561644663594656	-0.007008187817998265
-3.8923654568210257	-0.15783240943445717	-0.006981742420557142
-3.867334167709638	-0.1595064785604679	-0.007011185342072298
-3.8423028785982494	-0.16119684200486467	-0.007094022310414365
-3.8172715894868587	-0.1629136518555252	-0.007229936472852305
-3.7922403003754686	-0.16466727807515688	-0.007420685808284584
-3.7672090112640793	-0.16646855179197967	-0.007670172372229488
-3.7421777221526913	-0.168329016129454	-0.007984688689897225
-3.717146433041303	-0.17026118005474294	-0.008373370641661876
-3.6921151439299127	-0.17227876102925319	-0.008848915199921412
-3.6670838548185225	-0.17439688032005646	-0.009428660428544918
-3.6420525657071328	-0.17663212865721023	-0.010136180257978415
-3.617021276595745	-0.1790023240460628	-0.01100362325204444
-3.5919899874843564	-0.18152558504790817	-0.012075120516880731
-3.566958698372966	-0.18421793495527305	-0.013411665265061308
-3.541927409261576	-0.1870878375586525	-0.015097762558560733
-3.5168961201501876	-0.1901245708374594	-0.017249312785042777
-3.4918648310387996	-0.1932752545685927	-0.02001906439127353
-3.46683354192741	-0.1964053454272935	-0.023587293153208542
-3.4418022528160197	-0.1992512920967264	-0.028110051677889842
-3.4167709637046295	-0.20142296668217272	-0.0336010972047841
-3.391739674593241	-0.2025565407315046	-0.03982492268022517
-3.366708385481853	-0.20255405291928302	-0.046425703225940716
-3.341677096370464	-0.20152628415606932	-0.05330046397604699
-3.3166458072590737	-0.1992776998062713	-0.06066387650586803
-3.291614518147683	-0.19502690024953956	-0.06841206350646525
-3.2665832290362946	-0.1880251834020811	-0.07550768779824178
-3.2415519399249066	-0.17854009776511104	-0.08031144920589482
-3.2165206508135173	-0.16807429264341164	-0.08176566212699375
-3.191489361702127	-0.15829989921265816	-0.08022416039523371
-3.166458072590739	-0.14983674218122686	-0.07676517116702794
-3.14142678347935	-0.14251003351088315	-0.07193312772838727
-3.11639549436796	-0.13639455209978804	-0.06568658812034547
-3.091364205256571	-0.13204518621981534	-0.05817770294198623
-3.0663329161451807	-0.12993775984280373	-0.05011995743911579
-3.0413016270337927	-0.12997287408248856	-0.04243902544228452
-3.0162703379224034	-0.1315832514266984	-0.03573532366463835
-2.991239048811014	-0.1341565037512115	-0.0301661352116366
-2.966207759699625	-0.13726129918405539	-0.025651321030220692
-2.941176470588234	-0.1406266269745691	-0.022059361907678977
-2.916145181476846	-0.14406473869684402	-0.01925340264798807
-2.891113892365457	-0.14745070561976664	-0.017087581029634393
-2.8660826032540676	-0.15071979431679325	-0.01542276051512886
-2.8410513141426783	-0.15385124252241114	-0.01414339517519522
-2.816020025031289	-0.1568490758042848	-0.013161541028293765
-2.790988735919901	-0.15972890560578262	-0.012413091488514025
-2.7659574468085104	-0.1625107870969566	-0.011852278138611536
-2.740926157697121	-0.16521585678761988	-0.011446933473384211
-2.715894868585732	-0.1678649632272802	-0.011175019421692012
-2.6908635794743425	-0.1704782759859135	-0.011022277671325152
-2.6658322903629545	-0.1730753572222602	-0.010980752334839385
-2.6408010012515644	-0.17567544465159968	-0.011047987511321215
-2.615769712140175	-0.17829782296175872	-0.011226783440191223
-2.5907384230287853	-0.180962215375837	-0.011525474431452703
-2.565707133917396	-0.18368913729410632	-0.011958770123158375
-2.540675844806008	-0.18650012568281354	-0.012549288914417612
-2.515644555694618	-0.18941767619647235	-0.013330021742975403
-2.4906132665832286	-0.19246454069655924	-0.014348107325748058
-2.4655819774718406	-0.1956616631104016	-0.015670472224665975
-2.440550688360452	-0.1990232622171359	-0.01739201860793347
-2.4155193992490616	-0.20254603964800957	-0.01964682273921517
-2.3904881101376714	-0.20618670779550186	-0.022621218465697722
-2.365456821026282	-0.20981820726189157	-0.026561867645432252
-2.340425531914894	-0.2131550284933897	-0.0317565200423684
-2.3153942428035057	-0.21566131524096321	-0.0384400409685964
-2.2903629536921155	-0.21652705013206947	-0.046586020444743574
-2.2653316645807253	-0.21483996062753533	-0.05566850734151472
-2.2403003754693356	-0.20992928123043697	-0.06457442550704129
-2.2152690863579476	-0.20179324821966943	-0.07174551053182822
-2.190237797246559	-0.19141364071714118	-0.0757625097104615
-2.165206508135169	-0.18032891384217928	-0.0760410842114681
-2.140175219023779	-0.16995113080873042	-0.07271545405622734
-2.1151439299123904	-0.16154200940861918	-0.06634865981873801
-2.0901126408010025	-0.15607339063950393	-0.058106606249863295
-2.0650813516896127	-0.15368459948146412	-0.04949789601322991
-2.0400500625782225	-0.1537173861943577	-0.041632140737639246
-2.0150187734668323	-0.1553125077000188	-0.034939277163588335
-1.989987484355444	-0.15782471663066786	-0.02941433988773191
-1.9649561952440555	-0.16086427126250327	-0.024932538671664808
-1.939924906132667	-0.1641663043630326	-0.021371160899862438
-1.914893617021277	-0.16752858562689052	-0.018590008898012204
-1.8898623279098858	-0.1708205749732899	-0.01643163298617571
-1.8648310387984974	-0.17397847979116532	-0.014750126788114064
-1.839799749687109	-0.17698212643820768	-0.013427880929368684
-1.8147684605757206	-0.17983399011382628	-0.012376452575428373
-1.7897371714643304	-0.18254638206730256	-0.011531052737328495
-1.764705882352942	-0.18513485985659814	-0.01084440478518743
-1.7396745932415527	-0.18761516263410916	-0.01028178017061575
-1.7146433041301625	-0.19000192605056873	-0.009817379793028354
-1.6896120150187741	-0.19230824509316405	-0.009431790255703775
-1.664580725907384	-0.1945456218598596	-0.009110211524808901
-1.6395494367959955	-0.19672407534591205	-0.00884121778338836
-1.6145181476846062	-0.19885230827785522	-0.008615883145596902
-1.589486858573217	-0.2009378831290638	-0.008427157628380462
-1.5644555694618276	-0.2029873868732985	-0.008269416183598454
-1.5394242803504374	-0.20500657704423653	-0.008138128711486196
-1.514392991239049	-0.20700050767755876	-0.008029615661984972
-1.4893617021276597	-0.20897363632227597	-0.007940864924644377
-1.4643304130162704	-0.21092991428484023	-0.007869393133610285
-1.4392991239048811	-0.21287286248155995	-0.007813139532183766
-1.4142678347934918	-0.2148056351490314	-0.0077703839693146854
-1.3892365456821025	-0.21673107340676018	-0.007739682968767577
-1.3642052565707132	-0.2186517503795943	-0.00771981946676169
-1.339173967459324	-0.22057000931434653	-0.007709762983444106
-1.3141426783479346	-0.22248799588241785	-0.007708637828978523
-1.2891113892365453	-0.22440768565285962	-0.007715697547984129
-1.264080100125157	-0.22633090754678636	-0.007730304245543966
-1.2390488110137667	-0.2282593639405752	-0.007751911761360445
-1.2140175219023774	-0.2301946479675664	-0.007780051898685786
-1.1889862327909881	-0.23213825847168412	-0.007814323094379278
-1.1639549436795988	-0.23409161298780362	-0.007854381052087486
-1.1389236545682104	-0.23605605905952026	-0.0078999309637101
-1.1138923654568202	-0.23803288415256385	-0.007950721023348485
-1.0888610763454318	-0.24002332437919552	-0.00800653699890605
-1.0638297872340434	-0.24202857221378365	-0.008067197673856738
-1.0387984981226523	-0.24404978335083968	-0.008132551008699996
-1.013767209011264	-0.24608808283301484	-0.008202470900710525
-0.9887359198998737	-0.24814457055691383	-0.00827685444359708
-0.9637046307884853	-0.25022032624829543	-0.008355619606977649
-0.9386733416770969	-0.25231641398477245	-0.008438703270204795
-0.9136420525657085	-0.2544338863328682	-0.008526059556829656
-0.8886107634543183	-0.2565737881569585	-0.00861765842548978
-0.8635794743429273	-0.25873716014980735	-0.008713484480714325
-0.8385481852315388	-0.2609250421278804	-0.008813535973431435
-0.8135168961201504	-0.2631384761291628	-0.008917823966120612
-0.788485607008762	-0.2653785093466091	-0.0090263716418032
-0.7634543178973718	-0.26764619692655217	-0.009139213739586859
-0.7384230287859816	-0.2699426046581607	-0.009256396102412605
-0.7133917396745932	-0.2722688115773808	-0.009377975325111646
-0.6883604505632039	-0.27462591250656854	-0.009504018492949884
-0.6633291614518155	-0.2770150205491662	-0.009634603002598446
-0.6382978723404253	-0.27943726955729764	-0.009769816458971448
-0.6132665832290352	-0.28189381658891366	-0.009909756642671713
-0.5882352941176467	-0.28438584437018083	-0.01005453154391523
-0.5632040050062583	-0.2869145637780409	-0.010204259459801796
-0.5381727158948699	-0.28948121635735585	-0.01035906915268778
-0.5131414267834788	-0.2920870768866855	-0.010519100068220311
-0.48811013767208866	-0.29473345600656004	-0.010684502612332275
-0.46307884856070025	-0.29742170292406106	-0.010855438487183981
-0.43804755944931184	-0.3001532082076934	-0.01103208108669613
-0.41301627033792343	-0.30292940668671703	-0.011214615952950023
-0.38798498122653324	-0.3057517804695858	-0.011403241295358697
-0.36295369211514483	-0.30862186209663167	-0.011598168575138386
-0.33792240300375376	-0.311541237842849	-0.011799623158251081
-0.31289111389236535	-0.314511551187464	-0.012007845040651
-0.28785982478097694	-0.31753450646796905	-0.012223089650367126
-0.26282853566958675	-0.32061187273745506	-0.012445628731694046
-0.23779724655819834	-0.3237454878454058	-0.012675751317564082
-0.21276595744680904	-0.3269372627636717	-0.012913764797039647
-0.18773466833541974	-0.3301891861810193	-0.013159996085814737
-0.16270337922403044	-0.33350332939166527	-0.01341479290866349
-0.13767209011264026	-0.3368818515053916	-0.013678525203932097
-0.11264080100125184	-0.34032700500931595	-0.013951586661468063
-0.08760951188986255	-0.3438411417142361	-0.014234396406829079
-0.06257822277847325	-0.3474267191215723	-0.014527400846242917
-0.03754693366708395	-0.35108630725049633	-0.014831075688628344
-0.01251564455569465	-0.3548225959688254	-0.015145928163067363
0.01251564455569465	-0.3586384028757095	-0.015472499452475983
0.03754693366708395	-0.36253668178923787	-0.015811367366909652
0.06257822277847325	-0.3665205318976944	-0.01616314928299877
0.08760951188986255	-0.37059320763968856	-0.016528505379515234
0.11264080100125184	-0.37475812938556946	-0.016908142203084075
0.13767209011264114	-0.3790188950007509	-0.017302816602670256
0.16270337922403044	-0.38337929238083973	-0.01771334007678475
0.18773466833541974	-0.3878433130589923	-0.018140583583491247
0.21276595744680726	-0.3924151669978865	-0.01858548287039773
0.23779724655819834	-0.3970992986923121	-0.01904904439006092
0.26282853566958764	-0.401900404723904	-0.019532351875816267
0.28785982478097694	-0.40682345292730354	-0.020036573664230194
0.31289111389236623	-0.4118737033473356	-0.02056297086344605
0.33792240300375376	-0.41705673119010067	-0.02111290648202398
0.36295369211514483	-0.4223784519976812	-0.02168785565090527
0.38798498122653235	-0.42784514930702183	-0.022289417092385633
0.41301627033792343	-0.4334635050892172	-0.02291932601512857
0.43804755944931273	-0.43924063330665447	-0.023579468644079872
0.46307884856070025	-0.44518411697340915	-0.02427189862965481
0.4881101376720913	-0.45130204915989924	-0.024998855622973933
0.5131414267834788	-0.457603078447756	-0.0257627863547461
0.5381727158948699	-0.46409645941679506	-0.026566368616521348
0.5632040050062574	-0.4707921088348673	-0.02741253861682329
0.5882352941176467	-0.4777006683260223	-0.028304522274109078
0.6132665832290378	-0.4848335744155598	-0.02924587111732402
0.6382978723404253	-0.4922031369963201	-0.030240503597819737
0.6633291614518164	-0.4998226274331726	-0.0312927527796388
0.6883604505632039	-0.5077063777280133	-0.03240742157647075
0.7133917396745932	-0.515869892412444	-0.033589846953014584
0.7384230287859808	-0.5243299751281056	-0.03484597481909436
0.7634543178973718	-0.5331048722060456	-0.036182447733766915
0.7884856070087629	-0.5422144359791761	-0.03760670802619993
0.8135168961201504	-0.5516803110721222	-0.03912711955997926
0.8385481852315397	-0.5615261475300496	-0.04075311215715541
0.8635794743429273	-0.5717778453971614	-0.042495353710764225
0.8886107634543183	-0.5824638362664536	-0.04436595632129076
0.9136420525657059	-0.5936154084320762	-0.04637872449111294
0.9386733416770969	-0.6052670836295481	-0.04854945563531517
0.9637046307884862	-0.6174570550012359	-0.05089630610295186
0.9887359198998737	-0.6302276979386664	-0.053440239809391124
1.0137672090112648	-0.6436261679017365	-0.056205581823997916
1.0387984981226523	-0.6577051022736841	-0.05922070636012662
1.0638297872340434	-0.6725234468488014	-0.0625188983279176
1.088861076345431	-0.6881474317041976	-0.06613944102852959
1.1138923654568202	-0.7046517259319874	-0.07012900130034835
1.1389236545682113	-0.7221208057743909	-0.0745434098666533
1.1639549436795988	-0.7406505754983934	-0.07944997237936216
1.18898623279099	-0.7603502834808376	-0.08493050117614621
1.2140175219023774	-0.7813447745192448	-0.09108533747063995
1.2390488110137667	-0.8037771073488865	-0.09803875159468588
1.264080100125156	-0.8278115316586724	-0.10594628529955626
1.2891113892365453	-0.8536367372870551	-0.11500486668212465
1.3141426783479364	-0.8814691107700472	-0.1254669341437801
1.339173967459324	-0.9115553613772943	-0.1376604252090491
1.3642052565707132	-0.9441731054487682	-0.15201742456606523
1.3892365456821025	-0.9796263992836751	-0.16911564944005691
1.4142678347934918	-1.0182299003336837	-0.18973884458512358
1.4392991239048811	-1.0602684754894915	-0.2149642373030035
1.4643304130162704	-1.1059049808657222	-0.24628560493439888
1.4893617021276597	-1.1549809930935897	-0.28577222634336624
1.514392991239049	-1.206605509431324	-0.33622450921586483
1.5394242803504383	-1.2583655638088462	-0.40115442294859904
1.5644555694618276	-1.305045139002795	-0.4840706213186274
1.589486858573217	-1.3374092839707215	-0.5859857657094952
1.6145181476846044	-1.343732508181847	-0.7004846312534919
1.6395494367959955	-1.3182387507807625	-0.8105190478197979
1.6645807259073848	-1.2720795572103267	-0.8972739577612091
1.6896120150187741	-1.2286516952785205	-0.9585906339953204
1.7146433041301634	-1.202228679132891	-1.011645342438302
1.739674593241551	-1.1887049784906798	-1.0754057808064506
1.764705882352942	-1.1737460286821253	-1.1597096145229702
1.7897371714643295	-1.1387319199619128	-1.2625840611219863
1.8147684605757206	-1.0709231722131904	-1.3660649694201559
1.83979974968711	-0.9792223614039414	-1.4477245444187299
1.8648310387984974	-0.887117714642012	-1.505158152335061
1.8898623279098885	-0.805672338566424	-1.5569604969668405
1.914893617021276	-0.724060376364672	-1.6203612518563184
1.939924906132667	-0.6217421342190437	-1.6964585992117385
1.9649561952440546	-0.48246773257054976	-1.7702957851876926
1.989987484355444	-0.3031477065497556	-1.8182089594969455
2.015018773466835	-0.09506676966719485	-1.8178785769095502
2.0400500625782225	0.11889923625773867	-1.754511885719006
2.065081351689613	0.3089062621335462	-1.628658213992591
2.090112640801001	0.4521024756821115	-1.4576835575752765
2.1151439299123904	0.5394460103399105	-1.2639577735120096
2.1401752190237784	0.5708666820862246	-1.0678271966081279
2.165206508135169	0.5530797348389743	-0.8874299742608304
2.1902377972465596	0.49972522004268083	-0.7354126689334514
2.2152690863579476	0.42649634119928614	-0.6153279897673661
2.240300375469337	0.3453755310416344	-0.5238237461494631
2.265331664580725	0.26323210245586504	-0.45515747931885514
2.2903629536921155	0.1832123944849818	-0.40393409040826367
2.315394242803503	0.10636748610558051	-0.3659441610400311
2.340425531914894	0.03271322012181666	-0.33814485437870223
2.3654568210262834	-0.03820417862176271	-0.3184178079335367
2.3904881101376714	-0.10703318270136028	-0.3053338401905235
2.415519399249062	-0.17449174478460605	-0.2979788606451523
2.4405506883604495	-0.24131454759275275	-0.29584109465668834
2.4655819774718406	-0.30823282242026206	-0.29874920751765827
2.490613266583228	-0.37596479650699133	-0.30685319542992884
2.515644555694618	-0.4452008894590146	-0.3206449773017404
2.5406758448060085	-0.5165649626132411	-0.34102019766181146
2.565707133917396	-0.5905199722860225	-0.3693836825685824
2.590738423028787	-0.66715853924433	-0.4077889525271103
2.6157697121401746	-0.7457742011951696	-0.4590490559107368
2.6408010012515644	-0.8240840732418517	-0.5265938860814527
2.665832290362953	-0.8971752207982331	-0.6135010478650577
2.6908635794743425	-0.9572335977427425	-0.7199291962777021
2.7158948685857336	-0.9967463133393902	-0.8400286925096094
2.740926157697121	-1.015079674112316	-0.9642314124388914
2.765957446808511	-1.0181084973428933	-1.0887626881947166
2.7909887359198997	-1.0068921551072216	-1.2171759949526044
2.816020025031289	-0.9743523862000905	-1.347837397713888
2.841051314142678	-0.9192835837083386	-1.4679973549261878
2.8660826032540676	-0.8562912018460662	-1.569412959382249
2.8911138923654573	-0.8004129300415405	-1.6628286059375892
2.916145181476846	-0.749777046486137	-1.766752952766611
2.9411764705882355	-0.689140745844282	-1.89151375764227
2.9662077596996244	-0.5990849451532388	-2.034729783505599
2.991239048811014	-0.4654422079011352	-2.1806952584835235
3.0162703379224016	-0.2876558362160962	-2.3105968536202077
3.0413016270337927	-0.06912178430328147	-2.412333302569145
3.066332916145182	0.18831462512761984	-2.468574278522057
3.091364205256571	0.46582281982868773	-2.45634879205743
3.1163954943679606	0.7281193954645655	-2.3730678624180848
3.141426783479348	0.9520708855360808	-2.239637096068322
3.166458072590739	1.1340596582119358	-2.077182776029267
3.1914893617021267	1.2776060613695592	-1.8991006804453658
3.2165206508135173	1.38934310239318	-1.71222055855045
3.241551939924907	1.472481547771996	-1.514823466127502
3.2665832290362946	1.5195694580211714	-1.3065376615003859
3.2916145181476857	1.5219410205465171	-1.0989552644106688
3.316645807259073	1.4819411747899938	-0.9098215745428379
3.341677096370464	1.4125719002059327	-0.7512665975650602
3.366708385481852	1.328870431352332	-0.6253622450865529
3.391739674593241	1.2416350997344545	-0.5277398091136183
3.416770963704632	1.1567015557611584	-0.4523161405219086
3.4418022528160197	1.0765732033130262	-0.3936620611519276
3.4668335419274103	1.0019704266373939	-0.3475854174122278
3.4918648310387983	0.9327733920003253	-0.3110177962405102
3.5168961201501876	0.8685102029234758	-0.281749556319525
3.5419274092615756	0.808590475827767	-0.2581903639446254
3.566958698372966	0.7524103875547179	-0.2391898078283813
3.591989987484357	0.6993956117977682	-0.22391146465434816
3.617021276595745	0.6490149813319235	-0.2117466105122019
3.642052565707134	0.6007807125636418	-0.20225569866206422
3.667083854818522	0.5542427248600625	-0.19512906892186657
3.6921151439299127	0.5089805708314075	-0.19016118563768022
3.7171464330413	0.46459455672335154	-0.18723477516558065
3.7421777221526913	0.42069670955162863	-0.18631271618724016
3.7672090112640806	0.37690183753103423	-0.1874366445520391
3.7922403003754686	0.33281881079378417	-0.1907321599429983
3.817271589486859	0.2880422941054448	-0.19642143152567862
3.8423028785982467	0.24214554484134462	-0.20484505808651654
3.867334167709638	0.1946757483963261	-0.2164964277469191
3.8923654568210253	0.1451551598651577	-0.23207374682881485
3.917396745932415	0.09309503260430844	-0.2525575180015118
3.9424280350438057	0.038036960138402055	-0.27932430424213417
3.967459324155193	-0.020348174210132713	-0.3143092875854336
3.9924906132665843	-0.0820430207596791	-0.3602232376178271
4.017521902377972	-0.14623507797599966	-0.42079118129815846
4.042553191489361	-0.21046359610314114	-0.5008512083249637
4.06758448060075	-0.26925545388958777	-0.6058396573032927
4.09261576971214	-0.3127563789841593	-0.7398131049104579
4.117647058823531	-0.3272521200815943	-0.9018391789663567
4.142678347934918	-0.2992197744487523	-1.083565016760053
4.167709637046308	-0.21965109788942316	-1.2714419155491488
4.192740926157697	-0.08336817895314623	-1.4503206494473864
4.217772215269086	0.11328667521106255	-1.600932810149121
4.2428035043804755	0.3654615584453524	-1.6953840921049257
4.267834793491865	0.6484593572942755	-1.7060165529742843
4.292866082603254	0.9215134702248132	-1.6237403034795632
4.317897371714643	1.146443531886541	-1.4639842411301118
4.342928660826033	1.3000360836779359	-1.2566895140309988
4.367959949937422	1.3761654923234543	-1.0368636433322738
4.392991239048811	1.3866907342737826	-0.8355002640939211
4.418022528160199	1.3545084654541057	-0.6691502083744918
4.44305381727159	1.301071245495941	-0.5394639306840975
4.468085106382979	1.2403712393236517	-0.4406076953704077
4.4931163954943685	1.1797517789001153	-0.36534212015733386
4.518147684605758	1.1224884085642195	-0.30749777567480435
4.543178973717145	1.0697502510740027	-0.26242687979800366
4.568210262828536	1.021713817502128	-0.22677891255613158
4.593241551939924	0.9781272268380738	-0.1981654362727852
4.618272841051315	0.9385806703790525	-0.17487777826844753
4.643304130162704	0.9026307938129393	-0.15568103150410922
4.668335419274092	0.8698546079505721	-0.1396710329819338
4.693366708385483	0.8398700321941819	-0.1261765456023465
4.71839799749687	0.8123410196075798	-0.1146923351716475
4.7434292866082615	0.7869758957761422	-0.10483303727146712
4.768460575719649	0.7635230287591692	-0.09630100625858315
4.793491864831038	0.7417657587158264	-0.08886363510730584
4.818523153942429	0.7215174616534532	-0.08233715538090852
4.843554443053817	0.702617100992688	-0.07657490640747035
4.868585732165208	0.6849253515487922	-0.07145872543300706
4.8936170212765955	0.6683212823246328	-0.06689256422007823
4.918648310387985	0.6526995573892628	-0.0627977093962591
4.943679599499372	0.6379680909357114	-0.059109162551795234
4.968710888610763	0.6240460859410274	-0.05577286914204867
4.9937421777221545	0.6108623928368494	-0.05274357705781492
5.018773466833542	0.5983541340768753	-0.04998316737725807
5.043804755944931	0.5864655491717747	-0.04745934249628554
5.068836045056319	0.5751470223707368	-0.04514458710348066
5.09386733416771	0.5643542617148707	-0.04301533919821593
5.118898623279097	0.5540476037128497	-0.04105132409319881
5.1439299123904885	0.544191422483007	-0.039235015843600216
5.168961201501878	0.5347536259879152	-0.037551199018714475
5.193992490613265	0.525705225082202	-0.0359866100279138
5.219023779724656	0.517019963619409	-0.03452964192840707
5.244055068836044	0.5086739999214743	-0.03317010020226622
5.269086357947435	0.5006456315917003	-0.031898999697884366
5.2941176470588225	0.49291505702110416	-0.030708395005652134
5.319148936170212	0.48546416805715503	-0.02959123813859366
5.344180225281603	0.4782763692214485	-0.028541258633193817
5.36921151439299	0.4713364196173163	-0.02755286216056294
5.3942428035043815	0.4646302942918974	-0.026621044508739082
5.419274092615769	0.4581450623363746	-0.025741318413246245
5.444305381727158	0.4518687794468641	-0.024909651214207122
5.469336670838548	0.44579039305060425	-0.024122411736290702
5.494367959949937	0.43989965845666285	-0.02337632514950923
5.519399249061328	0.4341870648611434	-0.022668434896160893
5.5444305381727155	0.4286437705020062	-0.02199607107109619
5.569461827284105	0.4232615469690965	-0.021356824883737056
5.594493116395494	0.41803273392075047	-0.020748528824520003
5.619524405506883	0.41295020772585334	-0.020169241235514817
5.644555694618273	0.40800737125680736	-0.01961723005921985
5.669586983729662	0.40319817536141905	-0.019090938087546527
5.694618272841051	0.3985171715605359	-0.018588881381684845
5.719649561952441	0.3939595197559746	-0.018109393313739175
5.74468085106383	0.38952067386218675	-0.017650224951337074
5.769712140175219	0.3851954813525678	-0.017208566854587243
5.7947434292866085	0.38097762305886174	-0.016782306567290597
5.819774718397996	0.37686091222449325	-0.016371193371391472
5.844806007509387	0.3728407929413167	-0.015975875673889285
5.869837296620776	0.36891397216956173	-0.015596499766985213
5.894868585732166	0.3650774808929211	-0.01523254215326826
5.919899874843555	0.361328302049921	-0.014883187629527466
5.9449311639549425	0.35766337434549045	-0.014547593450610435
5.9699624530663336	0.35407966737377267	-0.014224987777470558
5.994993742177721	0.350574233369649	-0.013914690985045977
6.020025031289112	0.34714423118417664	-0.013616113627362687
6.0450563204005014	0.3437869336766088	-0.013328751524712868
6.07008760951189	0.34049972737623674	-0.013052184319697376
6.09511889862328	0.3372801100441593	-0.012786079224071042
6.120150187734667	0.3341256902937841	-0.012530200020562713
6.145181476846059	0.3310341928073845	-0.012284419373214192
6.170212765957445	0.32800346907942074	-0.012048728654380208
6.195244055068836	0.32503149839332796	-0.011823240963882861
6.2202753441802265	0.3221163455537424	-0.011608224123505732
6.245306633291613	0.31925612282469096	-0.011404284220838933
6.270337922403005	0.3164492116812231	-0.011212701911756672
6.295369211514392	0.31369486100370797	-0.011035597480966818
6.320400500625783	0.310993990798408	-0.010875775332165556
6.3454317897371695	0.30835039671228165	-0.010736128337727224
6.37046307884856	0.3057724343616309	-0.010617511044731433
6.395494367959952	0.30327314429060104	-0.010513200422411145
6.420525657071338	0.3008624477989639	-0.010401369612153639
6.445556946182729	0.2985283744896286	-0.010249609860031013
6.470588235294116	0.29623191117612	-0.010043827362564114
6.495619524405506	0.29393890956148	-0.009805201762727731
6.520650813516895	0.291644561009881	-0.009565029755557392
6.545682102628285	0.2893611971239611	-0.009340641349399402
6.570713391739676	0.2871012910977513	-0.009135787802290553
6.5957446808510625	0.2848723167672264	-0.008948387648115652
6.620775969962453	0.28267768585222874	-0.008775156112876882
6.645807259073841	0.2805184812041067	-0.00861320597652142
6.670838548185231	0.27839461931961446	-0.008460345630501933
6.695869837296622	0.276305475839054	-0.008314988919656964
6.720901126408009	0.2742501955848637	-0.008176001024191979
6.745932415519399	0.2722278404166343	-0.008042568233926123
6.770963704630788	0.2702374575787125	-0.007914104565928021
6.795994993742178	0.2682781097971455	-0.0077901893518080075
6.821026282853566	0.2663488873001845	-0.0076705277921315235
6.8460575719649555	0.26444891179731483	-0.007554928416120511
6.871088861076346	0.26257733787226606	-0.007443293837023812
6.896120150187734	0.2607333556763738	-0.007335623386854361
6.921151439299124	0.2589161993731139	-0.007232028092835962
6.946182728410513	0.25712516878179875	-0.007132759870704356
6.971214017521902	0.2553596785857229	-0.007038256687727505
6.996245306633291	0.2536193630425547	-0.006949199876438196
7.0212765957446805	0.25190428662980807	-0.0068665573605457605
7.046307884856071	0.25021533459858114	-0.006791519950128119
7.071339173967459	0.248554830430632	-0.006725076239535856
7.0963704630788484	0.2469271425029379	-0.006666669811662136
7.121401752190238	0.24533789218415136	-0.006611346418932166
7.146433041301627	0.24378872472788307	-0.006547454919929697
7.171464330413016	0.24226956612007663	-0.00646259164288307
7.196495619524406	0.24076259707679573	-0.006356858618694404
7.221526908635795	0.23925788464169273	-0.0062428546428351045
7.246558197747184	0.23775737349525367	-0.006132393197611231
7.2715894868585735	0.23626714410316066	-0.0060304950394304965
7.296620775969963	0.2347921589948385	-0.005937663296489476
7.321652065081352	0.23333555083162041	-0.005852664678959521
7.3466833541927405	0.23189919289723343	-0.005773510552665152
7.371714643304131	0.23048363019337423	-0.005697544387069922
7.39674593241552	0.22908741831013602	-0.005622301166472985
7.421777221526909	0.22770785350077008	-0.005547263904835157
7.446808510638299	0.22634320230891541	-0.005473870246238103
7.471839799749687	0.2249934065733558	-0.0054036862462744336
7.496871088861077	0.22365913679789745	-0.005337456563979441
7.521902377972466	0.22234107947617673	-0.005275260652705001
7.546933667083856	0.22103971083387283	-0.005216731465370312
7.571964956195245	0.21975500568651093	-0.005161247535646447
7.5969962453066335	0.21848630245624662	-0.005108635780723226
7.622027534418024	0.21723324849094022	-0.005059839301877555
7.647058823529412	0.2159971395647291	-0.005016113790799266
7.672090112640802	0.21478098154602443	-0.004977107438190538
7.697121401752189	0.21358759428887392	-0.004939063606314516
7.72215269086358	0.21241556054008298	-0.00489552951762344
7.74718397997497	0.21125753988066115	-0.004843333406808863
7.772215269086359	0.2101068105394621	-0.004787082178016562
7.797246558197749	0.20896377780420164	-0.0047341243435142346
7.8222778473091354	0.20783430608524814	-0.004687776879254026
7.8473091364205265	0.20672482822267466	-0.004644974772903686
7.872340425531913	0.20563687597838565	-0.004597334292178068
7.897371714643305	0.20456337087730864	-0.004537782745035401
7.922403003754695	0.20349426330718523	-0.004468255939313254
7.947434292866082	0.20242578542363998	-0.004396608798839603
7.972465581977473	0.20136032502814705	-0.0043286513540654135
7.99749687108886	0.20030149603574052	-0.00426621207007836
8.022528160200253	0.19925176028774308	-0.0042089831040144935
8.047559449311638	0.19821234644348967	-0.0041560789076767165
8.072590738423028	0.19718371713826782	-0.0041066664835206195
8.09762202753442	0.1961659377154065	-0.004060113392982194
8.122653316645806	0.19515887781994357	-0.004015972669706614
8.147684605757199	0.19416229441994612	-0.003973943638923112
8.172715894868585	0.1931758644569784	-0.003933870113766809
8.197747183979974	0.19219923886819815	-0.00389575810706076
8.222778473091363	0.19123210068741225	-0.0038597546687033717
8.247809762202753	0.1902741753116408	-0.0038261227435023447
8.272841051314145	0.1893252302601906	-0.0037952648046333712
8.297872340425531	0.18838511471837985	-0.003767782902821227
8.32290362953692	0.18745386418013701	-0.0037445517089031233
8.34793491864831	0.1865319087074712	-0.003726774872472974
8.3729662077597	0.18562043618293614	-0.003715935563879353
8.397997496871088	0.1847218854587724	-0.0037134431567149334
8.423028785982478	0.18384030084996922	-0.0037197892032267373
8.448060075093867	0.18298125938499893	-0.0037333479100649805
8.473091364205256	0.1821513982432336	-0.003748406391685824
8.498122653316646	0.18135461409402948	-0.0037516725684061127
8.523153942428035	0.18058163620368056	-0.0037253356349509796
8.548185231539424	0.1798087256123924	-0.0036644303795430144
8.573216520650814	0.1790178351214772	-0.0035843824544084914
8.598247809762203	0.17820887467452795	-0.0035043559861704173
8.623279098873592	0.17739086828500986	-0.003434294131337988
8.648310387984981	0.17657230707937074	-0.0033763039860957716
8.67334167709637	0.1757588192748797	-0.003329356200579697
8.69837296620776	0.1749541999548479	-0.0032916546453608327
8.72340425531915	0.1741615998133109	-0.0032607598823060344
8.748435544430539	0.1733833327626876	-0.0032325509532327968
8.773466833541928	0.17261857556096882	-0.0032012892122967322
8.798498122653317	0.1718619715051728	-0.003163405051140892
8.823529411764707	0.1711077869301221	-0.003120922520321256
8.848560700876096	0.17035451177919228	-0.003078438923339351
8.873591989987485	0.1696037644197098	-0.003038887136211577
8.898623279098874	0.16885751819523326	-0.0030030610203441743
8.92365456821026	0.16811705752521114	-0.00297077088673099
8.948685857321653	0.16738307237863298	-0.0029416432889996158
8.973717146433042	0.1666559839796656	-0.00291539999723908
8.998748435544432	0.16593621036511816	-0.00289183957869327
9.023779724655821	0.1652242684198802	-0.002870635423163728
9.048811013767207	0.16452055672103638	-0.002851140551002057
9.0738423028786	0.1638249864984217	-0.002832681297799225
9.098873591989985	0.16313739577691178	-0.002815220693884236
9.123904881101378	0.16245870138575394	-0.0027988329094176647
9.148936170212767	0.16179050319749994	-0.0027817816952098572
9.173967459324153	0.16113219927571262	-0.002760214156734463
9.198998748435546	0.16047936331221993	-0.00273181609236688
9.224030037546932	0.15982744769264434	-0.0026988467103895987
9.249061326658325	0.15917555596899505	-0.0026653693167756156
9.27409261576971	0.1585252180831739	-0.0026338013313698242
9.2991239048811	0.1578780682738519	-0.0026047940015983114
9.324155193992492	0.1572351492322994	-0.002578254823261502
9.349186483103878	0.1565970305256445	-0.002553913406001191
9.374217772215271	0.15596398856905958	-0.002531529938393282
9.399249061326657	0.15533615010245222	-0.0025109814955940634
9.424280350438046	0.15471361912940665	-0.0024922938927024814
9.449311639549435	0.15409661129706653	-0.0024756382609628295
9.474342928660825	0.1534856320830527	-0.0024612651432410855
9.499374217772218	0.15288170105903448	-0.0024492586363333776
9.524405506883603	0.1522864134918261	-0.0024389009507385147
9.549436795994993	0.15170112973392244	-0.002427747066397685
9.574468085106382	0.15112479427216263	-0.002411935159009092
9.599499374217771	0.15055299287845683	-0.0023894544441662472
9.62453066332916	0.1499814818983209	-0.002362551747079466
9.64956195244055	0.1494094567011658	-0.002335036204150057
9.67459324155194	0.14883836213708423	-0.002309178571816057
9.699624530663328	0.14826977329033947	-0.002285569559070298
9.724655819774718	0.14770467576629404	-0.002264048778039793
9.749687108886107	0.14714355070760213	-0.0022443029112951506
9.774718397997496	0.14658658902148497	-0.002226086975169242
9.799749687108886	0.1460338460232245	-0.0022092796132032223
9.824780976220275	0.14548534010896041	-0.002193891543240415
9.849812265331664	0.1449411334435257	-0.0021800681946342174
9.874843554443054	0.14440143426270585	-0.002168086839874197
9.899874843554443	0.1438667612041284	-0.002158307846738115
9.924906132665832	0.14333818221384326	-0.002150958976200302
9.949937421777221	0.14281745749249153	-0.002145519005827784
9.97496871088861	0.1423063921831123	-0.002139662001988029
10.0	0.14180457267362845	-0.002129110973858323
