-10.0	-0.07938640500203026	-0.0010388167134962548
-9.97496871088861	-0.07952156144161951	-0.0009722721982701892
-9.949937421777221	-0.07968470009567502	-0.0009154556725268876
-9.924906132665832	-0.07986346691025492	-0.0008728899881971066
-9.899874843554443	-0.08004991136673288	-0.0008432735063763041
-9.874843554443054	-0.08023992078249259	-0.0008239898504898913
-9.849812265331664	-0.08043164952833208	-0.0008127561103507546
-9.824780976220275	-0.0806244178220298	-0.0008079836837074427
-9.799749687108886	-0.08081810404383627	-0.0008087496654999649
-9.774718397997496	-0.08101282626544244	-0.0008147102637227619
-9.749687108886107	-0.08120875768302169	-0.0008260537101730029
-9.724655819774718	-0.08140597767106303	-0.0008435160769460392
-9.699624530663328	-0.08160427900215415	-0.000868469406384223
-9.67459324155194	-0.0818028070337286	-0.000903082146371085
-9.64956195244055	-0.08199929747576482	-0.0009504367661837258
-9.62453066332916	-0.08218864826972286	-0.0010141535485965229
-9.599499374217771	-0.08236085536141897	-0.0010964335077244987
-9.574468085106382	-0.08249994071724275	-0.0011925353938400105
-9.549436795994993	-0.08259010349740487	-0.0012816122751560966
-9.524405506883603	-0.08263587776382282	-0.0013263560008674692
-9.499374217772216	-0.08267641809737002	-0.0013016092072476346
-9.474342928660825	-0.0827563535493614	-0.0012239535143328307
-9.449311639549435	-0.08288819811448568	-0.0011314295166935389
-9.424280350438046	-0.08305863607723916	-0.001049453761276088
-9.399249061326657	-0.08325070257633797	-0.0009856059962430523
-9.37421777221527	-0.08345295324398189	-0.0009385663057187051
-9.349186483103878	-0.08365927357479876	-0.0009046947308701865
-9.32415519399249	-0.08386678515856892	-0.0008805681093092072
-9.2991239048811	-0.08407428783662994	-0.000863563190339868
-9.274092615769712	-0.0842813923910463	-0.0008518076301742815
-9.249061326658325	-0.08448808398182157	-0.0008440012697135897
-9.224030037546934	-0.08469451149218223	-0.0008392536054813212
-9.198998748435546	-0.08490088825654966	-0.0008369650371029887
-9.173967459324155	-0.08510744613753156	-0.0008367477231965569
-9.148936170212767	-0.08531441405754156	-0.000838376842393369
-9.123904881101378	-0.08552200575509988	-0.0008417649443998629
-9.098873591989987	-0.08573040677014952	-0.000846954974496185
-9.0738423028786	-0.08593975037057146	-0.0008541295203896718
-9.048811013767208	-0.08615006643245793	-0.0008636327870495302
-9.023779724655821	-0.08636117483054793	-0.0008759917567827048
-8.998748435544432	-0.08657247837840372	-0.0008918867814493824
-8.973717146433042	-0.08678262290972423	-0.000911922370751382
-8.948685857321653	-0.08698918198928701	-0.0009358701426662348
-8.923654568210262	-0.0871892068563055	-0.0009611305281288972
-8.898623279098874	-0.08738215661057794	-0.0009817744694770114
-8.873591989987485	-0.08757361961346431	-0.0009921041661935226
-8.848560700876096	-0.08777252038883246	-0.0009932193670929323
-8.823529411764707	-0.08798331773299192	-0.0009921614934911365
-8.798498122653317	-0.08820475431057677	-0.0009952664691845984
-8.773466833541928	-0.08843383710285849	-0.0010057322498106048
-8.748435544430539	-0.0886681860262488	-0.0010250463918376892
-8.72340425531915	-0.08890614046028142	-0.0010545547533120537
-8.69837296620776	-0.08914606629089528	-0.0010962799123545607
-8.67334167709637	-0.08938532612483778	-0.0011532891177954646
-8.648310387984981	-0.08961857540176153	-0.001229497709441129
-8.623279098873592	-0.08983528324518254	-0.001327642777238648
-8.598247809762203	-0.09001845367239518	-0.0014432599804039567
-8.573216520650814	-0.0901512631815836	-0.0015548699029043801
-8.548185231539424	-0.09023861646585721	-0.0016238303373670526
-8.523153942428035	-0.09032205856605106	-0.0016252420901730013
-8.498122653316646	-0.09044797192940769	-0.0015795637655486303
-8.473091364205256	-0.09062674501897795	-0.0015307316669903232
-8.448060075093867	-0.09083822391010307	-0.0015092952926462583
-8.423028785982478	-0.0910533817437773	-0.0015245891313066585
-8.397997496871088	-0.09124384308134469	-0.0015680376682482692
-8.3729662077597	-0.09139036410993727	-0.0016116353486302069
-8.34793491864831	-0.09150173372752683	-0.001615556790441628
-8.32290362953692	-0.091619198577381	-0.0015612465542872381
-8.297872340425531	-0.09177975604193006	-0.0014708352641072588
-8.272841051314144	-0.0919877824905327	-0.0013788393398928565
-8.247809762202753	-0.09222833805097394	-0.0013046835586472826
-8.222778473091363	-0.09248624999310671	-0.0012529361976944616
-8.197747183979974	-0.09275181992682538	-0.001222057927498985
-8.172715894868585	-0.09301951020026934	-0.0012097035970449277
-8.147684605757197	-0.09328546988383687	-0.0012145438980942199
-8.122653316645806	-0.09354529648599026	-0.0012362661178051992
-8.097622027534417	-0.09379205314788829	-0.0012740246689789587
-8.072590738423028	-0.0940156256405148	-0.001322434325834801
-8.047559449311638	-0.09420759460530262	-0.0013658920187458305
-8.02252816020025	-0.09437438727472869	-0.0013806191979046512
-7.9974968710888605	-0.09454254815842797	-0.0013545212734175991
-7.972465581977473	-0.09473709954551608	-0.001301204384823856
-7.947434292866082	-0.09496223758252399	-0.0012433076023127443
-7.922403003754694	-0.09520883491689598	-0.0011940485513636293
-7.897371714643305	-0.09546711108935603	-0.0011565779628164162
-7.872340425531914	-0.09573084248131862	-0.0011295473436680316
-7.8473091364205265	-0.0959968267881895	-0.0011106217893391034
-7.8222778473091354	-0.09626362472686961	-0.0010977305437130734
-7.797246558197748	-0.09653069349613605	-0.001089314173273075
-7.772215269086359	-0.09679791647772526	-0.0010842663190258485
-7.7471839799749675	-0.09706536912838008	-0.0010818222106488585
-7.72215269086358	-0.09733320654400375	-0.0010814636826488868
-7.697121401752189	-0.09760161008965496	-0.0010828518546793565
-7.672090112640801	-0.09787076139054665	-0.001085783515528879
-7.647058823529412	-0.09814082781108491	-0.00109016534579301
-7.622027534418023	-0.09841195033692411	-0.0010960021105590456
-7.596996245306634	-0.09868422437460968	-0.0011033950392426988
-7.571964956195245	-0.09895766733351412	-0.001112538029195657
-7.546933667083856	-0.09923218765448248	-0.0011237074669654267
-7.5219023779724665	-0.0995075417578757	-0.0011372930320785954
-7.496871088861077	-0.09978312236841197	-0.0011538545746575765
-7.471839799749688	-0.10005748460379996	-0.0011738555729625688
-7.446808510638299	-0.10032809782742787	-0.0011966199039751073
-7.421777221526909	-0.10059250043727214	-0.0012187359914688398
-7.39674593241552	-0.10085175524957038	-0.0012341711593766146
-7.371714643304131	-0.1011125871315827	-0.0012392040348056976
-7.346683354192741	-0.10138229580332339	-0.001237049459785512
-7.321652065081352	-0.10166281991059153	-0.0012342246811989734
-7.296620775969963	-0.10195204454825502	-0.0012351456052295117
-7.2715894868585735	-0.10224736946166935	-0.0012415157667832806
-7.246558197747184	-0.10254707181540755	-0.0012538757366320292
-7.221526908635795	-0.10285016957308153	-0.0012727475970648523
-7.196495619524406	-0.10315592129044952	-0.0012991841911171144
-7.171464330413016	-0.10346321449298737	-0.001335046885195347
-7.146433041301627	-0.10376969055574926	-0.001383079717590454
-7.121401752190238	-0.10407036305731301	-0.0014464812957014344
-7.0963704630788484	-0.1043557003427781	-0.0015269835272289497
-7.071339173967459	-0.10461079947650127	-0.0016195465880235631
-7.04630788485607	-0.10482168255722604	-0.0017039493172404125
-7.0212765957446805	-0.1049943392253775	-0.0017456695092346421
-6.996245306633291	-0.10516610385264545	-0.0017235559170612645
-6.971214017521902	-0.10537670621630091	-0.001654961672577765
-6.946182728410513	-0.1056356221474165	-0.0015746795001117641
-6.921151439299123	-0.10592995409999621	-0.0015048616024694117
-6.896120150187734	-0.10624436953229749	-0.0014516957333490788
-6.871088861076345	-0.10656872973428543	-0.0014137090426549724
-6.8460575719649555	-0.10689766485048012	-0.0013875304068575864
-6.821026282853566	-0.1072286578305558	-0.001370050164997636
-6.795994993742177	-0.10756065986058835	-0.0013588931549077862
-6.770963704630788	-0.10789332552304505	-0.0013523563217556333
-6.745932415519399	-0.10822662830396816	-0.0013492394460984493
-6.720901126408009	-0.10856067720611395	-0.0013486904947308618
-6.69586983729662	-0.10889563915207577	-0.0013500913868528966
-6.670838548185231	-0.10923171243148219	-0.0013529925689782835
-6.645807259073841	-0.10956910152922389	-0.0013570842861252825
-6.620775969962453	-0.1099079829358525	-0.0013621605478787908
-6.595744680851063	-0.11024849685202648	-0.0013680713697250184
-6.570713391739676	-0.11059076165021935	-0.0013746946545569504
-6.545682102628285	-0.1109348871670502	-0.0013819269337129
-6.520650813516897	-0.11128098337547691	-0.0013896825759954583
-6.495619524405506	-0.11162916133020345	-0.0013978994305019735
-6.470588235294117	-0.11197952343398272	-0.001406539246671823
-6.445556946182729	-0.11233215780631034	-0.0014155766863791842
-6.420525657071338	-0.11268714292664207	-0.0014249906701772955
-6.395494367959951	-0.11304455240061231	-0.0014347629206629131
-6.37046307884856	-0.11340445595979799	-0.0014448776030571333
-6.34543178973717	-0.11376691983680491	-0.001455318311519627
-6.320400500625783	-0.11413201161350127	-0.001466063510946343
-6.295369211514392	-0.11449981120006937	-0.0014770891703152031
-6.270337922403004	-0.11487041321312584	-0.001488385059285496
-6.245306633291613	-0.11524390862168432	-0.0014999629893043334
-6.2202753441802265	-0.11562037210759726	-0.0015118415879581753
-6.195244055068836	-0.11599986990281214	-0.0015240330059463623
-6.170212765957448	-0.1163824695067967	-0.001536543403132516
-6.145181476846059	-0.11676824265984587	-0.001549377212644433
-6.120150187734667	-0.1171572650403546	-0.0015625395974343465
-6.09511889862328	-0.11754961557239753	-0.0015760372658383042
-6.070087609511891	-0.11794537605974884	-0.0015898786106843183
-6.0450563204005014	-0.1183446311158737	-0.0016040736701964926
-6.020025031289112	-0.11874746826423903	-0.0016186340869144369
-5.994993742177721	-0.1191539781191972	-0.0016335731151171625
-5.9699624530663336	-0.11956425458825612	-0.0016489056887442608
-5.9449311639549425	-0.11997839504156153	-0.0016646485497025258
-5.919899874843555	-0.120396500371515	-0.0016808204181068785
-5.894868585732166	-0.12081867481418894	-0.0016974421198816402
-5.869837296620776	-0.12124502536191199	-0.0017145363808687417
-5.844806007509387	-0.12167566080379005	-0.0017321265002320587
-5.819774718397998	-0.12211069172057457	-0.00175023254267492
-5.7947434292866085	-0.12255023594867764	-0.0017688655466831698
-5.769712140175219	-0.12299443302303753	-0.0017880292803218191
-5.74468085106383	-0.12344345149934086	-0.0018077411646070889
-5.719649561952441	-0.12389746739794635	-0.0018280489035248696
-5.694618272841051	-0.12435664293407736	-0.0018490141013613516
-5.669586983729662	-0.12482113415743977	-0.0018706919934194572
-5.644555694618273	-0.1252911054956288	-0.0018931301805523266
-5.619524405506883	-0.12576673565986016	-0.001916374456484792
-5.594493116395494	-0.12624821913434514	-0.001940472686522625
-5.569461827284105	-0.12673576752472956	-0.001965477796465443
-5.5444305381727155	-0.12722960934133656	-0.0019914514361465438
-5.519399249061326	-0.12772998764970103	-0.0020184651264388903
-5.494367959949937	-0.1282371600197528	-0.002046598459955583
-5.469336670838549	-0.1287514012607251	-0.002075938613794624
-5.444305381727158	-0.12927300580733747	-0.0021065817434070895
-5.419274092615769	-0.12980228890818465	-0.0021386342793844647
-5.3942428035043815	-0.13033958745945814	-0.0021722125353795226
-5.36921151439299	-0.13088526301497694	-0.002207439276984137
-5.344180225281603	-0.13143971290079676	-0.0022444395576278727
-5.319148936170212	-0.13200339035606806	-0.0022833494132112092
-5.2941176470588225	-0.13257680952645487	-0.0023243449389996782
-5.269086357947435	-0.1331605205368307	-0.002367656011599613
-5.244055068836044	-0.13375509773591204	-0.002413546102699128
-5.219023779724656	-0.13436115884737693	-0.002462298811579171
-5.193992490613266	-0.1349793859904651	-0.0025142256620307732
-5.168961201501876	-0.13561053775182205	-0.00256967970925217
-5.1439299123904885	-0.13625545818714271	-0.002629067720315474
-5.1188986232791	-0.13691508710704553	-0.0026928618657618307
-5.09386733416771	-0.1375904729020102	-0.0027616128679577795
-5.06883604505632	-0.1382827882043674	-0.002835965969430519
-5.043804755944931	-0.13899334864330826	-0.002916680782990496
-5.018773466833542	-0.13972363513807637	-0.003004656063279876
-4.993742177722154	-0.140475320613894	-0.0031009605437545286
-4.968710888610763	-0.14125030312131934	-0.0032068716160240374
-4.943679599499373	-0.1420507484536326	-0.0033239265476052745
-4.918648310387985	-0.14287914145691985	-0.003453995542711468
-4.893617021276597	-0.14373833763608954	-0.003599380383742382
-4.868585732165207	-0.14463161833556507	-0.0037629325582795217
-4.843554443053817	-0.14556276643853108	-0.003948204118547596
-4.818523153942427	-0.14653616179149956	-0.0041596611448691395
-4.793491864831038	-0.14755688624729407	-0.004402983388854682
-4.768460575719651	-0.14863083297340118	-0.004685480434614363
-4.7434292866082615	-0.14976480973899817	-0.005016675962460418
-4.71839799749687	-0.1509666084689795	-0.005409140036735923
-4.69336670838548	-0.15224497894937153	-0.005879689623560032
-4.668335419274092	-0.1536093751593022	-0.00645113644736973
-4.643304130162704	-0.1550691999721427	-0.007154840933886065
-4.618272841051315	-0.1566319802951309	-0.008034414058843798
-4.593241551939924	-0.15829931029486802	-0.009150905949478072
-4.568210262828536	-0.1600582615539749	-0.010589407812302032
-4.543178973717147	-0.16186410741058102	-0.012465193156276578
-4.518147684605758	-0.16360869843204365	-0.014921989598401877
-4.4931163954943685	-0.16507403641620905	-0.018102980108193476
-4.468085106382977	-0.16589887735765027	-0.022066286947592263
-4.44305381727159	-0.16563190484597218	-0.026660976906308788
-4.418022528160201	-0.16388515079433172	-0.03148737467715698
-4.392991239048811	-0.16041423738225968	-0.035965350184883754
-4.367959949937422	-0.15517581764184876	-0.039271006481753974
-4.342928660826031	-0.14871109473855393	-0.040396290763293215
-4.317897371714643	-0.14229870093395536	-0.03882589451551736
-4.292866082603254	-0.1372656572956958	-0.03501170720167153
-4.267834793491865	-0.13431798018207525	-0.030019923321762364
-4.2428035043804755	-0.13341999631440496	-0.024955476016452715
-4.217772215269086	-0.13404086004776083	-0.020543137401317517
-4.192740926157699	-0.1355523720991693	-0.01703119375323682
-4.167709637046308	-0.13748164501128204	-0.014362431708531173
-4.142678347934918	-0.13955134649031906	-0.012370618978838671
-4.117647058823529	-0.14162418470945656	-0.01088826730991915
-4.09261576971214	-0.14364236542151107	-0.009781488499517932
-4.067584480600752	-0.14558806878574237	-0.00895206189672809
-4.042553191489361	-0.1474620625579052	-0.008330176889725807
-4.017521902377972	-0.14927307857098665	-0.007866639126780869
-3.9924906132665825	-0.1510327866704856	-0.0075267659869831605
-3.967459324155193	-0.15275352954546853	-0.007286058821508385
-3.9424280350438052	-0.15444738911377964	-0.007127249177360605
-3.917396745932415	-0.1561258867108831	-0.00703831404262982
-3.8923654568210257	-0.15779998058886427	-0.00701115602118121
-3.867334167709638	-0.1594801999993924	-0.007040741483622539
-3.8423028785982494	-0.16117684060352158	-0.0071245627544958565
-3.8172715894868587	-0.1629001875823702	-0.007262341844089476
-3.7922403003754686	-0.16466075287285978	-0.007455929833848829
-3.7672090112640793	-0.16646952188426398	-0.007709383952522228
-3.7421777221526913	-0.16833820737231592	-0.008029228696087009
-3.717146433041303	-0.1702795048832478	-0.008424932492128745
-3.6921151439299127	-0.1723073334143551	-0.008909661928134527
-3.6670838548185225	-0.17443702074009562	-0.009501416731000738
-3.6420525657071328	-0.1766853419572296	-0.010224706669782266
-3.617021276595745	-0.1790702141447095	-0.011113011572891972
-3.5919899874843564	-0.1816096313814053	-0.012212363024795173
-3.566958698372966	-0.18431897601625097	-0.01358645413446366
-3.541927409261576	-0.18720495259869602	-0.015323529069076183
-3.5168961201501876	-0.19025279134689185	-0.01754428941955484
-3.4918648310387996	-0.19340128808697363	-0.020406417517768463
-3.46683354192741	-0.19650109496699011	-0.024091640868103562
-3.4418022528160197	-0.199269026354827	-0.0287459055086492
-3.4167709637046295	-0.20130470033755904	-0.03435474729966645
-3.391739674593241	-0.20226507234677657	-0.04065392130161991
-3.366708385481853	-0.20208829706927994	-0.04730172781639353
-3.341677096370464	-0.2008645140116709	-0.05424743617969576
-3.3166458072590737	-0.19830004260122536	-0.06169089993379484
-3.291614518147683	-0.19356588127341715	-0.06938099931086747
-3.2665832290362946	-0.1860449422718786	-0.07611699653380025
-3.2415519399249066	-0.17626147536010853	-0.08027656252839496
-3.2165206508135173	-0.16585742629772307	-0.08105169145096604
-3.191489361702127	-0.1563530529366298	-0.0790286198926984
-3.166458072590739	-0.14814773305357568	-0.07523460524429629
-3.14142678347935	-0.1410782136571212	-0.07004931026692536
-3.11639549436796	-0.13536335552751896	-0.06343746787520414
-3.091364205256571	-0.1315919453568236	-0.05570788639306767
-3.0663329161451807	-0.1301041606140687	-0.04768899912653313
-3.0413016270337927	-0.13063487768362908	-0.04025798487146449
-3.0162703379224034	-0.13256514275414066	-0.03388494960045497
-2.991239048811014	-0.1353228402385875	-0.028639341941585853
-2.966207759699625	-0.1385264483829627	-0.024417018333427288
-2.941176470588234	-0.14192922433564004	-0.021084000040394207
-2.916145181476846	-0.14535943263428647	-0.018496864288029723
-2.891113892365457	-0.1487112996115014	-0.016506792951849928
-2.8660826032540676	-0.15193647853746406	-0.014979517880189594
-2.8410513141426783	-0.15502427900286128	-0.013807784378592463
-2.816020025031289	-0.15798375837371986	-0.012911605900703223
-2.790988735919901	-0.16083266924388107	-0.012233262225159625
-2.7659574468085104	-0.16359180290093997	-0.011731823561932865
-2.740926157697121	-0.16628244112199322	-0.0113787839866355
-2.715894868585732	-0.1689253950815708	-0.011154969740472743
-2.6908635794743425	-0.17154081179912242	-0.011048500871177435
-2.6658322903629545	-0.17414833986424993	-0.01105356288628452
-2.6408010012515644	-0.17676745612305253	-0.011169817175915184
-2.615769712140175	-0.17941785326393292	-0.011402363000427388
-2.5907384230287853	-0.18211982488955797	-0.01176224466845867
-2.565707133917396	-0.18489457961199277	-0.012267580724186645
-2.540675844806008	-0.18776436662951068	-0.012945489454429433
-2.515644555694618	-0.19075217581475937	-0.013835110136325691
-2.4906132665832286	-0.193880520533041	-0.014992179328032712
-2.4655819774718406	-0.1971682831865887	-0.016495790094507867
-2.440550688360452	-0.20062353139093117	-0.01845798817891211
-2.4155193992490616	-0.20422814836099232	-0.021036185229940305
-2.3904881101376714	-0.20790670762198038	-0.024445293429273082
-2.365456821026282	-0.21146890545755886	-0.028956892861406628
-2.340425531914894	-0.21452254424502476	-0.0348515586118702
-2.3153942428035057	-0.2163996146033953	-0.042271900033636525
-2.2903629536921155	-0.21621593474012335	-0.05098307439333377
-2.2653316645807253	-0.21313349889620506	-0.060198161269251385
-2.2403003754693356	-0.2067270931413401	-0.06858439858044905
-2.2152690863579476	-0.19741675489588134	-0.07455523904181091
-2.190237797246559	-0.1865212721519886	-0.07702185383969738
-2.165206508135169	-0.17554730946415617	-0.0757862167433642
-2.140175219023779	-0.16577850928524487	-0.0711537726180861
-2.1151439299123904	-0.1583939686654545	-0.06386905323391565
-2.0901126408010025	-0.15410639416432248	-0.05527949580417421
-2.0650813516896127	-0.15271500815857572	-0.046815459078161786
-2.0400500625782225	-0.15341869070378664	-0.039329785933723056
-2.0150187734668323	-0.15540918657826377	-0.03305019147584973
-1.989987484355444	-0.15814567468529686	-0.027893515270882976
-1.9649561952440555	-0.16130491834251856	-0.023729778585439038
-1.939924906132667	-0.16465150883729304	-0.020436689008373355
-1.914893617021277	-0.16800794294591992	-0.017870068525603036
-1.8898623279098858	-0.17126729880630395	-0.01587564550141346
-1.8648310387984974	-0.17438215677177993	-0.014316784539801761
-1.839799749687109	-0.17734125080933993	-0.013085994157394584
-1.8147684605757206	-0.18015113795745274	-0.01210322404353592
-1.7897371714643304	-0.1828256526323213	-0.011309943864807227
-1.764705882352942	-0.18538065512140156	-0.010663361065437941
-1.7396745932415527	-0.18783165571005805	-0.010131925896136833
-1.7146433041301625	-0.1901928622648887	-0.009692099329643405
-1.6896120150187741	-0.19247689662165496	-0.009326089439394501
-1.664580725907384	-0.19469480901732286	-0.00902027307584848
-1.6395494367959955	-0.19685621328732794	-0.008764089290835034
-1.6145181476846062	-0.19896946004507965	-0.00854925568565896
-1.589486858573217	-0.2010418106730197	-0.008369206791783206
-1.5644555694618276	-0.2030795967891644	-0.00821868651894957
-1.5394242803504374	-0.20508836014480547	-0.00809344872170174
-1.514392991239049	-0.20707297259371457	-0.007990034558497675
-1.4893617021276597	-0.20903773774333936	-0.007905605058876585
-1.4643304130162704	-0.2109864765720709	-0.007837813853376386
-1.4392991239048811	-0.2129225993715295	-0.007784709454827392
-1.4142678347934918	-0.21484916619125785	-0.0077446595195219065
-1.3892365456821025	-0.21676893769097771	-0.007716291624771131
-1.3642052565707132	-0.21868441802024413	-0.0076984465778345
-1.339173967459324	-0.220597891080745	-0.007690141319678323
-1.3141426783479346	-0.22251145129485733	-0.007690539238519858
-1.2891113892365453	-0.22442702980767687	-0.007698926252281489
-1.264080100125157	-0.2263464168860374	-0.007714691416971346
-1.2390488110137667	-0.2282712811431074	-0.007737311111645249
-1.2140175219023774	-0.2302031861065346	-0.007766336069224609
-1.1889862327909881	-0.23214360455773603	-0.007801380686572506
-1.1639549436795988	-0.2340939309960924	-0.007842114171432074
-1.1389236545682104	-0.23605549252158614	-0.007888253178531432
-1.1138923654568202	-0.23802955838013484	-0.007939555659884126
-1.0888610763454318	-0.2400173483755524	-0.007995815710545138
-1.0638297872340434	-0.24202004031895405	-0.008056859234847983
-1.0387984981226523	-0.2440387766592317	-0.008122540292419777
-1.013767209011264	-0.2460746704157616	-0.008192738010272392
-0.9887359198998737	-0.2481288105159658	-0.0082673539686613
-0.9637046307884853	-0.25020226662499634	-0.0083463099854475
-0.9386733416770969	-0.2522960935420238	-0.008429546237350226
-0.9136420525657085	-0.2544113352270167	-0.008517019667469176
-0.8886107634543183	-0.2565490285130018	-0.008608702637348285
-0.8635794743429273	-0.2587102065514244	-0.008704581789087226
-0.8385481852315388	-0.26089590203201246	-0.008804657088915679
-0.8135168961201504	-0.26310715021334014	-0.008908941028501326
-0.788485607008762	-0.26534499179598003	-0.009017457964269037
-0.7634543178973718	-0.2676104756664324	-0.009130243578333249
-0.7384230287859816	-0.269904661537015	-0.00924734444741923
-0.7133917396745932	-0.2722286225043165	-0.009368817708476163
-0.6883604505632039	-0.27458344754671893	-0.009494730811650122
-0.6633291614518155	-0.2769702439797295	-0.009625161352955379
-0.6382978723404253	-0.2793901398864398	-0.009760196980413707
-0.6132665832290352	-0.28184428653925964	-0.009899935368668402
-0.5882352941176467	-0.2843338608281777	-0.010044484258159417
-0.5632040050062583	-0.2868600677100798	-0.010193961555897366
-0.5381727158948699	-0.2894241426931636	-0.010348495495726653
-0.5131414267834788	-0.2920273543701398	-0.010508224856737134
-0.48811013767208866	-0.29467100701376986	-0.010673299239194965
-0.46307884856070025	-0.2973564432482244	-0.010843879398024617
-0.43804755944931184	-0.3000850468099207	-0.011020137634507718
-0.41301627033792343	-0.3028582454117066	-0.0112022582474742
-0.38798498122653324	-0.30567751372472146	-0.011390438045866822
-0.36295369211514483	-0.3085443764927334	-0.011584886925165433
-0.33792240300375376	-0.3114604117944844	-0.01178582851077762
-0.31289111389236535	-0.3144272544703564	-0.011993500872142201
-0.28785982478097694	-0.317446599730669	-0.012208157311970017
-0.26282853566958675	-0.32052020696402667	-0.012430067235761781
-0.23779724655819834	-0.3236499037654543	-0.012659517107517513
-0.21276595744680904	-0.32683759020552655	-0.01289681149839024
-0.18773466833541974	-0.33008524336339995	-0.013142274235956153
-0.16270337922403044	-0.33339492214854727	-0.01339624966278356
-0.13767209011264026	-0.33676877243816133	-0.013659104014108454
-0.11264080100125184	-0.3402090325595994	-0.013931226925670738
-0.08760951188986255	-0.3437180391499729	-0.014213033084167126
-0.06257822277847325	-0.34729823342803245	-0.014504964034345768
-0.03754693366708395	-0.35095216791695066	-0.014807490158540356
-0.01251564455569465	-0.35468251366045106	-0.015121112846442505
0.01251564455569465	-0.3584920679790593	-0.015446366875183208
0.03754693366708395	-0.36238376281819507	-0.015783823022374483
0.06257822277847325	-0.36636067374520886	-0.016134090937705934
0.08760951188986255	-0.37042602965880367	-0.016497822302052836
0.11264080100125184	-0.374583223281163	-0.01687571430690517
0.13767209011264114	-0.3788358225110776	-0.017268513491347105
0.16270337922403044	-0.3831875827252948	-0.017677019978908297
0.18773466833541974	-0.38764246012546605	-0.018102092162478475
0.21276595744680726	-0.39220462623957897	-0.018544651892266725
0.23779724655819834	-0.39687848369989825	-0.019005690229658097
0.26282853566958764	-0.40166868343433826	-0.019486273838966707
0.28785982478097694	-0.4065801434252756	-0.0199875520997433
0.31289111389236623	-0.4116180692093075	-0.02051076503474321
0.33792240300375376	-0.4167879763138204	-0.02105725216324301
0.36295369211514483	-0.4220957148519355	-0.021628462406525058
0.38798498122653235	-0.4275474965269486	-0.022225965192520403
0.41301627033792343	-0.4331499243315211	-0.0228514629304425
0.43804755944931273	-0.43891002526630546	-0.023506805054489214
0.46307884856070025	-0.44483528644843645	-0.024194003869275674
0.4881101376720913	-0.45093369503344655	-0.02491525246971997
0.5131414267834788	-0.4572137824360473	-0.025672945056042736
0.5381727158948699	-0.46368467340750513	-0.02646970002213513
0.5632040050062574	-0.470356140611982	-0.027308386264970095
0.5882352941176467	-0.4772386654435776	-0.028192153246759062
0.6132665832290378	-0.4843435059428007	-0.029124465443644366
0.6382978723404253	-0.49168277280935374	-0.03010914193929746
0.6633291614518164	-0.49926951467168745	-0.03115040207445515
0.6883604505632039	-0.5071178139680411	-0.03225291825137432
0.7133917396745932	-0.5152428950251112	-0.033421877224676495
0.7384230287859808	-0.5236612461969512	-0.03466305149905792
0.7634543178973718	-0.5323907582580083	-0.03598288281550457
0.7884856070087629	-0.5414508816424465	-0.03738858016142563
0.8135168961201504	-0.5508628056019101	-0.038888235313537085
0.8385481852315397	-0.5606496629342523	-0.040490959651287635
0.8635794743429273	-0.5708367646391139	-0.04220704691116058
0.8886107634543183	-0.5814518697110325	-0.04404816775307744
0.9136420525657059	-0.5925254963213467	-0.046027603567378825
0.9386733416770969	-0.604091281909171	-0.048160528985020816
0.9637046307884862	-0.6161864012499989	-0.05046435523126034
0.9887359198998737	-0.6288520534590412	-0.05295915001644289
1.0137672090112648	-0.6421340311844165	-0.05566815441320715
1.0387984981226523	-0.6560833880288343	-0.05861842359173713
1.0638297872340434	-0.6707572235800692	-0.06184162703975836
1.088861076345431	-0.6862196093817625	-0.06537505594788606
1.1138923654568202	-0.70254268372637	-0.06926290220988979
1.1389236545682113	-0.7198079481471975	-0.07355789707015536
1.1639549436795988	-0.7381078034705072	-0.07832343099222874
1.18898623279099	-0.757547367187809	-0.08363632458727316
1.2140175219023774	-0.77824661441818	-0.089590490723413
1.2390488110137667	-0.8003428771032917	-0.09630183150652277
1.264080100125156	-0.8239937107137368	-0.10391486822161582
1.2891113892365453	-0.8493800753518703	-0.11261183494858971
1.3141426783479364	-0.8767096398590857	-0.12262532005188052
1.339173967459324	-0.9062197245831461	-0.13425607931218808
1.3642052565707132	-0.9381787894789164	-0.1478984654128615
1.3892365456821025	-0.9728841153619991	-0.16407714430783368
1.4142678347934918	-1.010650721503007	-0.1835005044444129
1.4392991239048811	-1.0517811633345548	-0.20713828331426956
1.4643304130162704	-1.0964947083435088	-0.23633231559070492
1.4893617021276597	-1.144771914247777	-0.27294534737636184
1.514392991239049	-1.1960285501674603	-0.31952807364335756
1.5394242803504383	-1.248470341564313	-0.3793936560057414
1.5644555694618276	-1.2979635395294629	-0.45622755721686215
1.589486858573217	-1.3366252970730756	-0.5523304539118367
1.6145181476846044	-1.3529303631026404	-0.6643840006347914
1.6395494367959955	-1.337568597710625	-0.7785983612629325
1.6645807259073848	-1.295278274499664	-0.8744318519091371
1.6896120150187741	-1.24764395352505	-0.9419941825098143
1.7146433041301634	-1.214997266931772	-0.9932169197791436
1.739674593241551	-1.1996046974285843	-1.0488824021566963
1.764705882352942	-1.1901497039733726	-1.1227778144728078
1.7897371714643295	-1.169416320482032	-1.218817114853209
1.8147684605757206	-1.119387577359781	-1.326532347247074
1.83979974968711	-1.0370602243281082	-1.4218479112501192
1.8648310387984974	-0.9425287253252598	-1.4892189177492952
1.8898623279098885	-0.8575874573390142	-1.5388576048634794
1.914893617021276	-0.7831112359517135	-1.5928029739498304
1.939924906132667	-0.7019073123097798	-1.6630241174659997
1.9649561952440546	-0.5933920558235062	-1.7445152291814536
1.989987484355444	-0.4446514238144338	-1.8187252176460436
2.015018773466835	-0.25671802496735585	-1.8619220880423841
2.0400500625782225	-0.04303006880346903	-1.853749517352859
2.065081351689613	0.1724838334743801	-1.781448272842034
2.090112640801001	0.36030900436319346	-1.648399999600296
2.1151439299123904	0.5001240594435168	-1.4734338900783874
2.1401752190237784	0.5850417291051317	-1.2779605265924512
2.165206508135169	0.6154478551978035	-1.080691405080095
2.1902377972465596	0.5974011483055913	-0.8988112592687721
2.2152690863579476	0.5438121327191155	-0.7449336023636804
2.240300375469337	0.4701195128481631	-0.6229478928696559
2.265331664580725	0.38838348521302973	-0.5297279241741596
2.2903629536921155	0.3056124404259288	-0.4595809633844352
2.315394242803503	0.22504884902491204	-0.407075591105982
2.340425531914894	0.14779479663952655	-0.36794430425504554
2.3654568210262834	0.07389063401281085	-0.3390880014309102
2.3904881101376714	0.0028947969218770845	-0.31833808485781206
2.415519399249062	-0.06583341352845958	-0.3042188877808699
2.4405506883604495	-0.13300485538177628	-0.29576948845153045
2.4655819774718406	-0.1993464671435934	-0.2924261082162307
2.490613266583228	-0.26558157953144995	-0.29395446328422903
2.515644555694618	-0.33242307553943995	-0.30042321954817325
2.5406758448060085	-0.40056518539901037	-0.31221455846704455
2.565707133917396	-0.4706590613667661	-0.3300726877819524
2.590738423028787	-0.5432483894372399	-0.3551939517326127
2.6157697121401746	-0.6186203120993482	-0.38935754749048107
2.6408010012515644	-0.6964887725510607	-0.4350661029115817
2.665832290362953	-0.7753832950368296	-0.4955625598601653
2.6908635794743425	-0.8516730963287763	-0.5743264631935385
2.7158948685857336	-0.9187142901830958	-0.6732828645682677
2.740926157697121	-0.9681535348404825	-0.7895660275655632
2.765957446808511	-0.9955367404576336	-0.9145876970991311
2.7909887359198997	-1.0043892959508245	-1.0411229909067672
2.816020025031289	-0.9985523545612816	-1.1700775373478152
2.841051314142678	-0.97358688298465	-1.3025497036456388
2.8660826032540676	-0.9251453725582751	-1.4291420866806304
2.8911138923654573	-0.8631333259049765	-1.538654458192507
2.916145181476846	-0.8040745296136529	-1.6362963752440922
2.9411764705882355	-0.7509234910018626	-1.7398342808916403
2.9662077596996244	-0.6909018689939473	-1.862169181880004
2.991239048811014	-0.6047989019467138	-2.0037327821706734
3.0162703379224016	-0.4765480658763826	-2.1510144602410595
3.0413016270337927	-0.3029967311546019	-2.284579323491629
3.066332916145182	-0.08757139497039262	-2.3906887012891263
3.091364205256571	0.16747581968342912	-2.4526010946642813
3.1163954943679606	0.4450744040972343	-2.447364068397484
3.141426783479348	0.7106232819771925	-2.369987679560931
3.166458072590739	0.9391696030134854	-2.239821217262512
3.1914893617021267	1.1254646148951575	-2.0784614813487137
3.2165206508135173	1.2725131871691158	-1.900074489315247
3.241551939924907	1.3867272681679959	-1.7119769606320985
3.2665832290362946	1.471148550939606	-1.512965912284322
3.2916145181476857	1.5184062111429821	-1.303268672532474
3.316645807259073	1.5202433623894556	-1.0949358487450307
3.341677096370464	1.479577454615793	-0.9058017259231609
3.366708385481852	1.409801779539345	-0.7477158902390864
3.391739674593241	1.326008609303355	-0.6224159647882398
3.416770963704632	1.2388865726421017	-0.5253555160118337
3.4418022528160197	1.1541605207732488	-0.450403752736759
3.4668335419274103	1.0742648441522098	-0.39213852220532236
3.4918648310387983	0.9998838768885302	-0.34638813978532496
3.5168961201501876	0.9308803036430607	-0.31010393271232917
3.5419274092615756	0.8667738807922896	-0.28109225757910844
3.566958698372966	0.8069699483762053	-0.2577754189161277
3.591989987484357	0.7508619242419692	-0.23901336271799137
3.617021276595745	0.6978729565701628	-0.22397877442291503
3.642052565707134	0.6474689099672415	-0.2120716580643447
3.667083854818522	0.5991581923756102	-0.2028615677936949
3.6921151439299127	0.552485794667261	-0.19604904343110727
3.7171464330413	0.507024981996094	-0.19144063960733027
3.7421777221526913	0.46236818286166315	-0.18893402110310323
3.7672090112640806	0.4181177285173834	-0.18851110249624795
3.7922403003754686	0.3738767160451095	-0.1902383629597281
3.817271589486859	0.3292401976261408	-0.19427446761007805
3.8423028785982467	0.2837870955605614	-0.20088635646748462
3.867334167709638	0.23707380871444894	-0.21047620526098998
3.8923654568210253	0.18863171109616447	-0.22362332373467705
3.917396745932415	0.13797331350301292	-0.24114734115911496
3.9424280350438057	0.0846171657756273	-0.2642019778239649
3.967459324155193	0.02815247151659017	-0.2944115607295104
3.9924906132665843	-0.03161373398558642	-0.33406154533975785
4.017521902377972	-0.09434296334315706	-0.38633678931052
4.042553191489361	-0.15853881236695566	-0.45552964488850034
4.06758448060075	-0.22042957881396938	-0.5469316246171024
4.09261576971214	-0.2724370414580418	-0.665720949266305
4.117647058823531	-0.30235622075969354	-0.8140486082831099
4.142678347934918	-0.2955494643588641	-0.9873405767720103
4.167709637046308	-0.23993670332997458	-1.1738044592666417
4.192740926157697	-0.1283929918800197	-1.358059538867441
4.217772215269086	0.04346238077290967	-1.5221419768258142
4.2428035043804755	0.27492993301572094	-1.640790299707769
4.267834793491865	0.5488513339564931	-1.684091438383727
4.292866082603254	0.8281337738600446	-1.6344206683264457
4.317897371714643	1.0709643329378784	-1.4992093271409008
4.342928660826033	1.2478763293371662	-1.3053057118658171
4.367959949937422	1.3469523098428657	-1.0877587919306975
4.392991239048811	1.3751419876990663	-0.8805122903114282
4.418022528160199	1.3536743364087478	-0.7050300103590682
4.44305381727159	1.3054901513282902	-0.5665979766302213
4.468085106382979	1.246800301971263	-0.4607433865655822
4.4931163954943685	1.186556803269935	-0.38027767012792574
4.518147684605758	1.1289408855161656	-0.3186692112074013
4.543178973717145	1.0755753857435961	-0.27088369375995425
4.568210262828536	1.026848937923462	-0.2332648444088177
4.593241551939924	0.982602089494319	-0.2032043651385229
4.618272841051315	0.9424603859993609	-0.17884063194285033
4.643304130162704	0.9059894853904118	-0.15883314445572544
4.668335419274092	0.8727638662167079	-0.1422045574337884
4.693366708385483	0.8423944021606531	-0.12823244363389433
4.71839799749687	0.8145367595133133	-0.11637534316583113
4.7434292866082615	0.788891193804179	-0.10622192889037915
4.768460575719649	0.7651988012619481	-0.09745569543378708
4.793491864831038	0.7432365957517177	-0.0898301383972949
4.818523153942429	0.7228125094879918	-0.08315112964552474
4.843554443053817	0.7037608609932883	-0.07726426716226745
4.868585732165208	0.685938454854234	-0.07204558574608058
4.8936170212765955	0.6692211871255076	-0.06739460848365036
4.918648310387985	0.6535011026000466	-0.06322917440605241
4.943679599499372	0.6386839277859865	-0.0594815752391297
4.968710888610763	0.6246870280483726	-0.05609561640359527
4.9937421777221545	0.6114377071148495	-0.053024347675637525
5.018773466833542	0.5988717837115992	-0.0502282950372763
5.043804755944931	0.5869323964068663	-0.0476740729379346
5.068836045056319	0.5755689976198447	-0.045333287294947115
5.09386733416771	0.5647365046506615	-0.04318166213063419
5.118898623279097	0.5543945811431208	-0.0411983394319428
5.1439299123904885	0.5445070270379435	-0.03936531414968415
5.168961201501878	0.5350412589470545	-0.037666975376628886
5.193992490613265	0.5259678660781469	-0.036089731522941544
5.219023779724656	0.5172602294633392	-0.03462170237791362
5.244055068836044	0.5088941943911963	-0.03325246476647597
5.269086357947435	0.5008477876928471	-0.03197284140724829
5.2941176470588225	0.49310097296317285	-0.03077472479408417
5.319148936170212	0.4856354379670806	-0.02965092962823906
5.344180225281603	0.47843440943873305	-0.02859506865030411
5.36921151439299	0.4714824912682961	-0.02760144775355983
5.3942428035043815	0.46476552271950444	-0.026664977073463794
5.419274092615769	0.4582704538593655	-0.025781095394644387
5.444305381727158	0.451985235831946	-0.024945705738104545
5.469336670838548	0.44589872399336944	-0.02415512042021449
5.494367959949937	0.44000059226824995	-0.0234060142388167
5.519399249061328	0.4342812574205427	-0.02269538476368709
5.5444305381727155	0.4287318123059317	-0.02202051900572013
5.569461827284105	0.42334396768538035	-0.021378966008979542
5.594493116395494	0.41811000301949514	-0.020768515080229876
5.619524405506883	0.41302272818294106	-0.020187179138120293
5.644555694618273	0.40807546075678763	-0.019633181005329906
5.669586983729662	0.4032620274976206	-0.019104934360178863
5.694618272841051	0.39857679928685535	-0.0186009933057132
5.719649561952441	0.394014742493118	-0.018119907205332356
5.74468085106383	0.38957135048096425	-0.01765990073387551
5.769712140175219	0.3852421189289652	-0.017218537359920846
5.7947434292866085	0.38102159803880625	-0.01679316734878576
5.819774718397996	0.3769034804346964	-0.01638242200668108
5.844806007509387	0.3728823053799864	-0.015986605133163034
5.869837296620776	0.3689542454923451	-0.015606261143426243
5.894868585732166	0.36511630662962996	-0.015241254539518627
5.919899874843555	0.3613655987036834	-0.014890933749482634
5.9449311639549425	0.3576991635482799	-0.014554487582752941
5.9699624530663336	0.3541140273197915	-0.014231129937656203
5.994993742177721	0.350607267886276	-0.013920157688876098
6.020025031289112	0.34717605339942886	-0.01362095943585335
6.0450563204005014	0.34381765803014297	-0.013333012230118763
6.07008760951189	0.340529465469241	-0.013055879271231812
6.09511889862328	0.3373089674769396	-0.01278921260305775
6.120150187734667	0.3341537623820643	-0.012532762169463725
6.145181476846059	0.3310615577906062	-0.012286391478288628
6.170212765957445	0.3280301814438618	-0.01205009809113569
6.195244055068836	0.32505759944887685	-0.011824034270723519
6.2202753441802265	0.3221419256961621	-0.01160853276847621
6.245306633291613	0.3192814125681211	-0.011404200107721658
6.270337922403005	0.3164745574567713	-0.011212179094940218
6.295369211514392	0.31372061058587936	-0.011034436996583866
6.320400500625783	0.31102051611139936	-0.010873684281299908
6.3454317897371695	0.30837821915826746	-0.010732605137510932
6.37046307884856	0.30580220259037255	-0.01061144425202316
6.395494367959952	0.30330498682670093	-0.010502279552542623
6.420525657071338	0.30089418204882956	-0.010382383200160201
6.445556946182729	0.29855443902368045	-0.010221584791741808
6.470588235294116	0.29624721203548016	-0.010011131551250364
6.495619524405506	0.2939435190590857	-0.00977425378975771
6.520650813516895	0.2916421324855425	-0.009539412239132027
6.545682102628285	0.2893553290379012	-0.00932080365451858
6.570713391739676	0.28709423332087897	-0.009120800003398483
6.5957446808510625	0.2848652036216383	-0.008937097764682378
6.620775969962453	0.28267100593156025	-0.008766593023360508
6.645807259073841	0.28051239946411816	-0.008606640247622931
6.670838548185231	0.2783891516821529	-0.008455249218499772
6.695869837296622	0.27630057572099	-0.00831098108723096
6.720901126408009	0.27424579491692	-0.008172803546078456
6.745932415519399	0.27222386836493445	-0.008039972433244481
6.770963704630788	0.2702338485573676	-0.007911947644378473
6.795994993742178	0.26827480634008327	-0.007788336945318724
6.821026282853566	0.2663458403452481	-0.007668860158339936
6.8460575719649555	0.26444607934701736	-0.00755332812219559
6.871088861076346	0.26257468196138983	-0.007441633015360756
6.896120150187734	0.26073083652927515	-0.00733374852166722
6.921151439299124	0.25891376399535715	-0.007229739935046024
6.946182728410513	0.2571227280829139	-0.007129785693613841
6.971214017521902	0.2553570607326295	-0.0070342126809598594
6.996245306633291	0.25361621795181283	-0.006943546577888397
7.0212765957446805	0.2518998935627136	-0.006858572116086511
7.046307884856071	0.2502082377151491	-0.006780379052831478
7.071339173967459	0.24854225791740758	-0.006710318333571103
7.0963704630788484	0.246904509496007	-0.006649628663725336
7.121401752190238	0.24529993935420577	-0.0065980410475546996
7.146433041301627	0.2437352989193232	-0.006550458329200224
7.171464330413016	0.2422134250993376	-0.006493862230574557
7.196495619524406	0.24072389368294386	-0.006413301027949019
7.221526908635795	0.2392461532101007	-0.006307451072657826
7.246558197747184	0.23776763825865904	-0.006190352149842088
7.2715894868585735	0.23628995261827557	-0.006076197015269931
7.296620775969963	0.23482023386223022	-0.00597131539652923
7.321652065081352	0.23336456173959252	-0.005876387241768601
7.3466833541927405	0.23192672563386396	-0.005789696677343882
7.371714643304131	0.23050848573786575	-0.005708535698342939
7.39674593241552	0.22910944419273832	-0.005630164102386412
7.421777221526909	0.22772760224063746	-0.005553355561625198
7.446808510638299	0.22636129591914428	-0.0054788004539184166
7.471839799749687	0.22501020805706273	-0.0054076893394016425
7.496871088861077	0.2236747632133902	-0.005340697316164066
7.521902377972466	0.222355494850007	-0.005278013578207308
7.546933667083856	0.22105290733597363	-0.005219535627078586
7.571964956195245	0.21976737886769784	-0.005164869234756404
7.5969962453066335	0.21849885569503882	-0.005113556496693088
7.622027534418024	0.21724709991782867	-0.005065846771350184
7.647058823529412	0.21601312081822885	-0.005022665402961543
7.672090112640802	0.21479997439732829	-0.0049835368008830355
7.697121401752189	0.21361066567148196	-0.004944027314466751
7.72215269086358	0.2124431771218404	-0.004896544621991937
7.74718397997497	0.21128859059935562	-0.00483736828396456
7.772215269086359	0.21013853360681542	-0.004771560815474389
7.797246558197749	0.2089919067628011	-0.004707390678747109
7.8222778473091354	0.207852654651788	-0.0046500111873339625
7.8473091364205265	0.2067258699908025	-0.004600830894388774
7.872340425531913	0.20561650228423625	-0.00455830477757662
7.897371714643305	0.20452818758434615	-0.00451744787159208
7.922403003754695	0.203459791777972	-0.0044705983697812006
7.947434292866082	0.2024036490590164	-0.0044132249443316635
7.972465581977473	0.20135179209715845	-0.00434868899474461
7.99749687108886	0.200302345043328	-0.004283692650742564
8.022528160200253	0.19925773375554154	-0.004222365491298721
8.047559449311638	0.1982207591734185	-0.004165745669895711
8.072590738423028	0.19719316847267826	-0.0041134392392416135
8.09762202753442	0.19617577283498364	-0.004064729886576617
8.122653316645806	0.19516882593735552	-0.004018979245684824
8.147684605757199	0.19417227491299716	-0.0039757121161973
8.172715894868585	0.19318588934858383	-0.003934634515984888
8.197747183979974	0.19220936212953832	-0.0038956467176311993
8.222778473091363	0.191242393676335	-0.0038588140709259907
8.247809762202753	0.19028471632045546	-0.003824329393411584
8.272841051314145	0.18933609670376256	-0.00379252408771078
8.297872340425531	0.18839637066605575	-0.0037639180710302574
8.32290362953692	0.18746553581885028	-0.003739283865086942
8.34793491864831	0.1865439348372043	-0.003719697524506359
8.3729662077597	0.18563257327511865	-0.0037064994088096617
8.397997496871088	0.18473354793244842	-0.0037009973135288684
8.423028785982478	0.18385035734066152	-0.003703771290752366
8.448060075093867	0.18298791501242653	-0.003713733538467826
8.473091364205256	0.182152493527394	-0.0037264480658109247
8.498122653316646	0.18134892591071267	-0.0037304149576800364
8.523153942428035	0.18057065856443089	-0.00370826339572538
8.548185231539424	0.1797959037772974	-0.0036526535701532463
8.573216520650814	0.17900561594009107	-0.0035764918662335
8.598247809762203	0.17819784287054347	-0.0034985490484315254
8.623279098873592	0.17738068963585318	-0.0034293920987057617
8.648310387984981	0.1765623774897557	-0.0033716345811052
8.67334167709637	0.17574832861073533	-0.003324545561818749
8.69837296620776	0.1749419641332	-0.0032867362028448197
8.72340425531915	0.1741460709281632	-0.0032567637615272143
8.748435544430539	0.17336358767287652	-0.0032323563507076648
8.773466833541928	0.1725967435892228	-0.0032089651171101933
8.798498122653317	0.17184393821471072	-0.0031801634384574892
8.823529411764707	0.17109842905516442	-0.0031425334588700937
8.848560700876096	0.17035373932452738	-0.003099227046685132
8.873591989987485	0.1696086012253487	-0.0030558268339172965
8.898623279098874	0.16886514802237906	-0.0030156479017551803
8.92365456821026	0.16812572612209062	-0.0029795248704862797
8.948685857321653	0.16739183413500336	-0.0029472073589099064
8.973717146433042	0.16666428702213418	-0.002918240500662848
8.998748435544432	0.16594357752183742	-0.00289223666929566
9.023779724655821	0.16523008982514625	-0.002868833279706704
9.048811013767207	0.16452405971942952	-0.0028476130527606814
9.0738423028786	0.1638254693361373	-0.002828332574179885
9.098873591989985	0.16313450352200234	-0.0028112853800981844
9.123904881101378	0.16245242905100885	-0.002796781513797189
9.148936170212767	0.16178151663461435	-0.0027835710035332127
9.173967459324153	0.16112292032349196	-0.002767665086657498
9.198998748435546	0.1604735540931058	-0.002744351084314491
9.224030037546932	0.15982712547892797	-0.0027131729964807606
9.249061326658325	0.15917982007499987	-0.0026784100880380634
9.27409261576971	0.158532114634581	-0.002644345407702986
9.2991239048811	0.1578860792410415	-0.0026129143906601505
9.324155193992492	0.1572434311831199	-0.0025844452513163097
9.349186483103878	0.15660519451089058	-0.0025586756046145284
9.374217772215271	0.15597188846125754	-0.002535265664094678
9.399249061326657	0.1553437625110171	-0.0025139945801497953
9.424280350438046	0.15472099020757135	-0.002494815674227079
9.449311639549435	0.15410384484672066	-0.0024778465826915392
9.474342928660825	0.15349290437085325	-0.002463278322678137
9.499374217772218	0.1528892777601784	-0.0024510748354650558
9.524405506883603	0.15229458238465257	-0.0024402630149993427
9.549436795994993	0.15170989996408538	-0.0024280767899153097
9.574468085106382	0.15113354799861928	-0.0024107432095675477
9.599499374217771	0.1505608730383672	-0.002387003857200456
9.62453066332916	0.1499882234010359	-0.0023596288817867806
9.64956195244055	0.1494153884463306	-0.0023321999855907874
9.67459324155194	0.148843923969998	-0.0023065725052687416
9.699624530663328	0.14827528221467148	-0.002283107834049279
9.724655819774718	0.14771032136436207	-0.002261569895521688
9.749687108886107	0.14714944375333486	-0.0022416257524008987
9.774718397997496	0.14659279627442948	-0.002223013681480473
9.799749687108886	0.1460404021588114	-0.0022055772292295423
9.824780976220275	0.1454922375477794	-0.0021892639122799984
9.849812265331664	0.14494828348029826	-0.0021741218444577726
9.874843554443054	0.14440857948063354	-0.002160300256322404
9.899874843554443	0.14387330360563994	-0.0021480418837473056
9.924906132665832	0.14334289920582935	-0.002137624598769835
9.949937421777221	0.14281822240321843	-0.0021291575444674637
9.97496871088861	0.1423005267327668	-0.0021221372013430287
10.0	0.14179093886888203	-0.0021149482585730286
