-10.0	-0.14640910712344646	-0.0022072567378487434
-9.97496871088861	-0.14695957949319424	-0.002225118484586552
-9.949937421777221	-0.14751447855537164	-0.002242550328063411
-9.924906132665832	-0.1480743690004487	-0.0022598284010184387
-9.899874843554443	-0.14863943952862263	-0.002277468651211228
-9.874843554443054	-0.14920958857496935	-0.0022958471400235424
-9.849812265331664	-0.14978467723263705	-0.0023151625242174147
-9.824780976220275	-0.15036461759067643	-0.0023355591698292467
-9.799749687108886	-0.15094933917545747	-0.002357220663325748
-9.774718397997496	-0.1515387080566902	-0.002380409628614874
-9.749687108886107	-0.15213241133219066	-0.0024054510778472866
-9.724655819774718	-0.15272982077402683	-0.002432607010259829
-9.699624530663328	-0.153329959747988	-0.0024617726574720556
-9.67459324155194	-0.15393182372314482	-0.002492153017692619
-9.64956195244055	-0.15453486682067075	-0.002522413272500514
-9.62453066332916	-0.15513893072446802	-0.0025509020996562102
-9.599499374217771	-0.15574470769989948	-0.002575136595418048
-9.574468085106382	-0.15635536305772949	-0.0025929278352722768
-9.549436795994993	-0.15697534450819747	-0.0026053324964397055
-9.524405506883603	-0.15760667649713442	-0.002616167529817399
-9.499374217772216	-0.1582483861229228	-0.002628647557481251
-9.474342928660825	-0.1588986330997556	-0.002644067559863992
-9.449311639549435	-0.1595560666239404	-0.00266254463601599
-9.424280350438046	-0.16021998135000587	-0.002683861047677309
-9.399249061326657	-0.1608900868148577	-0.0027078636795259546
-9.37421777221527	-0.16156628110599475	-0.0027345958341574083
-9.349186483103878	-0.16224847838349146	-0.002764329631091151
-9.32415519399249	-0.16293645511378374	-0.0027975523324936225
-9.2991239048811	-0.1636297090500418	-0.0028348900293306417
-9.274092615769712	-0.16432740467736864	-0.002876992310250248
-9.249061326658325	-0.16502835799406815	-0.0029246173051577016
-9.224030037546934	-0.1657303806881945	-0.0029788891250265197
-9.198998748435546	-0.1664287137629949	-0.0030401855152095217
-9.173967459324155	-0.1671161604363652	-0.0031042964961261817
-9.148936170212767	-0.1677888652201734	-0.0031589933934851257
-9.123904881101378	-0.16845541938705727	-0.0031895634026519962
-9.098873591989987	-0.16913452832453388	-0.003193089218509549
-9.0738423028786	-0.16983932499682605	-0.003181075074433457
-9.048811013767208	-0.17057048120192242	-0.003167294558690718
-9.023779724655821	-0.17132202870601737	-0.003159484723890503
-8.998748435544432	-0.17208782554427512	-0.0031596163375026153
-8.973717146433042	-0.1728638416957567	-0.003166907151328118
-8.948685857321653	-0.17364794199883077	-0.003179875947726723
-8.923654568210262	-0.1744391616303304	-0.003197160445354044
-8.898623279098874	-0.17523715842252183	-0.0032177138898486987
-8.873591989987485	-0.17604189628089803	-0.0032407844697441325
-8.848560700876096	-0.17685348147989374	-0.0032658458240028432
-8.823529411764707	-0.17767208266512083	-0.00329253255647159
-8.798498122653317	-0.17849789319997403	-0.0033205919799781432
-8.773466833541928	-0.17933111422510908	-0.003349850677601773
-8.748435544430539	-0.18017194770487785	-0.003380192106512316
-8.72340425531915	-0.18102059424170466	-0.0034115419463456548
-8.69837296620776	-0.18187725312839995	-0.0034438588566496923
-8.67334167709637	-0.18274212340267731	-0.003477129151662293
-8.648310387984981	-0.18361540527367393	-0.003511364547669752
-8.623279098873592	-0.18449730153618876	-0.0035466026451485516
-8.598247809762203	-0.1853880186067684	-0.0035829102552511253
-8.573216520650814	-0.18628776661641713	-0.003620390147930191
-8.548185231539424	-0.18719675747007364	-0.0036591923617346157
-8.523153942428035	-0.18811519864503007	-0.0036995319208897705
-8.498122653316646	-0.1890432781167122	-0.00374171557496811
-8.473091364205256	-0.18998113086390575	-0.0037861804456491505
-8.448060075093867	-0.19092876743548634	-0.0038335450162117327
-8.423028785982478	-0.1918859263959771	-0.0038846603611259432
-8.397997496871088	-0.1928517850801649	-0.003940605226508985
-8.3729662077597	-0.19382445935493606	-0.004002441190492872
-8.34793491864831	-0.19480041443030324	-0.0040702790360243185
-8.32290362953692	-0.19577476167016147	-0.004141099638501589
-8.297872340425531	-0.19674481147348394	-0.004206497900894678
-8.272841051314144	-0.19771651447705518	-0.004256031993658557
-8.247809762202753	-0.19870339889478847	-0.004287742668408008
-8.222778473091363	-0.19971437649938595	-0.0043104793006106526
-8.197747183979974	-0.20074863490679015	-0.004333508418458629
-8.172715894868585	-0.2018019571416325	-0.004360455620317183
-8.147684605757197	-0.2028717951893752	-0.004391702512742234
-8.122653316645806	-0.20395705887390406	-0.004427481897832498
-8.097622027534417	-0.20505676619309365	-0.004468173049024087
-8.072590738423028	-0.20616997020800812	-0.004513848933762937
-8.047559449311638	-0.2072959860591199	-0.0045644019532442015
-8.02252816020025	-0.20843425668099033	-0.004619793131318647
-7.9974968710888605	-0.20958401788680683	-0.004680018475063746
-7.972465581977473	-0.21074405013956143	-0.004744657203179918
-7.947434292866082	-0.2119130546758428	-0.004811977967727275
-7.922403003754694	-0.21309148449168505	-0.00487861981731429
-7.897371714643305	-0.21428334686613618	-0.004942152851602481
-7.872340425531914	-0.21549374632843588	-0.005004592154577411
-7.8473091364205265	-0.21672452596771405	-0.00507106446446907
-7.8222778473091354	-0.21797408976246638	-0.005146162600819061
-7.797246558197748	-0.2192392696530183	-0.005232996329594588
-7.772215269086359	-0.2205157754237907	-0.005333621259661473
-7.7471839799749675	-0.22179779054890855	-0.005448518226392052
-7.72215269086358	-0.22307864095199773	-0.005575255516703212
-7.697121401752189	-0.22435227195117619	-0.005708596306913763
-7.672090112640801	-0.22561205631456052	-0.005840189706379863
-7.647058823529412	-0.22685345090062747	-0.005951841515110287
-7.622027534418023	-0.22809077505851186	-0.006017751195280616
-7.596996245306634	-0.2293602269706991	-0.006031681791496414
-7.571964956195245	-0.23068829263228408	-0.006018188995107318
-7.546933667083856	-0.23207391013010098	-0.006006163329459117
-7.5219023779724665	-0.23350301578035676	-0.0060097036212927646
-7.496871088861077	-0.23496318566106175	-0.006030935688332671
-7.471839799749688	-0.23644708696786618	-0.006067349597713563
-7.446808510638299	-0.23795115196594618	-0.00611571224882915
-7.421777221526909	-0.23947389762342286	-0.006173283974674794
-7.39674593241552	-0.24101488606347618	-0.006237933208328265
-7.371714643304131	-0.2425742709315714	-0.00630795111731761
-7.346683354192741	-0.24415272908018876	-0.006381985872464324
-7.321652065081352	-0.24575132818807258	-0.006459267060932917
-7.296620775969963	-0.24737105307018945	-0.006539649108531581
-7.2715894868585735	-0.24901253515635308	-0.006623208003569009
-7.246558197747184	-0.2506762199605762	-0.006709932679502592
-7.221526908635795	-0.25236256476015834	-0.0067997196991128475
-7.196495619524406	-0.25407209368609723	-0.006892450838488485
-7.171464330413016	-0.2558053848196402	-0.006988035061294049
-7.146433041301627	-0.2575630502253809	-0.0070864177690631225
-7.121401752190238	-0.2593457236936875	-0.007187577380556669
-7.0963704630788484	-0.2611540550604131	-0.0072915193500605185
-7.071339173967459	-0.2629887081303438	-0.007398270770141333
-7.04630788485607	-0.26485036038307264	-0.007507875962453561
-7.0212765957446805	-0.266739703894923	-0.0076203929588090505
-6.996245306633291	-0.2686574469798053	-0.007735891440800328
-6.971214017521902	-0.27060431485047626	-0.007854451761337743
-6.946182728410513	-0.2725810498116486	-0.007976163174392497
-6.921151439299123	-0.2745884101877208	-0.008101122928593898
-6.896120150187734	-0.27662716338182075	-0.00822942671101225
-6.871088861076345	-0.27869809975490056	-0.008361138598645854
-6.8460575719649555	-0.28080209630228953	-0.008496292056802678
-6.821026282853566	-0.28294014901096215	-0.00863498275040848
-6.795994993742177	-0.2851132739907457	-0.008777441919902705
-6.770963704630788	-0.28732240895577127	-0.008923966541613596
-6.745932415519399	-0.28956843013595335	-0.009074834240784547
-6.720901126408009	-0.2918521818234339	-0.0092302863248193
-6.69586983729662	-0.2941744599237737	-0.009390498943649501
-6.670838548185231	-0.2965360233620345	-0.009555466737503281
-6.645807259073841	-0.2989378005793723	-0.009724859597711587
-6.620775969962453	-0.30138130045817185	-0.00989820828948296
-6.595744680851063	-0.3038685919119372	-0.010075576974749253
-6.570713391739676	-0.3064015250480637	-0.010257783410128658
-6.545682102628285	-0.3089813070062182	-0.010445750335124272
-6.520650813516897	-0.31160883105793413	-0.010640002164437872
-6.495619524405506	-0.3142850928216741	-0.010840624629027056
-6.470588235294117	-0.31701151390343146	-0.011047447958337958
-6.445556946182729	-0.3197900534288803	-0.011260498845374941
-6.420525657071338	-0.32262278626119845	-0.011480357839300546
-6.395494367959951	-0.3255114356408364	-0.011707898295568517
-6.37046307884856	-0.32845740734839424	-0.0119438886206352
-6.34543178973717	-0.3314619486575745	-0.0121888705054638
-6.320400500625783	-0.3345261838269442	-0.012443025641829664
-6.295369211514392	-0.3376513512602441	-0.012705823137616937
-6.270337922403004	-0.34083968021644145	-0.01297594536339889
-6.245306633291613	-0.344095167503976	-0.013252516614001493
-6.2202753441802265	-0.34742239459380225	-0.013536626454939976
-6.195244055068836	-0.35082464679365755	-0.013830588522650423
-6.170212765957448	-0.354304034258266	-0.014136268879598094
-6.145181476846059	-0.3578625590676949	-0.014454723626746303
-6.120150187734667	-0.3615026127538494	-0.01478660772464566
-6.09511889862328	-0.3652269896068363	-0.015132505315049836
-6.070087609511891	-0.36903878522805256	-0.015493051042772432
-6.0450563204005014	-0.3729413260449708	-0.015868924064516177
-6.020025031289112	-0.37693818800947104	-0.016260780679349805
-5.994993742177721	-0.38103334977254966	-0.016669239381328735
-5.9699624530663336	-0.38523134045576657	-0.017095098403154492
-5.9449311639549425	-0.389537046207506	-0.017539615208617246
-5.919899874843555	-0.3939553866722131	-0.018004383627708318
-5.894868585732166	-0.3984913560982452	-0.018491036342619276
-5.869837296620776	-0.4031502469372819	-0.019001186980507487
-5.844806007509387	-0.40793777496222666	-0.019536520151235352
-5.819774718397998	-0.41286011844428744	-0.02009887284191998
-5.7947434292866085	-0.41792393968213765	-0.020690283516362016
-5.769712140175219	-0.42313641406180313	-0.021313027340155263
-5.74468085106383	-0.42850526865270167	-0.021969651244143195
-5.719649561952441	-0.43403882649307596	-0.022663015104012273
-5.694618272841051	-0.4397460506161127	-0.02339634105948027
-5.669586983729662	-0.44563657849942734	-0.024173267935408214
-5.644555694618273	-0.4517207338982817	-0.024997894579207116
-5.619524405506883	-0.4580095129053817	-0.025874764061447765
-5.594493116395494	-0.46451461386683834	-0.02680870009987754
-5.569461827284105	-0.47124876479103806	-0.02780449679144208
-5.5444305381727155	-0.47822657034475646	-0.028866929438787735
-5.519399249061326	-0.48546516873312223	-0.030001643401823676
-5.494367959949937	-0.49298391052898544	-0.031215909506990557
-5.469336670838549	-0.5008044250999479	-0.03251865158489382
-5.444305381727158	-0.5089508878285164	-0.033921353299827955
-5.419274092615769	-0.5174489489166133	-0.03543854376186927
-5.3942428035043815	-0.5263254809607444	-0.03708666795529464
-5.36921151439299	-0.5356099690913713	-0.03888362948998301
-5.344180225281603	-0.5453357919149232	-0.04084959891299673
-5.319148936170212	-0.555540944305742	-0.043008042890653186
-5.2941176470588225	-0.5662688008808757	-0.04538661182331987
-5.269086357947435	-0.5775693556644819	-0.048018341724848645
-5.244055068836044	-0.5895004895675684	-0.050943829444849376
-5.219023779724656	-0.602128406862291	-0.05421379155572206
-5.193992490613266	-0.6155282022543915	-0.05789100248430748
-5.168961201501876	-0.6297857874947794	-0.06205280095588622
-5.1439299123904885	-0.6450004685314565	-0.06679546276453523
-5.1188986232791	-0.6612875224656916	-0.07224052002317273
-5.09386733416771	-0.6787808439742655	-0.07854333564819221
-5.06883604505632	-0.6976356908316108	-0.08590492862511873
-5.043804755944931	-0.7180312055812141	-0.09458864170116703
-5.018773466833542	-0.7401718592623204	-0.10494401271085309
-4.993742177722154	-0.7642859733140244	-0.11744139768342317
-4.968710888610763	-0.7906174680357522	-0.13272268790664266
-4.943679599499373	-0.8194028560520912	-0.15167599413530186
-4.918648310387985	-0.8508169803905955	-0.17554517423231347
-4.893617021276597	-0.8848535305437812	-0.20608665924176234
-4.868585732165207	-0.9210715373043293	-0.24577873588063778
-4.843554443053817	-0.9580750832528531	-0.29804786597947563
-4.818523153942427	-0.9925032263121243	-0.3673335143468433
-4.793491864831038	-1.017304668642372	-0.45842076044524765
-4.768460575719651	-1.01965671185504	-0.5737631660684515
-4.7434292866082615	-0.9809570998974644	-0.7074734534706455
-4.71839799749687	-0.8836224052932807	-0.8381851663254221
-4.69336670838548	-0.7257914672931025	-0.9291762343433715
-4.668335419274092	-0.5349393948498911	-0.9440156756664515
-4.643304130162704	-0.36195488145584587	-0.8741849880047191
-4.618272841051315	-0.24829432748269406	-0.749896582519563
-4.593241551939924	-0.20083124408653827	-0.6148082661974829
-4.568210262828536	-0.2015569423840111	-0.4970372858565978
-4.543178973717147	-0.22917003410057113	-0.4048570096350075
-4.518147684605758	-0.2690490069516755	-0.33605155389843994
-4.4931163954943685	-0.313267332517931	-0.28555951616695424
-4.468085106382977	-0.3580859930688451	-0.24865319182669754
-4.44305381727159	-0.4019700935707588	-0.22170016820168417
-4.418022528160201	-0.444455125511382	-0.20209509551744234
-4.392991239048811	-0.485569975049219	-0.18801435843803824
-4.367959949937422	-0.5255580774201376	-0.17819037569429355
-4.342928660826031	-0.5647477006461008	-0.17174383027392823
-4.317897371714643	-0.6034945878527215	-0.16806894214766316
-4.292866082603254	-0.6421574955576116	-0.1667578248982865
-4.267834793491865	-0.6810889271554085	-0.16754929249849945
-4.2428035043804755	-0.7206356929484514	-0.17029422481724976
-4.217772215269086	-0.7611448443960408	-0.17493494992298714
-4.192740926157699	-0.802971067566155	-0.18149526156501822
-4.167709637046308	-0.8464844599967479	-0.1900781929557747
-4.142678347934918	-0.8920787023689918	-0.20087063697804067
-4.117647058823529	-0.9401795103622388	-0.2141552896531183
-4.09261576971214	-0.9912528894630576	-0.23033146483356193
-4.067584480600752	-1.045812060168563	-0.24994760614377384
-4.042553191489361	-1.1044205465011185	-0.27375009224188235
-4.017521902377972	-1.167686033443378	-0.3027554019201524
-3.9924906132665825	-1.2362335836618552	-0.3383558975934794
-3.967459324155193	-1.310634344413142	-0.38247252173748014
-3.9424280350438052	-1.3912405145124414	-0.4377663856754095
-3.917396745932415	-1.4778284773797414	-0.5079006286450469
-3.8923654568210257	-1.5688721883633057	-0.5977583278599043
-3.867334167709638	-1.6602061822105612	-0.7132568709664457
-3.8423028785982494	-1.7431035203823024	-0.8597903636192281
-3.8172715894868587	-1.8033416139575857	-1.0377519765627727
-3.7922403003754686	-1.8260917995646937	-1.2359311015049603
-3.7672090112640793	-1.8095407650066506	-1.4323667266059954
-3.7421777221526913	-1.7726387797990184	-1.6128363771800072
-3.717146433041303	-1.7374539367594295	-1.7890260746005786
-3.6921151439299127	-1.7037762863895365	-1.9891666070625869
-3.6670838548185225	-1.6445650145677462	-2.2343322211262544
-3.6420525657071328	-1.5155888317657618	-2.5204432021726952
-3.617021276595745	-1.2775557143497043	-2.803756525069562
-3.5919899874843564	-0.9362030110908862	-3.0113829426336247
-3.566958698372966	-0.557056095724211	-3.0972228298714475
-3.541927409261576	-0.2106317255484374	-3.0844550536161917
-3.5168961201501876	0.08710422785356363	-3.027503622513078
-3.4918648310387996	0.3599738942509286	-2.952466428681814
-3.46683354192741	0.6261497236173102	-2.8527416426497227
-3.4418022528160197	0.8844755407347012	-2.713934304460796
-3.4167709637046295	1.1197701692399544	-2.5276945966131668
-3.391739674593241	1.311432065005133	-2.300602524076754
-3.366708385481853	1.4496548319740363	-2.052547416787519
-3.341677096370464	1.539640107957703	-1.7988845243582612
-3.3166458072590737	1.584927255625791	-1.5434180715085013
-3.291614518147683	1.5804891193249415	-1.2940243512498848
-3.2665832290362946	1.5281666828316824	-1.0686136749251314
-3.2415519399249066	1.44296013353564	-0.8808039094174661
-3.2165206508135173	1.342526897072643	-0.7322073933644576
-3.191489361702127	1.2391711498657838	-0.6170545921734021
-3.166458072590739	1.1393260255568716	-0.5279412922938874
-3.14142678347935	1.045646770720461	-0.4584333124097642
-3.11639549436796	0.9588188964935233	-0.40361124414716976
-3.091364205256571	0.8786184687100043	-0.3598817665950793
-3.0663329161451807	0.8044516429735415	-0.3246513946681242
-3.0413016270337927	0.7356103096547368	-0.2960434284311054
-3.0162703379224034	0.671386098386178	-0.2726883888388388
-2.991239048811014	0.6111164117719032	-0.2535770658741277
-2.966207759699625	0.5541986724447411	-0.23795924888417516
-2.941176470588234	0.5000901964350792	-0.2252740945513811
-2.916145181476846	0.448301973865122	-0.21510209164611047
-2.891113892365457	0.39839022616661157	-0.20713182120136847
-2.8660826032540676	0.3499474765417064	-0.20113700310405666
-2.8410513141426783	0.302593836785873	-0.19696087065412016
-2.816020025031289	0.2559687043019891	-0.19450595804477203
-2.790988735919901	0.2097227970279594	-0.19372812656554853
-2.7659574468085104	0.1635103580151986	-0.19463426553621707
-2.740926157697121	0.11698150699720469	-0.19728353550399594
-2.715894868585732	0.06977475873057037	-0.2017920646904361
-2.6908635794743425	0.02150928010276289	-0.208341375970544
-2.6658322903629545	-0.02822342762886225	-0.2171918592228582
-2.6408010012515644	-0.0798680574818528	-0.22870319997813332
-2.615769712140175	-0.1339135115883161	-0.24336431238700879
-2.5907384230287853	-0.19089897205340972	-0.26183677012436085
-2.565707133917396	-0.25141477781069443	-0.28501790604552246
-2.540675844806008	-0.31609106295835293	-0.3141327427846599
-2.515644555694618	-0.38555934608944364	-0.35086766654960166
-2.4906132665832286	-0.4603564425646434	-0.3975618007002585
-2.4655819774718406	-0.5407089283786881	-0.45746807655772687
-2.440550688360452	-0.6260809898030099	-0.5350644612131291
-2.4155193992490616	-0.71429686748918	-0.6362826171725574
-2.3904881101376714	-0.8000635038623901	-0.7682354134841606
-2.365456821026282	-0.8731566219850898	-0.9376124824559134
-2.340425531914894	-0.9176998679740419	-1.1471114499022783
-2.3153942428035057	-0.9146570510920577	-1.3912499720964668
-2.2903629536921155	-0.8471338436134362	-1.6550986840117452
-2.2653316645807253	-0.7040555568346546	-1.9164318039200468
-2.2403003754693356	-0.48267386473156193	-2.1460309898466527
-2.2152690863579476	-0.19712827830604268	-2.3107998928291034
-2.190237797246559	0.11873193508461609	-2.390903506753131
-2.165206508135169	0.43043047201378926	-2.3909616202650166
-2.140175219023779	0.7178895609006892	-2.327005621380611
-2.1151439299123904	0.9717615196114346	-2.2147951999511055
-2.0901126408010025	1.188439721804045	-2.0669512675068864
-2.0650813516896127	1.3658146861921905	-1.8937504340846825
-2.0400500625782225	1.505135440754376	-1.7055690745915635
-2.0150187734668323	1.611167284405429	-1.5061776305523633
-1.989987484355444	1.6798875296325626	-1.2941578058977194
-1.9649561952440555	1.700392959879572	-1.0795790589891259
-1.939924906132667	1.6736010222796547	-0.883292371841456
-1.914893617021277	1.6146637066584004	-0.7196086182660735
-1.8898623279098858	1.5406241582483036	-0.5903406256055324
-1.8648310387984974	1.4630620510732204	-0.4903277234258701
-1.839799749687109	1.388014526283447	-0.4129586153236395
-1.8147684605757206	1.3180389717010244	-0.35251948809559047
-1.7897371714643304	1.2538918742592615	-0.3046586963933925
-1.764705882352942	1.1954965572368694	-0.2662059985322072
-1.7396745932415527	1.1424334122448332	-0.234876664198136
-1.7146433041301625	1.0941727537887278	-0.20901742309975999
-1.6896120150187741	1.0501797249965625	-0.18741915928620892
-1.664580725907384	1.0099578248110668	-0.16918579226079178
-1.6395494367959955	0.9730636989589478	-0.15364389364170555
-1.6145181476846062	0.9391089225079581	-0.1402803542942168
-1.589486858573217	0.9077562849419417	-0.12869905700350154
-1.5644555694618276	0.8787141203058739	-0.11859041828210025
-1.5394242803504374	0.8517303079462187	-0.10970970358160628
-1.514392991239049	0.826586644576954	-0.10186138599938488
-1.4893617021276597	0.80309384640287	-0.09488771814738306
-1.4643304130162704	0.781087234120094	-0.0886602782282688
-1.4392991239048811	0.7604230631662052	-0.0830736421559417
-1.4142678347934918	0.740975427109984	-0.07804059408552026
-1.3892365456821025	0.7226336540425115	-0.0734884632605941
-1.3642052565707132	0.7053001196234372	-0.06935629472771646
-1.339173967459324	0.6888884088599391	-0.0655926439699979
-1.3141426783479346	0.6733217683086639	-0.06215384306671694
-1.2891113892365453	0.6585317996295098	-0.05900262659491912
-1.264080100125157	0.6444573536572233	-0.05610703445697213
-1.2390488110137667	0.6310435912180955	-0.053439529701034945
-1.2140175219023774	0.6182411828389492	-0.05097628460905661
-1.1889862327909881	0.6060056243938252	-0.048696599510236395
-1.1639549436795988	0.5942966497556396	-0.04658242708004951
-1.1389236545682104	0.5830777248075311	-0.04461798110607557
-1.1138923654568202	0.5723156098491763	-0.042789413407948826
-1.0888610763454318	0.5619799796163443	-0.04108454619464455
-1.0638297872340434	0.5520430919080641	-0.0394926499212336
-1.0387984981226523	0.542479497259759	-0.03800425888479522
-1.013767209011264	0.5332657832727686	-0.03661101853720901
-0.9887359198998737	0.524380348160223	-0.03530555991647216
-0.9637046307884853	0.5158031988356628	-0.034081397809873445
-0.9386733416770969	0.5075157694882264	-0.03293285035127138
-0.9136420525657085	0.4995007570863544	-0.03185497880772045
-0.8886107634543183	0.49174197066249814	-0.030843547423446818
-0.8635794743429273	0.484224191593442	-0.029895004480061806
-0.8385481852315388	0.47693304246479007	-0.02900648736208195
-0.8135168961201504	0.4698548625984808	-0.028175856620260023
-0.788485607008762	0.46297658912356376	-0.02740176715548697
-0.7634543178973718	0.4562856439589695	-0.026683789249491625
-0.7384230287859816	0.44976982999285436	-0.02602259909698234
-0.7133917396745932	0.443417245566434	-0.025420269067959463
-0.6883604505632039	0.4372162381004428	-0.0248807041420961
-0.6633291614518155	0.4311554415004386	-0.024410295609668165
-0.6382978723404253	0.4252239906446172	-0.024018899429906634
-0.6132665832290352	0.41941210658136163	-0.0237212955937792
-0.5882352941176467	0.4137124538550258	-0.023539335053692625
-0.5632040050062583	0.40812309946381725	-0.02350497339389867
-0.5381727158948699	0.4026537582780852	-0.02366410766745521
-0.5131414267834788	0.3973385610859116	-0.024079871390482913
-0.48811013767208866	0.39226059946174596	-0.024829805433718086
-0.46307884856070025	0.3875922884468231	-0.02597975571435461
-0.43804755944931184	0.38363418784350956	-0.02749617744157312
-0.41301627033792343	0.3807559339927963	-0.02906478133564707
-0.38798498122653324	0.3790584325953162	-0.029967037519140215
-0.36295369211514483	0.37792366605315775	-0.02947966033471916
-0.33792240300375376	0.37631408228486346	-0.027657817466835134
-0.31289111389236535	0.37370201698792854	-0.02526532697044669
-0.28785982478097694	0.37024743469012705	-0.022978481900845574
-0.26282853566958675	0.36632383159745113	-0.021066562069361448
-0.23779724655819834	0.3622181056690999	-0.019542302175228773
-0.21276595744680904	0.3580918545590156	-0.01833396184483525
-0.18773466833541974	0.3540231202719	-0.017363319927115473
-0.16270337922403044	0.35004505709802725	-0.016567552209863824
-0.13767209011264026	0.34616881650763287	-0.01590078202729729
-0.11264080100125184	0.3423953412423838	-0.015330558845172928
-0.08760951188986255	0.3387211199910003	-0.01483408586745267
-0.06257822277847325	0.3351409192194869	-0.01439530046345643
-0.03754693366708395	0.3316490480748238	-0.0140028314511487
-0.01251564455569465	0.32823992183311074	-0.013648629957990125
0.01251564455569465	0.3249082979138739	-0.013327078583051771
0.03754693366708395	0.3216493726691148	-0.013034438537451972
0.06257822277847325	0.3184588454943514	-0.01276854638474441
0.08760951188986255	0.31533303382179656	-0.012528710361529121
0.11264080100125184	0.3122691452014159	-0.012315775139665563
0.13767209011264114	0.30926588916678766	-0.012132300241119245
0.16270337922403044	0.3063247556320719	-0.011982651839421921
0.18773466833541974	0.3034524326685177	-0.011872321770086508
0.21276595744680726	0.3006644616246226	-0.011804553637419071
0.23779724655819834	0.29798733694801416	-0.011770612257986583
0.26282853566958764	0.2954480094422303	-0.011733264571323038
0.28785982478097694	0.2930381025785081	-0.011625088480052009
0.31289111389236623	0.2906867434213972	-0.011398649733662756
0.33792240300375376	0.28831097444370357	-0.011081419647036966
0.36295369211514483	0.28588494054750296	-0.010741555140018212
0.38798498122653235	0.2834305559084818	-0.010425545281203171
0.41301627033792343	0.2809772451614487	-0.010147446269094688
0.43804755944931273	0.2785446946915706	-0.009904839755278326
0.46307884856070025	0.27614294664375216	-0.009690927083185395
0.4881101376720913	0.27377616669332955	-0.009499251446908847
0.5131414267834788	0.27144548845373717	-0.009324801814553977
0.5381727158948699	0.2691506031677898	-0.009163934561786116
0.5632040050062574	0.2668905602412522	-0.009014046816533526
0.5882352941176467	0.2646641527741746	-0.008873274409996593
0.6132665832290378	0.2624700980297979	-0.008740266436190502
0.6382978723404253	0.2603071188495974	-0.008614028402604999
0.6633291614518164	0.2581739776918416	-0.008493815641614236
0.6883604505632039	0.2560694882523437	-0.008379061154978013
0.7133917396745932	0.2539925167156712	-0.008269326506140316
0.7384230287859808	0.25194197844945326	-0.008164268074090738
0.7634543178973718	0.24991683292571315	-0.00806361359729073
0.7884856070087629	0.24791607817330857	-0.007967145678781415
0.8135168961201504	0.24593874534071702	-0.0078746900599972
0.8385481852315397	0.24398389359514847	-0.00778610720815369
0.8635794743429273	0.24205060541476645	-0.007701286242113877
0.8886107634543183	0.24013798225284752	-0.007620140536673013
0.9136420525657059	0.23824514051976267	-0.007542604554184642
0.9386733416770969	0.23637120781728926	-0.007468631592846073
0.9637046307884862	0.23451531935833644	-0.0073981922366469464
0.9887359198998737	0.23267661450761096	-0.007331273358283248
1.0137672090112648	0.2308542333823436	-0.0072678775731972066
1.0387984981226523	0.22904731345531168	-0.0072080230768496595
1.0638297872340434	0.22725498610451966	-0.0071517438227404456
1.088861076345431	0.22547637305464024	-0.007099090018548606
1.1138923654568202	0.2237105826545428	-0.00705012893418441
1.1389236545682113	0.22195670593290145	-0.007004946030100235
1.1639549436795988	0.22021381236977675	-0.006963646428153178
1.18898623279099	0.21848094531620313	-0.006926356761757381
1.2140175219023774	0.2167571169858793	-0.006893227458107437
1.2390488110137667	0.2150413029329155	-0.006864435524110536
1.264080100125156	0.21333243591686854	-0.006840187930817581
1.2891113892365453	0.2116293990407227	-0.006820725720519762
1.3141426783479364	0.2099310180286836	-0.006806328998909834
1.339173967459324	0.2082360524884851	-0.00679732302550152
1.3642052565707132	0.20654318597744611	-0.006794085684202544
1.3892365456821025	0.20485101466370084	-0.006797056710390618
1.4142678347934918	0.20315803434646698	-0.00680674918273507
1.4392991239048811	0.201462625578004	-0.006823763974955306
1.4643304130162704	0.19976303662857922	-0.006848808131438921
1.4893617021276597	0.19805736408268698	-0.006882718521723541
1.514392991239049	0.19634353100953061	-0.00692649270297029
1.5394242803504383	0.1946192630375329	-0.006981329763681833
1.5644555694618276	0.19288206354113985	-0.007048685146552186
1.589486858573217	0.19112919106152323	-0.007130345143929932
1.6145181476846044	0.18935764615614073	-0.007228528804464352
1.6395494367959955	0.18756418334774996	-0.007346026372277889
1.6645807259073848	0.18574538069832808	-0.007486380040264329
1.6896120150187741	0.18389782931954157	-0.00765409150280357
1.7146433041301634	0.18201854032908982	-0.007854765590214226
1.739674593241551	0.1801056296965836	-0.008094904065849895
1.764705882352942	0.17815894012966302	-0.008380780461283014
1.7897371714643295	0.17617911540985765	-0.008716210453039103
1.8147684605757206	0.17416327884087224	-0.009101799262461421
1.83979974968711	0.17210073452410518	-0.009540634828391995
1.8648310387984974	0.16997801394225093	-0.010046739152105862
1.8898623279098885	0.1677895805282153	-0.010642003203006891
1.914893617021276	0.1655348523061425	-0.01134609915536798
1.939924906132667	0.1632088004826274	-0.012183973812497013
1.9649561952440546	0.16081643432311885	-0.013199106729823008
1.989987484355444	0.15839603940073374	-0.014437099085267344
2.015018773466835	0.15601349229918665	-0.015910298439663968
2.0400500625782225	0.15372010874200745	-0.01757975991524519
2.065081351689613	0.15150754051059467	-0.01939224190364851
2.090112640801001	0.1493261227295517	-0.021340220744368227
2.1151439299123904	0.14713558004627134	-0.023471033265821006
2.1401752190237784	0.14494266389855145	-0.02586936224858705
2.165206508135169	0.14282818932849412	-0.02859557694434301
2.1902377972465596	0.14086676225676237	-0.03161453022648383
2.2152690863579476	0.1390117128339697	-0.03488686442916439
2.240300375469337	0.13717766485776733	-0.038530101303173574
2.265331664580725	0.1354365322966202	-0.04277783009129053
2.2903629536921155	0.13403157691387127	-0.04778810373982755
2.315394242803503	0.13324252837594064	-0.053624567329683695
2.340425531914894	0.13346607144892983	-0.06032314009402371
2.3654568210262834	0.13528486325566053	-0.06762695185045023
2.3904881101376714	0.13902517690116586	-0.07480161164245099
2.415519399249062	0.14439651304510195	-0.08115652339953813
2.4405506883604495	0.15097904698079084	-0.08653660550333181
2.4655819774718406	0.15874651869945589	-0.09093079753919321
2.490613266583228	0.16778634861517683	-0.09399578020835778
2.515644555694618	0.1779229770597854	-0.09522993723197293
2.5406758448060085	0.18884326141161917	-0.09416939266308233
2.565707133917396	0.20002029276707467	-0.09014223360049028
2.590738423028787	0.21011644742603913	-0.08259349437322598
2.6157697121401746	0.21731180949288764	-0.07212263491884438
2.6408010012515644	0.2205718528025183	-0.06052270753367669
2.665832290362953	0.22024671646946722	-0.04970364421846114
2.6908635794743425	0.21754036796209322	-0.04073342935460949
2.7158948685857336	0.21363864918620887	-0.03377361430412421
2.740926157697121	0.2093171155509687	-0.028535934820219547
2.765957446808511	0.20498102957826883	-0.024645704625580075
2.7909887359198997	0.20081177505126363	-0.021788797831716965
2.816020025031289	0.1968796796333307	-0.01974165256524028
2.841051314142678	0.19321265460530268	-0.018362662598019306
2.8660826032540676	0.18984082249638698	-0.017574994755472445
2.8911138923654573	0.18683543076307357	-0.017342449870993065
2.916145181476846	0.18434783979786032	-0.017619704918521866
2.9411764705882355	0.18261602577158115	-0.018245071707318445
2.9662077596996244	0.18183052783431433	-0.018799765139092265
2.991239048811014	0.18180478889163604	-0.018671834150394105
3.0162703379224016	0.18185687182823623	-0.0175499677543578
3.0413016270337927	0.18134191783658957	-0.015764169308448543
3.066332916145182	0.18013354414229793	-0.013882470050114792
3.091364205256571	0.1784510227454326	-0.012244941616930382
3.1163954943679606	0.17653901546874573	-0.010935183073120166
3.141426783479348	0.17455470039165327	-0.009918948889764582
3.166458072590739	0.17257855978460965	-0.009134635282945319
3.1914893617021267	0.1706454759068939	-0.008526432041973512
3.2165206508135173	0.16876680628535703	-0.00805154050433133
3.241551939924907	0.1669426796693595	-0.007679061462767623
3.2665832290362946	0.16516821077879046	-0.007387175996010464
3.2916145181476857	0.16343647717207463	-0.0071606056988468315
3.316645807259073	0.16173987943209214	-0.006988732792290239
3.341677096370464	0.16007071548361657	-0.0068643070436183815
3.366708385481852	0.15842137668055178	-0.006782588945577247
3.391739674593241	0.1567843622625448	-0.0067408016393685965
3.416770963704632	0.1551522061604687	-0.006737802830481959
3.4418022528160197	0.1535173606592187	-0.006773921299203191
3.4668335419274103	0.15187205801470002	-0.006850928251118571
3.4918648310387983	0.15020816116575592	-0.0069721340661745655
3.5168961201501876	0.1485170130476026	-0.007142619051340187
3.5419274092615756	0.14678930010728378	-0.007369625338504436
3.566958698372966	0.14501496294365337	-0.007663157905555652
3.591989987484357	0.14318322442485654	-0.008036864538002616
3.617021276595745	0.14128287884985685	-0.00850927605900401
3.642052565707134	0.13930311046916194	-0.009105451453567656
3.667083854818522	0.13723526025654562	-0.009858906323366248
3.6921151439299127	0.1350759826707364	-0.010813352878443783
3.7171464330413	0.13283198857558082	-0.012023448927932081
3.7421777221526913	0.13052643050585233	-0.013553365762251314
3.7672090112640806	0.12820554986185234	-0.015470324787821026
3.7922403003754686	0.125937824109369	-0.017832766479207205
3.817271589486859	0.12380107524040031	-0.020687508717361597
3.8423028785982467	0.12187734649372023	-0.024087278191701034
3.867334167709638	0.12027650968630796	-0.028112772499382366
3.8923654568210253	0.11919732728614583	-0.0328660583609196
3.917396745932415	0.11898179852646312	-0.03838024707595228
3.9424280350438057	0.12005668247253504	-0.044484327948139925
3.967459324155193	0.12275935467105545	-0.05076874847904048
3.9924906132665843	0.12723231891769482	-0.05672595191266185
4.017521902377972	0.13350853010906719	-0.06182049066810165
4.042553191489361	0.1414694048059067	-0.06540301497662172
4.06758448060075	0.15072520991199545	-0.06680297120607713
4.09261576971214	0.16060449235813173	-0.06535981050151937
4.117647058823531	0.16985122014025825	-0.06059581987662574
4.142678347934918	0.1767856842390191	-0.05299474580569503
4.167709637046308	0.18039810244253707	-0.04416094346530698
4.192740926157697	0.18097988609285245	-0.035815232768470394
4.217772215269086	0.1795792708334139	-0.028879768954047307
4.2428035043804755	0.1771918426928791	-0.02348176832925971
4.267834793491865	0.17445230178973586	-0.019380870268553035
4.292866082603254	0.17168924885199077	-0.016270271542322287
4.317897371714643	0.16904976300138966	-0.013889185385985173
4.342928660826033	0.166588474245514	-0.012041946926573621
4.367959949937422	0.1643169194518976	-0.010587665983083229
4.392991239048811	0.16222796930274103	-0.00942503745710588
4.418022528160199	0.1603062397232366	-0.00847976580578366
4.44305381727159	0.15853164211536652	-0.007697430363427913
4.468085106382979	0.15688292761389622	-0.007040703560382865
4.4931163954943685	0.15534248048999916	-0.0064850312006067825
4.518147684605758	0.15389739373441236	-0.006012530325685123
4.543178973717145	0.15253748712123275	-0.0056086996782093515
4.568210262828536	0.1512539126540997	-0.0052617132325881565
4.593241551939924	0.15003886190076995	-0.004962227334152573
4.618272841051315	0.14888569948978353	-0.004703048856062384
4.643304130162704	0.1477892361181699	-0.004478646451732266
4.668335419274092	0.14674607942123438	-0.00428435906875843
4.693366708385483	0.14575467762880603	-0.004114915167624933
4.71839799749687	0.14481370346751068	-0.003962414063874153
4.7434292866082615	0.14391773883633413	-0.00381665900042181
4.768460575719649	0.14305517834393314	-0.003671325643438016
4.793491864831038	0.14221490208884666	-0.003528788602642545
4.818523153942429	0.14139280833814957	-0.0033949638449185114
4.843554443053817	0.14058960377138954	-0.0032730579830584053
4.868585732165208	0.13980656875957592	-0.0031631274002651734
4.8936170212765955	0.13904405103788325	-0.0030638523496747177
4.918648310387985	0.13830158255482655	-0.0029736922106073965
4.943679599499372	0.13757826840629572	-0.0028912937108539253
4.968710888610763	0.13687305753270487	-0.0028155619449907357
4.9937421777221545	0.13618488639496962	-0.0027456266769188857
5.018773466833542	0.13551274323113677	-0.0026807870916397266
5.043804755944931	0.13485568098872447	-0.002620464221172878
5.068836045056319	0.13421280372175784	-0.002564190000986221
5.09386733416771	0.13358328751662032	-0.002511635808213563
5.118898623279097	0.13296646283087987	-0.0024626022607292827
5.1439299123904885	0.1323618856375968	-0.0024169268533386096
5.168961201501878	0.13176935769921258	-0.002374330262749387
5.193992490613265	0.13118881899911358	-0.002334173665585102
5.219023779724656	0.1306198861113807	-0.0022953034052589
5.244055068836044	0.13006125511739933	-0.002256591306486107
5.269086357947435	0.1295111119886217	-0.002217972143585329
5.2941176470588225	0.12896836991222846	-0.002180331926098694
5.319148936170212	0.12843289470008995	-0.0021444350212636975
5.344180225281603	0.12790485774164592	-0.0021104852888768157
5.36921151439299	0.1273842958000292	-0.002078325046467297
5.3942428035043815	0.12687102701811884	-0.0020477211372544883
5.419274092615769	0.12636476384240375	-0.002018532132947949
5.444305381727158	0.12586524400395258	-0.0019906971815482474
5.469336670838548	0.12537224863431626	-0.001964165622602305
5.494367959949937	0.12488556998156604	-0.0019388816223041118
5.519399249061328	0.12440499954053787	-0.0019148013700643139
5.5444305381727155	0.12393033526051381	-0.0018919087495827373
5.569461827284105	0.12346139651768849	-0.0018702255810090559
5.594493116395494	0.12299804784220353	-0.0018498192597371608
5.619524405506883	0.12254024114195991	-0.001830803439819023
5.644555694618273	0.12208808933121088	-0.0018133087786881225
5.669586983729662	0.121641963992403	-0.0017973613474857669
5.694618272841051	0.12120250051832417	-0.0017825709831897514
5.719649561952441	0.12077015853539988	-0.0017677145663963678
5.74468085106383	0.12034417833261726	-0.0017509985451500878
5.769712140175219	0.11992231171901394	-0.0017316691648319588
5.7947434292866085	0.11950260185413258	-0.0017109342576664746
5.819774718397996	0.11908472114575169	-0.0016905591162629742
5.844806007509387	0.11866928417426618	-0.0016715493926846927
5.869837296620776	0.11825691389327947	-0.0016541895180948128
5.894868585732166	0.1178479693354219	-0.0016384834201126528
5.919899874843555	0.11744261518562164	-0.0016244257189460959
5.9449311639549425	0.11704095218921681	-0.001612110308300232
5.9699624530663336	0.11664315183496844	-0.0016017640432256736
5.994993742177721	0.11624962619661115	-0.0015937243176261948
6.020025031289112	0.11586126585957836	-0.0015882823859254757
6.0450563204005014	0.11547965246522994	-0.0015851860230016767
6.07008760951189	0.11510670831492173	-0.0015826398567139529
6.09511889862328	0.114742811434624	-0.001576682054777035
6.120150187734667	0.11438440816357286	-0.0015634694649500458
6.145181476846059	0.11402582214957505	-0.001543478294810029
6.170212765957445	0.1136642638917787	-0.0015209124786935983
6.195244055068836	0.11330060734720238	-0.0014993934751118814
6.2202753441802265	0.11293679815428208	-0.0014803551065274922
6.245306633291613	0.11257428686061947	-0.001463897749235285
6.270337922403005	0.11221384879466853	-0.0014497113081246625
6.295369211514392	0.11185581607537959	-0.0014374934199070913
6.320400500625783	0.11150029058792774	-0.00142707710138593
6.3454317897371695	0.11114727981107367	-0.0014184596590733362
6.37046307884856	0.11079679042187605	-0.0014118145190997091
6.395494367959952	0.11044892427611534	-0.00140750942155351
6.420525657071338	0.11010402593646519	-0.0014061206627691413
6.445556946182729	0.10976294086110042	-0.0014083806295355035
6.470588235294116	0.1094274126426928	-0.001414872788602391
6.495619524405506	0.10910038528218391	-0.0014250960921784327
6.520650813516895	0.10878515730586946	-0.0014357421727594314
6.545682102628285	0.10848190706675989	-0.001440112622039025
6.570713391739676	0.10818438808383249	-0.0014327462729158559
6.5957446808510625	0.10788435846366784	-0.0014156028156845327
6.620775969962453	0.10757925026842556	-0.0013952730714845891
6.645807259073841	0.10727183791880754	-0.001375938019068277
6.670838548185231	0.10696536447000714	-0.001357416780539594
6.695869837296622	0.1066602042602235	-0.001337519331701601
6.720901126408009	0.10635425858108243	-0.001315760545197493
6.745932415519399	0.10604628043859003	-0.001294077776282639
6.770963704630788	0.10573705639829813	-0.0012743814384090272
6.795994993742178	0.10542802366238448	-0.0012573062271421672
6.821026282853566	0.10512024726182755	-0.0012426566437269597
6.8460575719649555	0.10481429680872283	-0.001230006293664164
6.871088861076346	0.10451041945434689	-0.0012189739546757039
6.896120150187734	0.10420870162094716	-0.001209297752394246
6.921151439299124	0.10390917508675923	-0.0012008380829469903
6.946182728410513	0.10361189414552577	-0.0011935628833981157
6.971214017521902	0.10331701760932308	-0.0011875177859775007
6.996245306633291	0.10302491379567219	-0.0011827376964561513
7.0212765957446805	0.10273623409478846	-0.00117900752792841
7.046307884856071	0.10245170053873132	-0.0011754360887984941
7.071339173967459	0.10217124678221698	-0.0011703129204435824
7.0963704630788484	0.10189319112772613	-0.0011622505379429015
7.121401752190238	0.10161530912350272	-0.001151738521683853
7.146433041301627	0.10133674074164707	-0.0011405130715423477
7.171464330413016	0.1010579655185582	-0.0011298743908242466
7.196495619524406	0.100779748895828	-0.0011202642060632506
7.221526908635795	0.10050262423549393	-0.0011116562267615797
7.246558197747184	0.10022686951692372	-0.0011038913994181065
7.2715894868585735	0.099952606535418	-0.0010968142395944252
7.296620775969963	0.09967988195407797	-0.0010903013387575287
7.321652065081352	0.09940870928316772	-0.0010842463736954347
7.3466833541927405	0.09913906706740314	-0.001078536011154656
7.371714643304131	0.0988708640093656	-0.001073063499222215
7.39674593241552	0.09860394694489655	-0.0010677963983572883
7.421777221526909	0.0983381861231209	-0.001062794952532435
7.446808510638299	0.09807351673209368	-0.001058141503376725
7.471839799749687	0.09780990082345575	-0.0010538941076015122
7.496871088861077	0.09754729084525059	-0.0010500949460026294
7.521902377972466	0.097285620219871	-0.0010467900129365524
7.546933667083856	0.09702480493477561	-0.0010440417721401724
7.571964956195245	0.09676474574307532	-0.0010419372090758566
7.5969962453066335	0.0965053289029737	-0.001040595778911519
7.622027534418024	0.09624642611002432	-0.0010401800689561003
7.647058823529412	0.0959878947706915	-0.001040911266588007
7.672090112640802	0.09572958023895904	-0.0010430920368834327
7.697121401752189	0.09547132312904445	-0.0010471405885050776
7.72215269086358	0.0952129778876264	-0.0010536412972862027
7.74718397997497	0.09495445513781586	-0.0010634191729652499
7.772215269086359	0.0946958134652272	-0.0010776460695279839
7.797246558197749	0.09443745256952038	-0.0010979798181691691
7.8222778473091354	0.09418050753901175	-0.0011267044981764153
7.8473091364205265	0.09392761168908403	-0.001166729197344997
7.872340425531913	0.09368421182593935	-0.0012209991323620603
7.897371714643305	0.09346023421758362	-0.0012902214159380334
7.922403003754695	0.09326996488462737	-0.0013672248700612776
7.947434292866082	0.0931237583459326	-0.0014296718868370868
7.972465581977473	0.09300920823127043	-0.00144570896458727
7.99749687108886	0.09288782460190181	-0.0014034732578306378
8.022528160200253	0.09272806611212936	-0.0013258110438043142
8.047559449311638	0.09252774920843684	-0.0012437859345133225
8.072590738423028	0.09230061585671324	-0.001173967644330989
8.09762202753442	0.09205991216707744	-0.0011197471476972322
8.122653316645806	0.09181377756209495	-0.0010790324938897194
8.147684605757199	0.09156630689219275	-0.0010487004357237146
8.172715894868585	0.09131930530175018	-0.001026115394794059
8.197747183979974	0.09107345482487586	-0.0010093607725444364
8.222778473091363	0.09082890338725665	-0.000997105530993425
8.247809762202753	0.09058553654093805	-0.000988451296758512
8.272841051314145	0.09034310906499839	-0.0009828194765505488
8.297872340425531	0.09010130934049257	-0.000979872687434637
8.32290362953692	0.0898597879293438	-0.0009794639770329349
8.34793491864831	0.08961816729607049	-0.000981609057396113
8.3729662077597	0.08937604220728027	-0.000986478044173319
8.397997496871088	0.08913297639821856	-0.0009944051906148439
8.423028785982478	0.08888849970817567	-0.0010059175625026229
8.448060075093867	0.08864211073709377	-0.0010217862686499877
8.473091364205256	0.08839329362120835	-0.0010431064267310247
8.498122653316646	0.08814156501847044	-0.0010714131189706506
8.523153942428035	0.08788657946539202	-0.0011088356513831834
8.548185231539424	0.08762833034375204	-0.0011582724291022044
8.573216520650814	0.08736745404002028	-0.0012235389067998036
8.598247809762203	0.08710553980272728	-0.0013095205225245445
8.623279098873592	0.08684550707709536	-0.001422802982092143
8.648310387984981	0.08659347426981269	-0.0015732335900949354
8.67334167709637	0.08636443003919783	-0.001774027100264054
8.69837296620776	0.0861904830318895	-0.0020350527953988014
8.72340425531915	0.08612491930029928	-0.0023440900761596333
8.748435544430539	0.0862234225541544	-0.002636074593665421
8.773466833541928	0.08647873639449813	-0.002787585863764158
8.798498122653317	0.08676632287854838	-0.0027066751956601573
8.823529411764707	0.08693235039608285	-0.0024395683034026073
8.848560700876096	0.08692651527858297	-0.002113680479699659
8.873591989987485	0.08679046859585794	-0.001819058191554411
8.898623279098874	0.08658218568007693	-0.0015844099551802716
8.92365456821026	0.08634179475000277	-0.0014063492498158233
8.948685857321653	0.08609098628073966	-0.0012726176752631236
8.973717146433042	0.08584001218530087	-0.001171433286600883
8.998748435544432	0.08559322413164801	-0.0010937813329554877
9.023779724655821	0.08535221967209321	-0.0010332240206459792
9.048811013767207	0.08511734410963612	-0.0009852088916818154
9.0738423028786	0.08488837590789608	-0.0009465034752218875
9.098873591989985	0.08466486103483933	-0.0009147997803038024
9.123904881101378	0.08444627911757274	-0.0008884363973034301
9.148936170212767	0.08423212114121388	-0.0008662041742746521
9.173967459324153	0.08402192156240605	-0.0008472120287934262
9.198998748435546	0.08381526816167945	-0.000830794780209827
9.224030037546932	0.08361180167902947	-0.0008164496511944521
9.249061326658325	0.08341121119164979	-0.0008037921725115048
9.27409261576971	0.08321322810115185	-0.0007925252513720885
9.2991239048811	0.08301762004660353	-0.000782417235030789
9.324155193992492	0.08282418529171505	-0.0007732861920864227
9.349186483103878	0.08263274776851862	-0.0007649885551389161
9.374217772215271	0.08244315279172178	-0.0007574108763569391
9.399249061326657	0.0822552633859991	-0.0007504638538207652
9.424280350438046	0.08206895714388954	-0.0007440780643374465
9.449311639549435	0.08188412353065119	-0.0007382010353516137
9.474342928660825	0.08170066156235596	-0.0007327954380022311
9.499374217772218	0.08151847780228601	-0.0007278383151855031
9.524405506883603	0.08133748466904347	-0.0007233213990576309
9.549436795994993	0.08115759916137764	-0.0007192527045135833
9.574468085106382	0.0809787422301152	-0.0007156596996520704
9.599499374217771	0.08080083921044971	-0.0007125946271259697
9.62453066332916	0.08062382231888801	-0.0007101429796232562
9.64956195244055	0.0804476374328735	-0.0007084364845415849
9.67459324155194	0.0802722596870031	-0.0007076721121285811
9.699624530663328	0.08009772715267102	-0.0007081377000907912
9.724655819774718	0.07992421095945132	-0.0007102394419353516
9.749687108886107	0.07975215444080723	-0.0007145068685518127
9.774718397997496	0.07958252106154189	-0.0007214925639624839
9.799749687108886	0.07941711806485337	-0.0007313526698009026
9.824780976220275	0.07925858352601992	-0.0007427868383955166
9.849812265331664	0.07910884339547411	-0.0007516799296650554
9.874843554443054	0.07896563165284023	-0.0007521437799068293
9.899874843554443	0.07882186225137057	-0.0007419487045357263
9.924906132665832	0.07867169377589708	-0.0007252602726087643
9.949937421777221	0.07851467985019567	-0.000707787077355937
9.97496871088861	0.07835331916876201	-0.0006925866294650497
10.0	0.07819003122555826	-0.0006802938822171888
