-10.0	-0.14646431612774075	-0.002225866136076204
-9.97496871088861	-0.14701905198662613	-0.0022432665982462774
-9.949937421777221	-0.14757877713693957	-0.0022627542830931254
-9.924906132665832	-0.1481432073861227	-0.002284554872232831
-9.899874843554443	-0.14871204083707087	-0.0023090827584958343
-9.874843554443054	-0.14928471534653365	-0.002336981271929559
-9.849812265331664	-0.1498600518565059	-0.002369029965300525
-9.824780976220275	-0.15043577040873304	-0.0024056850108442867
-9.799749687108886	-0.15100826905693426	-0.0024458039589167584
-9.774718397997496	-0.15157409153648674	-0.0024846311919298467
-9.749687108886107	-0.1521343643684057	-0.002513948992392171
-9.724655819774718	-0.15269748042515197	-0.002528321369401695
-9.699624530663328	-0.15327290156531387	-0.002530788690874161
-9.67459324155194	-0.15386405615437554	-0.0025288502728819137
-9.64956195244055	-0.1544691642344226	-0.0025282905399859126
-9.62453066332916	-0.15508490337971748	-0.0025316114884308075
-9.599499374217771	-0.15570854823955205	-0.0025390910906519584
-9.574468085106382	-0.15633845852736405	-0.0025501034746759415
-9.549436795994993	-0.1569738238606117	-0.0025638781516046155
-9.524405506883603	-0.15761431728051303	-0.0025797712960084376
-9.499374217772216	-0.15825986011160015	-0.0025973097245242864
-9.474342928660825	-0.1589104930069923	-0.0026161646689482
-9.449311639549435	-0.15956631118093814	-0.0026361158700546625
-9.424280350438046	-0.160227432977635	-0.0026570228777281425
-9.399249061326657	-0.1608939843952679	-0.0026788059165494694
-9.37421777221527	-0.16156609019796891	-0.002701435073265375
-9.349186483103878	-0.1622438658180452	-0.0027249261657421833
-9.32415519399249	-0.1629274048026404	-0.002749341452577932
-9.2991239048811	-0.16361675482485158	-0.0027747911595571864
-9.274092615769712	-0.16431187287944102	-0.0028014235802740427
-9.249061326658325	-0.16501255658075073	-0.0028293700821562275
-9.224030037546934	-0.16571839819437872	-0.002858581215250002
-9.198998748435546	-0.16642894802741587	-0.002888547447683048
-9.173967459324155	-0.1671442876395587	-0.002918273733786127
-9.148936170212767	-0.1678654029806331	-0.0029470903456214246
-9.123904881101378	-0.16859326370308936	-0.002975372193564059
-9.098873591989987	-0.16932790636882325	-0.0030036178334675936
-9.0738423028786	-0.17006932405537614	-0.003031464100122024
-9.048811013767208	-0.17081851860675554	-0.003058562167696068
-9.023779724655821	-0.1715766839399118	-0.0030857284633089687
-8.998748435544432	-0.17234404009427445	-0.0031143521044606393
-8.973717146433042	-0.1731200508369492	-0.003145420470264199
-8.948685857321653	-0.17390400949418702	-0.0031794169253275143
-8.923654568210262	-0.17469518815995408	-0.003216486290755978
-8.898623279098874	-0.1754928777307437	-0.0032563219062520864
-8.873591989987485	-0.17629689567285514	-0.0032979906234087905
-8.848560700876096	-0.17710842634951526	-0.0033406623454276954
-8.823529411764707	-0.17792953074343068	-0.003385275710271415
-8.798498122653317	-0.17876111372251902	-0.0034347737494457267
-8.773466833541928	-0.17960196983456822	-0.003492685031624484
-8.748435544430539	-0.18044892759797845	-0.0035623406407378857
-8.72340425531915	-0.1812962119832419	-0.00364651266662262
-8.69837296620776	-0.1821339772809768	-0.0037454095485096803
-8.67334167709637	-0.1829487783822157	-0.0038511979185073737
-8.648310387984981	-0.18373240304946983	-0.003941725511011091
-8.623279098873592	-0.18449925078106985	-0.003988185706916931
-8.598247809762203	-0.18528569112982535	-0.003983150259650047
-8.573216520650814	-0.18611809136937113	-0.003949766718780848
-8.548185231539424	-0.18699614607665815	-0.003915530671225768
-8.523153942428035	-0.1879070185230245	-0.0038940692897810733
-8.498122653316646	-0.1888392128583472	-0.0038878305325760645
-8.473091364205256	-0.18978583769780097	-0.0038949654713335505
-8.448060075093867	-0.19074338215226358	-0.003913016941018484
-8.423028785982478	-0.19171009925912177	-0.003940125938826295
-8.397997496871088	-0.19268485515559627	-0.003975205288536865
-8.3729662077597	-0.19366630521471026	-0.004017685311288722
-8.34793491864831	-0.19465227663575138	-0.00406681488986583
-8.32290362953692	-0.19563976178561357	-0.00412027296525308
-8.297872340425531	-0.19662671343132182	-0.004172604296174307
-8.272841051314144	-0.19761595789476488	-0.0042163013812255845
-8.247809762202753	-0.1986163245035292	-0.00424790729474239
-8.222778473091363	-0.1996358649408565	-0.004271996688727948
-8.197747183979974	-0.2006759945780122	-0.004295879516802269
-8.172715894868585	-0.20173391503488544	-0.004323832697198368
-8.147684605757197	-0.20280663951930417	-0.004356927919450071
-8.122653316645806	-0.20389232088864387	-0.004394835524447788
-8.097622027534417	-0.20499004304143476	-0.004436969120125783
-8.072590738423028	-0.20609935206530705	-0.004482890046973184
-8.047559449311638	-0.20721987246342125	-0.004532343943721214
-8.02252816020025	-0.20835102430684663	-0.00458507427173592
-7.9974968710888605	-0.20949194161502643	-0.0046403761797152825
-7.972465581977473	-0.21064198359627695	-0.004696529537832199
-7.947434292866082	-0.21180198926219454	-0.004751026412588288
-7.922403003754694	-0.21297480966842874	-0.00480235459854795
-7.897371714643305	-0.21416358533614088	-0.004851486502451435
-7.872340425531914	-0.21536964597522001	-0.004900869610333724
-7.8473091364205265	-0.21659256560833517	-0.004952430186441621
-7.8222778473091354	-0.2178314579862111	-0.00500697034916538
-7.797246558197748	-0.2190857007382578	-0.005064652561522936
-7.772215269086359	-0.22035495736870644	-0.005125485311847817
-7.7471839799749675	-0.22163895190980065	-0.005189510714644031
-7.72215269086358	-0.22293721620372234	-0.005256727221485655
-7.697121401752189	-0.22424896150564164	-0.00532671249855195
-7.672090112640801	-0.2255734854543601	-0.005398009742360213
-7.647058823529412	-0.22691150025031892	-0.005468145125442819
-7.622027534418023	-0.2282660206059852	-0.005535526615939274
-7.596996245306634	-0.22964045191565483	-0.005601375139033333
-7.571964956195245	-0.2310360970385513	-0.005668453394993055
-7.546933667083856	-0.23245248452502418	-0.005738812957326535
-7.5219023779724665	-0.23388882342952957	-0.005813415431337704
-7.496871088861077	-0.23534459948620787	-0.005892766699448242
-7.471839799749688	-0.23681946074785434	-0.005977428348134471
-7.446808510638299	-0.23831284192033958	-0.006068227793506282
-7.421777221526909	-0.23982342299667664	-0.006166179384222407
-7.39674593241552	-0.2413484361140263	-0.006271860760843102
-7.371714643304131	-0.24288335193205632	-0.0063836483837309685
-7.346683354192741	-0.24442393470516366	-0.006494900634088936
-7.321652065081352	-0.24597257193930924	-0.006594181797370832
-7.296620775969963	-0.2475421710998992	-0.006674434639527057
-7.2715894868585735	-0.24914660142366837	-0.006741495139989562
-7.246558197747184	-0.25078968264361634	-0.006807189702507105
-7.221526908635795	-0.25246770830398446	-0.006879233542781301
-7.196495619524406	-0.2541761251909578	-0.006960068793468403
-7.171464330413016	-0.25591210720477897	-0.007049669397111202
-7.146433041301627	-0.2576743915612058	-0.0071475315441854575
-7.121401752190238	-0.2594625642486242	-0.007253475381824812
-7.0963704630788484	-0.2612764393120008	-0.007367894429710564
-7.071339173967459	-0.2631154850175886	-0.007491802312911275
-7.04630788485607	-0.2649780939519756	-0.007626672702116435
-7.0212765957446805	-0.26686056920257073	-0.0077736714559273066
-6.996245306633291	-0.2687563335437196	-0.007931361931749807
-6.971214017521902	-0.2706578809733314	-0.008091387274021932
-6.946182728410513	-0.27256536643756835	-0.008236605428710627
-6.921151439299123	-0.27449571143212986	-0.008352222410620102
-6.896120150187734	-0.2764726163869791	-0.008442500111515273
-6.871088861076345	-0.2785062761072237	-0.008525526411839953
-6.8460575719649555	-0.2805925060224639	-0.0086154779851149
-6.821026282853566	-0.2827237039778893	-0.008717474415418168
-6.795994993742177	-0.2848946229996959	-0.008831495105037675
-6.770963704630788	-0.2871027849551699	-0.008955985409762024
-6.745932415519399	-0.2893474901586019	-0.009089381805124419
-6.720901126408009	-0.29162899065605913	-0.009230511966065516
-6.69586983729662	-0.2939480093564767	-0.009378607546862023
-6.670838548185231	-0.29630548306219107	-0.009533227274970125
-6.645807259073841	-0.29870241345355414	-0.009694175954089529
-6.620775969962453	-0.301139753278701	-0.009861419692035852
-6.595744680851063	-0.3036183007447882	-0.010034945926236093
-6.570713391739676	-0.3061386775218066	-0.010214481421975003
-6.545682102628285	-0.30870166944929733	-0.010399119339231686
-6.520650813516897	-0.3113090894137528	-0.01058747895475596
-6.495619524405506	-0.3139640722432898	-0.010779008988505315
-6.470588235294117	-0.31666964194386366	-0.010974829913989228
-6.445556946182729	-0.3194275252305682	-0.01117661101942326
-6.420525657071338	-0.3222386804079072	-0.011385415266274772
-6.395494367959951	-0.3251041041750149	-0.011601686812808943
-6.37046307884856	-0.32802509066324514	-0.01182560985270497
-6.34543178973717	-0.331003196762285	-0.01205732920819154
-6.320400500625783	-0.3340401660145759	-0.012297028052243543
-6.295369211514392	-0.33713787870000006	-0.012544943426867688
-6.270337922403004	-0.3402983273997031	-0.012801363227373063
-6.245306633291613	-0.34352360775936863	-0.013066620203041918
-6.2202753441802265	-0.3468159172793394	-0.013341087209402485
-6.195244055068836	-0.35017755826940405	-0.0136251743560681
-6.170212765957448	-0.35361094306138	-0.013919327778518231
-6.145181476846059	-0.3571186005774806	-0.014224029645947848
-6.120150187734667	-0.36070318384706024	-0.014539799094452702
-6.09511889862328	-0.3643674783091154	-0.014867193870152808
-6.070087609511891	-0.3681144108714923	-0.015206812544895365
-6.0450563204005014	-0.3719470597810602	-0.015559297251501698
-6.020025031289112	-0.37586866534881447	-0.015925336994491664
-5.994993742177721	-0.379882641441181	-0.016305671551424056
-5.9699624530663336	-0.3839925877773166	-0.016701095742091138
-5.9449311639549425	-0.3882023034146438	-0.017112464035981222
-5.919899874843555	-0.39251580159677824	-0.01754069579847163
-5.894868585732166	-0.3969373259161711	-0.01798678128579712
-5.869837296620776	-0.40147136789327237	-0.018451788364212105
-5.844806007509387	-0.4061226861756558	-0.018936870002619288
-5.819774718397998	-0.4108963275669232	-0.019443272645406837
-5.7947434292866085	-0.4157976501021246	-0.019972345592131988
-5.769712140175219	-0.42083234840941175	-0.020525551525827496
-5.74468085106383	-0.4260064816300143	-0.021104478351490763
-5.719649561952441	-0.4313265042083126	-0.021710852531383138
-5.694618272841051	-0.43679929991265026	-0.022346554137300082
-5.669586983729662	-0.4424322194993308	-0.023013633890787727
-5.644555694618273	-0.4482331224638301	-0.023714332516541307
-5.619524405506883	-0.45421042337122125	-0.024451102738289994
-5.594493116395494	-0.46037314341405666	-0.025226634283267827
-5.569461827284105	-0.46673096796341923	-0.02604388243104602
-5.5444305381727155	-0.47329431090399926	-0.026906100747911204
-5.519399249061326	-0.4800743866710537	-0.027816878700227674
-5.494367959949937	-0.4870832910972112	-0.028780184976039312
-5.469336670838549	-0.4943340923651432	-0.02980041753058761
-5.444305381727158	-0.5018409335745252	-0.030882461585011168
-5.419274092615769	-0.5096191486887228	-0.0320317570648439
-5.3942428035043815	-0.5176853939359845	-0.033254377283672434
-5.36921151439299	-0.5260577971111703	-0.03455712107393137
-5.344180225281603	-0.5347561276709182	-0.035947621060659234
-5.319148936170212	-0.5438019910596148	-0.03743447138951393
-5.2941176470588225	-0.553219051386257	-0.03902737899791582
-5.269086357947435	-0.5630332874444827	-0.04073734356264676
-5.244055068836044	-0.5732732880376359	-0.04257687276375939
-5.219023779724656	-0.583970593288907	-0.04456024128910317
-5.193992490613266	-0.5951600897720405	-0.04670380333159766
-5.168961201501876	-0.6068804702980172	-0.049026370783438786
-5.1439299123904885	-0.6191747716084548	-0.0515496745000366
-5.1188986232791	-0.6320910045159864	-0.05429893097512712
-5.09386733416771	-0.6456828942760509	-0.057303542326574454
-5.06883604505632	-0.6600107534756261	-0.060597966247507566
-5.043804755944931	-0.6751425145862109	-0.0642228047335542
-5.018773466833542	-0.6911549550172444	-0.06822617676538807
-4.993742177722154	-0.708135154295984	-0.07266546266321285
-4.968710888610763	-0.7261822308325623	-0.0776095393405712
-4.943679599499373	-0.7454094141909238	-0.08314167024453203
-4.918648310387985	-0.7659465167851505	-0.08936327728649582
-4.893617021276597	-0.7879428745725198	-0.0963989133738698
-4.868585732165207	-0.8115708254950804	-0.10440288784998324
-4.843554443053817	-0.8370297766963658	-0.11356819531675251
-4.818523153942427	-0.864550857732495	-0.12413869335842966
-4.793491864831038	-0.8944020298690866	-0.13642591921559377
-4.768460575719651	-0.9268932433725099	-0.1508326111119464
-4.7434292866082615	-0.9623806477962533	-0.16788602839608252
-4.71839799749687	-1.0012676418378748	-0.18828571804013056
-4.69336670838548	-1.0439980309453338	-0.21297265650833588
-4.668335419274092	-1.0910313547822479	-0.24322980038419748
-4.643304130162704	-1.1427797079222286	-0.28082743484246486
-4.618272841051315	-1.1994635550742425	-0.32822717434961357
-4.593241551939924	-1.2608018667223537	-0.3888444488003831
-4.568210262828536	-1.3253817401430286	-0.4673048608371072
-4.543178973717147	-1.3894890515317466	-0.5694245739440288
-4.518147684605758	-1.4453617848475293	-0.7011721991001995
-4.4931163954943685	-1.4799630112916706	-0.8654306836400402
-4.468085106382977	-1.477627158333188	-1.057170137811315
-4.44305381727159	-1.4277457717765387	-1.2636409850587975
-4.418022528160201	-1.3263026169396301	-1.4735570064906396
-4.392991239048811	-1.164279254530297	-1.6779445020264772
-4.367959949937422	-0.9273956974011698	-1.8525261568251572
-4.342928660826031	-0.6221014471722786	-1.95326635528578
-4.317897371714643	-0.28946704489912495	-1.9466829888812844
-4.292866082603254	0.018932689169127933	-1.8318859851379259
-4.267834793491865	0.2618032353770013	-1.631988164441041
-4.2428035043804755	0.41434008779195636	-1.3855673873598429
-4.217772215269086	0.4756387195723409	-1.1366478776933577
-4.192740926157699	0.4665804818800103	-0.9180240071226893
-4.167709637046308	0.4153804881589209	-0.7426058044605125
-4.142678347934918	0.34460753029501134	-0.6083517906112785
-4.117647058823529	0.26776353396880787	-0.5073744431285893
-4.09261576971214	0.1915421876628383	-0.431510182852323
-4.067584480600752	0.1187424809258789	-0.37418275769188053
-4.042553191489361	0.05020952206234878	-0.33054953724000574
-4.017521902377972	-0.014114643176118024	-0.2971574358825828
-3.9924906132665825	-0.07467024298204476	-0.27156399114470614
-3.967459324155193	-0.13203400551564506	-0.25203879785063643
-3.9424280350438052	-0.18680868070972473	-0.23735118449262832
-3.917396745932415	-0.23957762814496703	-0.2266248819656758
-3.8923654568210257	-0.2908902475667051	-0.21924000586379674
-3.867334167709638	-0.3412617660458032	-0.21476750002844244
-3.8423028785982494	-0.3911795088736166	-0.21292589755079522
-3.8172715894868587	-0.44111195966402134	-0.21355380461622886
-3.7922403003754686	-0.49151894164923904	-0.21659401271248632
-3.7672090112640793	-0.5428622174173913	-0.2220869181738471
-3.7421777221526913	-0.5956162178441469	-0.2301722735465833
-3.717146433041303	-0.6502786866232947	-0.2410994575403291
-3.6921151439299127	-0.7073808005249493	-0.255247642611734
-3.6670838548185225	-0.7674956734832815	-0.27315867421992884
-3.6420525657071328	-0.8312427205299884	-0.29558738571300996
-3.617021276595745	-0.8992823595165051	-0.3235766812909512
-3.5919899874843564	-0.9722893068761221	-0.3585680412471014
-3.566958698372966	-1.0508798861471806	-0.40256116820226656
-3.541927409261576	-1.1354428273966064	-0.45833475808171487
-3.5168961201501876	-1.2257739181814795	-0.5297179247168523
-3.4918648310387996	-1.3203385585547365	-0.6218111626405836
-3.46683354192741	-1.4149445077078855	-0.7407850823733105
-3.4418022528160197	-1.500938059486327	-0.8923151153293578
-3.4167709637046295	-1.5646130715397228	-1.0773804999340097
-3.391739674593241	-1.5921757112809636	-1.2869265315993321
-3.366708385481853	-1.5811308738312688	-1.5046569550065096
-3.341677096370464	-1.5424019809269327	-1.7241050939994347
-3.3166458072590737	-1.4795809227609311	-1.957617103420146
-3.291614518147683	-1.3715324803984723	-2.216479178081678
-3.2665832290362946	-1.1835093714298828	-2.4845009470185992
-3.2415519399249066	-0.8998299124502236	-2.711205879077977
-3.2165206508135173	-0.5539643372713048	-2.8432227357101723
-3.191489361702127	-0.20760372244196926	-2.8743213085891406
-3.166458072590739	0.10722966410093197	-2.8400179396533685
-3.14142678347935	0.3965257871359386	-2.7663722393092667
-3.11639549436796	0.6689967543067662	-2.6544060609133715
-3.091364205256571	0.9197467828366209	-2.498040379118653
-3.0663329161451807	1.1343077935445753	-2.297815451274324
-3.0413016270337927	1.299023393361539	-2.0660811436899107
-3.0162703379224034	1.4112061148128558	-1.819634480266023
-2.991239048811014	1.4735419979826152	-1.5682489482320165
-2.966207759699625	1.4837628049144729	-1.3208261719486527
-2.941176470588234	1.4431387283866965	-1.0942656797368806
-2.916145181476846	1.3652456231556003	-0.9035842178915319
-2.891113892365457	1.268125262481698	-0.752388817924799
-2.8660826032540676	1.1652887472636595	-0.6358384452745037
-2.8410513141426783	1.0641443487660833	-0.5466371875532344
-2.816020025031289	0.9679018770455843	-0.47817754915560307
-2.790988735919901	0.8775040564314752	-0.42534999847740257
-2.7659574468085104	0.7928139801589862	-0.38443248913288075
-2.740926157697121	0.7132311334213531	-0.35277313318121656
-2.715894868585732	0.6379857947878937	-0.3284993482677168
-2.6908635794743425	0.5662706300048334	-0.31030089201796984
-2.6658322903629545	0.4972933087856431	-0.2972802844236215
-2.6408010012515644	0.4302916205206125	-0.288854516237558
-2.615769712140175	0.3645311638202366	-0.28469437088542554
-2.5907384230287853	0.2992953556409536	-0.2846922331976067
-2.565707133917396	0.23387276945931978	-0.2889534740904487
-2.540675844806008	0.1675450581011112	-0.29781017534199894
-2.515644555694618	0.09957896948703499	-0.3118594769436634
-2.4906132665832286	0.02922835172668417	-0.33203268252036905
-2.4655819774718406	-0.04424213169308294	-0.35970578709576034
-2.440550688360452	-0.12148744575159615	-0.3968668681580653
-2.4155193992490616	-0.20291730683381398	-0.44635753518700066
-2.3904881101376714	-0.2883375120659924	-0.5121918912846362
-2.365456821026282	-0.3762170084596346	-0.5998889440353252
-2.340425531914894	-0.4623183208781472	-0.7165406493727285
-2.3153942428035057	-0.5375662005169075	-0.869858398434654
-2.2903629536921155	-0.5859587094855045	-1.0649382816542508
-2.2653316645807253	-0.585175777446824	-1.2984001125302702
-2.2403003754693356	-0.5125735600473101	-1.5530601903414105
-2.2152690863579476	-0.35475093434238586	-1.7979104618479087
-2.190237797246559	-0.11665286656424156	-1.9945347162861211
-2.165206508135169	0.17412064025767846	-2.111467566050651
-2.140175219023779	0.4786786923914957	-2.139812742053821
-2.1151439299123904	0.7660519599967565	-2.0908603263329386
-2.0901126408010025	1.0190110869265856	-1.9826743886720473
-2.0650813516896127	1.2297979897059936	-1.8322030218537142
-2.0400500625782225	1.3963678493677498	-1.6539757030689097
-2.0150187734668323	1.5205038649428746	-1.4573225796867177
-1.989987484355444	1.5994069020641577	-1.2471117177932785
-1.9649561952440555	1.6261732664132307	-1.0361393280856217
-1.939924906132667	1.6046323623472016	-0.8447967309091653
-1.914893617021277	1.5509208878443093	-0.6862341760827332
-1.8898623279098858	1.4820823019884457	-0.5615824763989011
-1.8648310387984974	1.409494076881386	-0.46549046822512624
-1.839799749687109	1.3390586181173658	-0.39138858619055594
-1.8147684605757206	1.2732855223832575	-0.33366919737014755
-1.7897371714643304	1.2129355528419394	-0.28808578184283357
-1.764705882352942	1.1579600195632669	-0.25155512903922045
-1.7396745932415527	1.1079754117826313	-0.22186083133042894
-1.7146433041301625	1.0624888862395858	-0.19740264190536783
-1.6896120150187741	1.0210000738376965	-0.1770127712733505
-1.664580725907384	0.9830435320834243	-0.1598276706964554
-1.6395494367959955	0.9482033686636657	-0.14519981411584626
-1.6145181476846062	0.916115235174527	-0.1326369470317549
-1.589486858573217	0.8864629584848627	-0.1217599152865237
-1.5644555694618276	0.8589732435497018	-0.11227305990238066
-1.5394242803504374	0.8334100273162803	-0.10394316980024698
-1.514392991239049	0.8095691675797136	-0.09658432343492657
-1.4893617021276597	0.7872737217440264	-0.09004683130529156
-1.4643304130162704	0.7663698701532721	-0.08420906994862552
-1.4392991239048811	0.746723450338239	-0.0789713801732889
-1.4142678347934918	0.7282170345709494	-0.07425145690074282
-1.3892365456821025	0.7107474749219721	-0.06998082944321739
-1.3642052565707132	0.6942238433674169	-0.06610214782001654
-1.339173967459324	0.6785657024042561	-0.06256707117900918
-1.3141426783479346	0.6637016507489589	-0.059334610473552776
-1.2891113892365453	0.6495680974878051	-0.05636981707658576
-1.264080100125157	0.6361082259006496	-0.05364273718135726
-1.2390488110137667	0.6232711149176082	-0.051127572118288125
-1.2140175219023774	0.6110109918193775	-0.04880199946412832
-1.1889862327909881	0.5992865944692914	-0.046646620644483654
-1.1639549436795988	0.5880606252074239	-0.044644508748712716
-1.1389236545682104	0.5772992816801069	-0.04278083626603633
-1.1138923654568202	0.5669718524448475	-0.0410425669630298
-1.0888610763454318	0.5570503672858566	-0.03941819954683061
-1.0638297872340434	0.5475092938873302	-0.0378975533766665
-1.0387984981226523	0.5383252739124548	-0.03647158850250961
-1.013767209011264	0.5294768926848027	-0.035132253872816925
-0.9887359198998737	0.5209444776131168	-0.03387235877321664
-0.9637046307884853	0.5127099212792348	-0.032685463516254856
-0.9386733416770969	0.5047565257532759	-0.031565786160058146
-0.9136420525657085	0.49706886523634575	-0.030508122637321968
-0.8886107634543183	0.4896326645805829	-0.029507778160746713
-0.8635794743429273	0.48243469161955926	-0.028560508164147465
-0.8385481852315388	0.47546266157955636	-0.027662467360142388
-0.8135168961201504	0.4687051521610587	-0.02681016575712343
-0.788485607008762	0.46215152822054895	-0.026000430673056223
-0.7634543178973718	0.45579187540976185	-0.025230373852245577
-0.7384230287859816	0.44961694271195046	-0.024497362523486357
-0.7133917396745932	0.44361809442813666	-0.02379899204175926
-0.6883604505632039	0.43778727152129315	-0.02313305444477869
-0.6633291614518155	0.432116955024383	-0.022497491936334064
-0.6382978723404253	0.4266001012314821	-0.02189033044772377
-0.6132665832290352	0.4212300056723739	-0.021309647191537752
-0.5882352941176467	0.4160001731695733	-0.02075368900063252
-0.5632040050062583	0.4109044112996857	-0.020221041640234062
-0.5381727158948699	0.40593702567351625	-0.019710546978701372
-0.5131414267834788	0.4010927934760933	-0.019221096945648237
-0.48811013767208866	0.3963668180610351	-0.018751574619998664
-0.46307884856070025	0.3917544473801051	-0.018300891552363384
-0.43804755944931184	0.387251251904431	-0.017868019786480265
-0.41301627033792343	0.3828530183853258	-0.0174520015776662
-0.38798498122653324	0.37855574288747584	-0.01705194766216669
-0.36295369211514483	0.3743556212352454	-0.016667031985848135
-0.33792240300375376	0.3702490380959677	-0.016296486007627183
-0.31289111389236535	0.3662325557752047	-0.01593959348043802
-0.28785982478097694	0.36230290330488163	-0.01559568585951973
-0.26282853566958675	0.3584569660817556	-0.015264138281440487
-0.23779724655819834	0.3546917761460865	-0.014944366022226437
-0.21276595744680904	0.3510045031111054	-0.01463582135285937
-0.18773466833541974	0.3473924457187442	-0.014337990727516242
-0.16270337922403044	0.3438530239829907	-0.01405039225472076
-0.13767209011264026	0.3403837718778321	-0.013772573412692737
-0.11264080100125184	0.3369823305268907	-0.013504108978229592
-0.08760951188986255	0.33364644185384956	-0.01324459914429761
-0.06257822277847325	0.33037394265550835	-0.012993667805828304
-0.03754693366708395	0.32716275906224435	-0.012750960996496575
-0.01251564455569465	0.3240109013534756	-0.01251614546181861
0.01251564455569465	0.3209164590983879	-0.012288907355966602
0.03754693366708395	0.3178775965945895	-0.012068951051393046
0.06257822277847325	0.31489254857956256	-0.011855998051786207
0.08760951188986255	0.31195961619168733	-0.011649786000110287
0.11264080100125184	0.3090771631593789	-0.011450067774559878
0.13767209011264114	0.3062436121983858	-0.0112566106662225
0.16270337922403044	0.3034574415986245	-0.011069195633114249
0.18773466833541974	0.3007171819830814	-0.010887616626061278
0.21276595744680726	0.29802141322230635	-0.010711679982657214
0.23779724655819834	0.29536876148882596	-0.010541203886255571
0.26282853566958764	0.29275789643646816	-0.010376017887667933
0.28785982478097694	0.29018752849013213	-0.010215962487954098
0.31289111389236623	0.2876564062318193	-0.010060888781420927
0.33792240300375376	0.2851633138690149	-0.009910658158716914
0.36295369211514483	0.2827070687714639	-0.009765142070730735
0.38798498122653235	0.280286519062269	-0.00962422185490988
0.41301627033792343	0.2779005412488624	-0.009487788626624742
0.43804755944931273	0.2755480378788567	-0.009355743239360286
0.46307884856070025	0.2732279352049374	-0.009227996318853161
0.4881101376720913	0.2709391808418775	-0.009104468377866663
0.5131414267834788	0.2686807413973477	-0.008985090020166158
0.5381727158948699	0.26645160005636265	-0.008869802244514407
0.5632040050062574	0.2642507540969631	-0.008758556862242693
0.5882352941176467	0.2620772123119504	-0.008651317045316147
0.6132665832290378	0.25992999230802377	-0.008548058025963137
0.6382978723404253	0.25780811764946115	-0.00844876797411054
0.6633291614518164	0.2557106148082955	-0.008353449085353437
0.6883604505632039	0.2536365098765951	-0.008262118920377098
0.7133917396745932	0.251584824988685	-0.00817481204716195
0.7384230287859808	0.24955457439162657	-0.008091582050626933
0.7634543178973718	0.24754476009057372	-0.008012503991536801
0.7884856070087629	0.24555436698129854	-0.007937677418776162
0.8135168961201504	0.24358235736449774	-0.00786723006820336
0.8385481852315397	0.24162766471485708	-0.007801322419616373
0.8635794743429273	0.23968918655111232	-0.007740153334191055
0.8886107634543183	0.23776577622065567	-0.00768396706270864
0.9136420525657059	0.23585623337212533	-0.007633062006504635
0.9386733416770969	0.2339592928406595	-0.007587801737650877
0.9637046307884862	0.23207361161177995	-0.007548628955836516
0.9887359198998737	0.23019775346032886	-0.007516083296220107
1.0137672090112648	0.22833017078099094	-0.007490824233826727
1.0387984981226523	0.22646918303979688	-0.007473660798346357
1.0638297872340434	0.2246129511907879	-0.007465590482216609
1.088861076345431	0.22275944733957737	-0.007467850691296669
1.1138923654568202	0.22090641894036941	-0.0074819874992792254
1.1389236545682113	0.21905134697591774	-0.007509948553049033
1.1639549436795988	0.2171913980731868	-0.007554210092803789
1.18898623279099	0.21532337171499988	-0.007617952755263235
1.2140175219023774	0.21344364634694069	-0.007705307991100834
1.2390488110137667	0.21154813371273526	-0.007821707890624625
1.264080100125156	0.20963226215159522	-0.007974387969279108
1.2891113892365453	0.20769103294302124	-0.008173117718276654
1.3141426783479364	0.20571924160744784	-0.008431270222415889
1.339173967459324	0.2037120539172165	-0.008767389321778047
1.3642052565707132	0.2016663245191995	-0.009207454706121039
1.3892365456821025	0.1995834334573908	-0.009788014113474675
1.4142678347934918	0.19747510762082732	-0.010560037591199029
1.4392991239048811	0.19537469727338652	-0.011592256273273788
1.4643304130162704	0.1933572751059316	-0.012970048483543948
1.4893617021276597	0.1915716056911186	-0.014780210984052867
1.514392991239049	0.19028024964439622	-0.01705950896659016
1.5394242803504383	0.18986854673680809	-0.01967189645458977
1.5644555694618276	0.1907069265234658	-0.02212913171523878
1.589486858573217	0.1927599972958716	-0.023568383356657313
1.6145181476846044	0.19521903480152292	-0.023250525914368034
1.6395494367959955	0.19689454486280084	-0.021313751154144862
1.6645807259073848	0.19717496125162856	-0.018671723527008077
1.6896120150187741	0.1962463149707869	-0.016159077717762534
1.7146433041301634	0.19457607377937639	-0.01412978555587578
1.739674593241551	0.19253736686166828	-0.012609867610182993
1.764705882352942	0.19034493419539478	-0.011510350390403466
1.7897371714643295	0.18810351994291546	-0.010731229339001572
1.8147684605757206	0.18585754364751075	-0.010192363329320156
1.83979974968711	0.1836213782971464	-0.009836515982048082
1.8648310387984974	0.1813951747838879	-0.00962516888166873
1.8898623279098885	0.1791727315952515	-0.00953385209763985
1.914893617021276	0.1769454880526534	-0.009548550430828018
1.939924906132667	0.17470480890683437	-0.009663072292524041
1.9649561952440546	0.1724434217594605	-0.009876695939781382
1.989987484355444	0.17015551191371728	-0.010191584704056789
2.015018773466835	0.16783431841685875	-0.010611487126880443
2.0400500625782225	0.16546979017263572	-0.011145078803690093
2.065081351689613	0.16305233636119673	-0.011810644946326174
2.090112640801001	0.16057819210705132	-0.012635081649338107
2.1151439299123904	0.15805272616117716	-0.01365426657880449
2.1401752190237784	0.1555032107821832	-0.014909554094072599
2.165206508135169	0.15298403822915072	-0.016421928218035807
2.1902377972465596	0.15054465980142626	-0.018169464060406842
2.2152690863579476	0.14818760354905736	-0.02011451821184079
2.240300375469337	0.14587944448047324	-0.022257345551378045
2.265331664580725	0.14360196654742252	-0.0246499675852688
2.2903629536921155	0.14139443103801333	-0.027356765421167772
2.315394242803503	0.13932203455428124	-0.030383564543692773
2.340425531914894	0.13737245059515238	-0.033711073596209624
2.3654568210262834	0.13548699028685102	-0.037438296856276455
2.3904881101376714	0.13373692699142153	-0.04177849715475242
2.415519399249062	0.13236120048743358	-0.04689006040122206
2.4405506883604495	0.1316637460203525	-0.05283961353392704
2.4655819774718406	0.1320776966700977	-0.05961421535155482
2.490613266583228	0.13414302465027977	-0.0668650737216195
2.515644555694618	0.13805248951949614	-0.07385998488238463
2.5406758448060085	0.1434705920809659	-0.08004790968944248
2.565707133917396	0.15009615786645467	-0.085347635724693
2.590738423028787	0.15798752062477234	-0.08965845177959055
2.6157697121401746	0.16717214659498175	-0.09255235968457252
2.6408010012515644	0.17740929163789906	-0.09356077329998246
2.665832290362953	0.18841406976691075	-0.09223197701663326
2.6908635794743425	0.199600765978945	-0.08782428410859272
2.7158948685857336	0.20948288519294286	-0.079875865469076
2.740926157697121	0.21628357441403925	-0.0691986252080419
2.765957446808511	0.21916835980678873	-0.057655755325408564
2.7909887359198997	0.21864568681120755	-0.04705786353034815
2.816020025031289	0.21594825192588277	-0.03832551072551913
2.841051314142678	0.2122087976123177	-0.03152746217758668
2.8660826032540676	0.20814320871929398	-0.02634250504835942
2.8911138923654573	0.20411757859922458	-0.022388278065858285
2.916145181476846	0.20029074329668414	-0.01934394824554366
2.9411764705882355	0.19671613614465358	-0.016969343295687726
2.9662077596996244	0.1933982238916419	-0.01509178525191517
2.991239048811014	0.19032083650538315	-0.013588402523516093
3.0162703379224016	0.1874608133128373	-0.012371512817429025
3.0413016270337927	0.1847945133671479	-0.01137785220773671
3.066332916145182	0.18230089765075594	-0.010560531547172234
3.091364205256571	0.17996230416462872	-0.009882335879325617
3.1163954943679606	0.17776195608395048	-0.00931044728607366
3.141426783479348	0.1756786843426499	-0.008816460474733851
3.166458072590739	0.17368703218713236	-0.008383049929054883
3.1914893617021267	0.1717664698436226	-0.008005311489035995
3.2165206508135173	0.16990584130389702	-0.00768210519639904
3.241551939924907	0.16809884561102473	-0.007410203439922474
3.2665832290362946	0.16633976097710595	-0.007184717205036563
3.2916145181476857	0.16462231210557965	-0.00700080335796803
3.316645807259073	0.1629398467868577	-0.00685450700774145
3.341677096370464	0.16128562255113507	-0.006742947556755134
3.366708385481852	0.1596529430713426	-0.006664270431366241
3.391739674593241	0.15803517074897866	-0.006617564907901872
3.416770963704632	0.15642566908749142	-0.00660281488069282
3.4418022528160197	0.15481770826040353	-0.0066209010603916945
3.4668335419274103	0.15320435025997559	-0.006673661337195145
3.4918648310387983	0.15157832108207214	-0.006764017376484856
3.5168961201501876	0.149931874416435	-0.006896181999296236
3.5419274092615756	0.14825665311139366	-0.007075971804404732
3.566958698372966	0.14654356240030475	-0.007311263265829514
3.591989987484357	0.1447826868178967	-0.007612648960148451
3.617021276595745	0.14296332024883648	-0.007994372251368112
3.642052565707134	0.14107425226323514	-0.008475633459211086
3.667083854818522	0.13910458359044195	-0.009082332746009327
3.6921151439299127	0.13704551690069156	-0.009849161385187878
3.7171464330413	0.13489364954464467	-0.010821585317723223
3.7421777221526913	0.1326560724640094	-0.0120568128857086
3.7672090112640806	0.13035723561343193	-0.013622376400475637
3.7922403003754686	0.1280460300015275	-0.015589637630987734
3.817271589486859	0.12579569957571862	-0.018022025384459715
3.8423028785982467	0.12369222986785876	-0.020971834881823512
3.867334167709638	0.12183093872095947	-0.02449715741553869
3.8923654568210253	0.12034472733176142	-0.02868163626487929
3.917396745932415	0.11946858880358667	-0.033615439191859525
3.9424280350438057	0.11957907892941685	-0.039288892161084166
3.967459324155193	0.12110625853020346	-0.04546337851408567
3.9924906132665843	0.12435298655170057	-0.0516755286576884
4.017521902377972	0.1294347152688373	-0.057381756343753865
4.042553191489361	0.13634202432432824	-0.0619733925313143
4.06758448060075	0.14483995003333167	-0.06474496037504843
4.09261576971214	0.15439998624827003	-0.06500565728215996
4.117647058823531	0.16408159659532984	-0.06212005328283733
4.142678347934918	0.17232835509683253	-0.05599415880578696
4.167709637046308	0.17764861659066883	-0.04772421340986689
4.192740926157697	0.17967417160491694	-0.03911904049753642
4.217772215269086	0.17917760815589287	-0.03155332491799905
4.2428035043804755	0.1772446700527605	-0.0255065454205556
4.267834793491865	0.17468987831486688	-0.020874685727795717
4.292866082603254	0.17197477799489147	-0.01736528897417214
4.317897371714643	0.16932112726533355	-0.014692653084246209
4.342928660826033	0.16682047005212408	-0.012632064488746854
4.367959949937422	0.16450077910797672	-0.01101951932698769
4.392991239048811	0.16236118893920853	-0.009738157751084485
4.418022528160199	0.16038894555613373	-0.00870489393305344
4.44305381727159	0.15856737146783667	-0.007860201362357098
4.468085106382979	0.15687946062715924	-0.007160918307740234
4.4931163954943685	0.15530938527934424	-0.006575318837551781
4.518147684605758	0.15384302126091523	-0.006079754587559041
4.543178973717145	0.15246802532185239	-0.005656355890882864
4.568210262828536	0.15117372079322647	-0.005291442886078153
4.593241551939924	0.1499509134888516	-0.004974414225127194
4.618272841051315	0.14879169431476824	-0.00469695985578278
4.643304130162704	0.14768925323536367	-0.004452496143879154
4.668335419274092	0.14663771389532274	-0.004235755382229405
4.693366708385483	0.14563199096028542	-0.004042483816024281
4.71839799749687	0.14466766897615016	-0.0038692168831517774
4.7434292866082615	0.14374090027136158	-0.003713110186133333
4.768460575719649	0.14284831940219533	-0.0035718113623668703
4.793491864831038	0.14198697207086644	-0.003443361924542258
4.818523153942429	0.14115425591550634	-0.0033261207259578174
4.843554443053817	0.1403478704458969	-0.0032187038480762857
4.868585732165208	0.139565774718705	-0.0031199375038582786
4.8936170212765955	0.13880615179689298	-0.003028820855625376
4.918648310387985	0.13806737884207343	-0.00294449629769302
4.943679599499372	0.13734800180355636	-0.0028662255029264696
4.968710888610763	0.13664671389898256	-0.002793369999343565
4.9937421777221545	0.13596233725274945	-0.0027253753335776997
5.018773466833542	0.13529380717761777	-0.002661758088732769
5.043804755944931	0.13464015867591148	-0.002602095185628145
5.068836045056319	0.1340005148100412	-0.0025460150207316096
5.09386733416771	0.1333740766520387	-0.002493190089667006
5.118898623279097	0.13276011457100914	-0.002443330818841483
5.1439299123904885	0.13215796065785534	-0.002396180384736816
5.168961201501878	0.13156700212004593	-0.0023515103447250686
5.193992490613265	0.13098667550703746	-0.0023091169377712096
5.219023779724656	0.13041646165049176	-0.002268817939885776
5.244055068836044	0.12985588122360042	-0.0022304499780876437
5.269086357947435	0.12930449083918333	-0.0021938662161837975
5.2941176470588225	0.12876187960700602	-0.0021589343239302563
5.319148936170212	0.1282276660300247	-0.00212553464788303
5.344180225281603	0.12770149504991052	-0.002093558618540323
5.36921151439299	0.1271830352378881	-0.0020629076945729735
5.3942428035043815	0.12667197670784652	-0.002033492870846772
5.419274092615769	0.12616802987369471	-0.002005233825149679
5.444305381727158	0.1256709239740393	-0.001978057492503545
5.469336670838548	0.12518040516255466	-0.0019518970026486703
5.494367959949937	0.12469623481185424	-0.0019266911332834168
5.519399249061328	0.1242181881723217	-0.001902383908316408
5.5444305381727155	0.12374605323235807	-0.0018789242026508498
5.569461827284105	0.12327962968727359	-0.0018562653705778262
5.594493116395494	0.12281872799026111	-0.0018343649266694363
5.619524405506883	0.12236316848004992	-0.0018131842957459902
5.644555694618273	0.12191278058565197	-0.0017926886446954394
5.669586983729662	0.12146740211486755	-0.0017728468132376977
5.694618272841051	0.12102687864672121	-0.0017536313705982863
5.719649561952441	0.12059106307671202	-0.001735018839046698
5.74468085106383	0.12015981542347356	-0.0017169901392014375
5.769712140175219	0.11973300312816551	-0.0016995313079398563
5.7947434292866085	0.11931050232180251	-0.0016826344526775013
5.819774718397996	0.11889220097181431	-0.001666298527763717
5.844806007509387	0.11847800535467369	-0.0016505282672811268
5.869837296620776	0.11806785077855017	-0.0016353262605030149
5.894868585732166	0.11766171084781833	-0.0016206673768310207
5.919899874843555	0.11725957669948563	-0.0016064483822594688
5.9449311639549425	0.11686135829116026	-0.001592461044037538
5.9699624530663336	0.11646676907414402	-0.0015785154722847388
5.994993742177721	0.11607542942715302	-0.001564646176995291
6.020025031289112	0.11568711327499713	-0.0015510674302290826
6.0450563204005014	0.1153017727883205	-0.001537959632384347
6.07008760951189	0.11491940717065303	-0.0015253988028232552
6.09511889862328	0.11453998797478065	-0.0015134024066989998
6.120150187734667	0.11416345114867606	-0.0015019754508408222
6.145181476846059	0.11378970766256791	-0.0014911319741540805
6.170212765957445	0.1134186524772803	-0.001480903207624738
6.195244055068836	0.11305016921565827	-0.0014713418990208438
6.2202753441802265	0.11268413193214825	-0.0014625270910883933
6.245306633291613	0.11232040538964104	-0.0014545714337616286
6.270337922403005	0.11195884521702862	-0.001447632938581719
6.295369211514392	0.11159930025388222	-0.001441933141550215
6.320400500625783	0.11124161989192052	-0.0014377833854356675
6.3454317897371695	0.11088567023087448	-0.0014356231009003786
6.37046307884856	0.11053136921108955	-0.0014360767975339602
6.395494367959952	0.11017876293819288	-0.0014400356269966142
6.420525657071338	0.10982818693723827	-0.001448762146683996
6.445556946182729	0.10948059644128086	-0.0014639864533775597
6.470588235294116	0.10913820587569122	-0.001487856829709954
6.495619524405506	0.1088055633533385	-0.0015223144347552087
6.520650813516895	0.10849068510956265	-0.0015668919391274333
6.545682102628285	0.10820387792324018	-0.001613920700945358
6.570713391739676	0.10794925690054578	-0.0016445311259756243
6.5957446808510625	0.10771180481726365	-0.001637912664446294
6.620775969962453	0.10746297370547231	-0.00159320059116014
6.645807259073841	0.10718632218411406	-0.0015305779018023177
6.670838548185231	0.10688503536339705	-0.001469594395027343
6.695869837296622	0.10656935994279343	-0.0014186475197261405
6.720901126408009	0.10624752729234484	-0.0013785602008611626
6.745932415519399	0.10592425438315457	-0.0013475239066720048
6.770963704630788	0.10560183152895429	-0.0013234578838526622
6.795994993742178	0.10528122297556551	-0.001304707838806014
6.821026282853566	0.1049627321976409	-0.001290124909880851
6.8460575719649555	0.10464634772187646	-0.001278986713234318
6.871088861076346	0.1043319138906701	-0.0012709124269518403
6.896120150187734	0.10401921881296586	-0.0012658120131663862
6.921151439299124	0.1037080539843681	-0.0012638735607082667
6.946182728410513	0.10339827747628265	-0.001265584094367396
6.971214017521902	0.10308991054042112	-0.0012717830359936957
6.996245306633291	0.1027833141979654	-0.0012837391262633519
7.0212765957446805	0.10247951335004715	-0.0013032173004439054
7.046307884856071	0.10218079411396049	-0.0013324535218972094
7.071339173967459	0.10189182769144246	-0.0013736922684444539
7.0963704630788484	0.10162121175992993	-0.0014270955351894277
7.121401752190238	0.10138097756811372	-0.0014854319219158622
7.146433041301627	0.10117811559697179	-0.001528372867543896
7.171464330413016	0.10099876333723626	-0.0015301912827741303
7.196495619524406	0.10080994512673815	-0.0014853357829369594
7.221526908635795	0.10058886172985308	-0.0014153334627198136
7.246558197747184	0.10033666771886027	-0.001344589218281296
7.2715894868585735	0.10006518256585642	-0.0012847730306370685
7.296620775969963	0.09978473256536279	-0.0012376620162074868
7.321652065081352	0.0995014577179081	-0.0012012670347613477
7.3466833541927405	0.09921843044275014	-0.0011730185795022945
7.371714643304131	0.09893701478309647	-0.001150771211438388
7.39674593241552	0.09865772018396389	-0.001132945184465672
7.421777221526909	0.09838065082273877	-0.001118429681248982
7.446808510638299	0.09810572646647087	-0.0011064573484015456
7.471839799749687	0.09783278734539282	-0.001096503154726892
7.496871088861077	0.09756164227213401	-0.0010882129105961305
7.521902377972466	0.0972920893717617	-0.0010813555995523017
7.546933667083856	0.09702392374478477	-0.0010757927617377305
7.571964956195245	0.0967569387327878	-0.0010714597340100575
7.5969962453066335	0.09649092386595513	-0.001068355685298639
7.622027534418024	0.09622566124326766	-0.0010665408398797729
7.647058823529412	0.095960921362118	-0.0010661401845180414
7.672090112640802	0.09569645907849994	-0.0010673539765244388
7.697121401752189	0.09543201060776789	-0.001070476523557017
7.72215269086358	0.09516729331791404	-0.0010759260680452162
7.74718397997497	0.09490201191776942	-0.0010842904084578675
7.772215269086359	0.09463587851641578	-0.0010963952700044986
7.797246558197749	0.09436866207040746	-0.0011134050833684218
7.8222778473091354	0.09410029925442205	-0.0011369666936038119
7.8473091364205265	0.09383113161062025	-0.0011693977113065668
7.872340425531913	0.09356239275359077	-0.0012138770736197986
7.897371714643305	0.09329714408739927	-0.0012744442318862298
7.922403003754695	0.09304180607298336	-0.0013552095068236193
7.947434292866082	0.09280765272216006	-0.0014575126998148237
7.972465581977473	0.09260908519243496	-0.0015743387555698055
7.99749687108886	0.0924541817813521	-0.0016876164722848279
8.022528160200253	0.0923363405439108	-0.0017798663313381448
8.047559449311638	0.09224786396714967	-0.0018457474295771868
8.072590738423028	0.09219087940596336	-0.0018735222338303853
8.09762202753442	0.09214933157811644	-0.0018353543323156214
8.122653316645806	0.09207671104792461	-0.0017261377225357406
8.147684605757199	0.09193979798694855	-0.0015823549021768393
8.172715894868585	0.09174386886339062	-0.001444987199311032
8.197747183979974	0.09151156841277969	-0.0013331291541958201
8.222778473091363	0.09126239444948304	-0.001248672526027809
8.247809762202753	0.09100809180530776	-0.0011867560652174477
8.272841051314145	0.09075428421193622	-0.0011412534665642565
8.297872340425531	0.09050242781080668	-0.0011071659447577501
8.32290362953692	0.0902519403733191	-0.0010818925057679897
8.34793491864831	0.09000230012722278	-0.0010648327065578738
8.3729662077597	0.0897536278422113	-0.001056137983350522
8.397997496871088	0.08950634046550268	-0.0010562717278696716
8.423028785982478	0.08926111116852359	-0.0010662373802332913
8.448060075093867	0.08901935882782067	-0.001087831745279578
8.473091364205256	0.08878425243143384	-0.0011235787802984115
8.498122653316646	0.08856230186800072	-0.0011757464088855475
8.523153942428035	0.08836489488071107	-0.0012430381282803455
8.548185231539424	0.08820619064298614	-0.0013137176936079626
8.573216520650814	0.08809048615527428	-0.0013607534529838463
8.598247809762203	0.08799500761345305	-0.0013566351312486395
8.623279098873592	0.08788088499672815	-0.0013032610722260598
8.648310387984981	0.08772885995789745	-0.0012296927004332892
8.67334167709637	0.08754671028253759	-0.0011611140748030119
8.69837296620776	0.08735033405970108	-0.0011052232965270165
8.72340425531915	0.08714964287340898	-0.0010582290658932548
8.748435544430539	0.08694595868901421	-0.001015186802902417
8.773466833541928	0.08673763031853672	-0.0009757056909746526
8.798498122653317	0.08652518593122968	-0.0009417065363957592
8.823529411764707	0.08631083190304512	-0.0009139916189841047
8.848560700876096	0.08609651130145185	-0.0008919700962236955
8.873591989987485	0.08588331981295212	-0.0008745642766928445
8.898623279098874	0.08567170810290489	-0.0008607661966928373
8.92365456821026	0.08546176805041694	-0.0008497995487243876
8.948685857321653	0.08525341943940452	-0.0008411164456197003
8.973717146433042	0.08504651049812326	-0.0008343531802253702
8.998748435544432	0.08484087001285544	-0.0008292849170790681
9.023779724655821	0.08463633364505488	-0.000825783077933179
9.048811013767207	0.08443274347297317	-0.0008237696411927904
9.0738423028786	0.08422989777133204	-0.0008231876257573255
9.098873591989985	0.08402747203463107	-0.0008240614712347786
9.123904881101378	0.08382505018197355	-0.000826645439344635
9.148936170212767	0.0836222823173795	-0.0008314659573483603
9.173967459324153	0.08341894981782415	-0.0008392428680202479
9.198998748435546	0.08321492708718775	-0.0008508991076265903
9.224030037546932	0.08301020457968382	-0.0008676957380524925
9.249061326658325	0.08280505146933055	-0.0008914246336060692
9.27409261576971	0.08260038548492375	-0.0009246213194335425
9.2991239048811	0.08239851623386751	-0.000970710233515507
9.324155193992492	0.08220453741010976	-0.0010337317281536621
9.349186483103878	0.08202848915727584	-0.0011166106765214013
9.374217772215271	0.08188692805787846	-0.00121584870305028
9.399249061326657	0.08179789805054428	-0.0013118029666557996
9.424280350438046	0.08176088339798587	-0.001365596330947341
9.449311639549435	0.0817377516547055	-0.001345961672949958
9.474342928660825	0.0816780300206759	-0.0012652789070695964
9.499374217772218	0.08156315217821843	-0.0011646308617789748
9.524405506883603	0.0814056730778985	-0.0010748210445988174
9.549436795994993	0.08122495819824027	-0.001006768566689771
9.574468085106382	0.08103554276975214	-0.0009604957451007607
9.599499374217771	0.0808469992586104	-0.0009323653934711861
9.62453066332916	0.08066614629692902	-0.0009169299779049332
9.64956195244055	0.0804968717243044	-0.0009060425400482973
9.67459324155194	0.08033678718728272	-0.0008902308859093197
9.699624530663328	0.080177074969173	-0.0008653520029938762
9.724655819774718	0.08001040137246347	-0.0008357034099744995
9.749687108886107	0.07983611009158942	-0.000807736537271065
9.774718397997496	0.07965713942412658	-0.000784796767125165
9.799749687108886	0.07947629523344714	-0.0007674081543902836
9.824780976220275	0.07929522973720747	-0.0007550120013393457
9.849812265331664	0.07911470456388074	-0.0007469686962639454
9.874843554443054	0.07893500384172306	-0.0007429130791666655
9.899874843554443	0.07875623440094859	-0.000742853607887897
9.924906132665832	0.07857855466795342	-0.0007472138753937193
9.949937421777221	0.07840243363539474	-0.0007568730800588539
9.97496871088861	0.07822906526674703	-0.0007731610114115158
10.0	0.07806107633696203	-0.0007975929901847224
