-10.0	-0.05856767732085472	-0.0004995318850791034
-9.97496871088861	-0.05869297862361504	-0.0005018067792891654
-9.949937421777221	-0.0588188512267135	-0.0005040985336585179
-9.924906132665832	-0.05894529936969793	-0.0005064073307317981
-9.899874843554443	-0.059072327338078184	-0.0005087333557497662
-9.874843554443054	-0.05919993946400583	-0.0005110767967006502
-9.849812265331664	-0.0593281401269668	-0.0005134378443726965
-9.824780976220275	-0.059456933754487316	-0.0005158166924079525
-9.799749687108886	-0.05958632482285338	-0.000518213537357321
-9.774718397997496	-0.059716317857844134	-0.0005206285787369199
-9.749687108886107	-0.05984691743547953	-0.0005230620190857834
-9.724655819774718	-0.0599781281827824	-0.000525514064024943
-9.699624530663328	-0.06010995477855569	-0.0005279849223179275
-9.67459324155194	-0.0602424019541747	-0.0005304748059327229
-9.64956195244055	-0.06037547449439512	-0.0005329839301052311
-9.62453066332916	-0.060509177238177066	-0.0005355125134042751
-9.599499374217771	-0.060643515079525465	-0.0005380607777981896
-9.574468085106382	-0.06077849296834735	-0.0005406289487230479
-9.549436795994993	-0.06091411591132628	-0.000543217255152568
-9.524405506883603	-0.06105038897281442	-0.0005458259296697527
-9.499374217772216	-0.061187317275742815	-0.0005484552085403055
-9.474342928660825	-0.061324906002550056	-0.0005511053317878853
-9.449311639549435	-0.06146316039613001	-0.0005537765432712438
-9.424280350438046	-0.06160208576079902	-0.00055646909076331
-9.399249061326657	-0.06174168746328314	-0.0005591832260322735
-9.37421777221527	-0.06188197093372564	-0.0005619192049247293
-9.349186483103878	-0.06202294166671582	-0.000564677287450947
-9.32415519399249	-0.06216460522233895	-0.0005674577378723224
-9.2991239048811	-0.06230696722724875	-0.0005702608247910887
-9.274092615769712	-0.06245003337576206	-0.0005730868212423415
-9.249061326658325	-0.06259380943097717	-0.0005759360047884639
-9.224030037546934	-0.06273830122591567	-0.0005788086576160111
-9.198998748435546	-0.0628835146646889	-0.0005817050666351382
-9.173967459324155	-0.06302945572368956	-0.0005846255235816521
-9.148936170212767	-0.06317613045280895	-0.0005875703251217582
-9.123904881101378	-0.06332354497668083	-0.0005905397729596006
-9.098873591989987	-0.06347170549595225	-0.0005935341739476689
-9.0738423028786	-0.06362061828858244	-0.0005965538402001734
-9.048811013767208	-0.06377028971117024	-0.0005995990892094761
-9.023779724655821	-0.06392072620031083	-0.0006026702439656757
-8.998748435544432	-0.06407193427398306	-0.0006057676330794504
-8.973717146433042	-0.06422392053296719	-0.0006088915909082578
-8.948685857321653	-0.06437669166229505	-0.0006120424576860037
-8.923654568210262	-0.06453025443273275	-0.0006152205796562929
-8.898623279098874	-0.06468461570229686	-0.0006184263092093722
-8.873591989987485	-0.06483978241780557	-0.0006216600050228964
-8.848560700876096	-0.06499576161646507	-0.000624922032206631
-8.823529411764707	-0.06515256042749268	-0.0006282127624512313
-8.798498122653317	-0.06531018607377734	-0.0006315325741812264
-8.773466833541928	-0.06546864587357912	-0.0006348818527123509
-8.748435544430539	-0.06562794724226803	-0.0006382609904133697
-8.72340425531915	-0.06578809769410407	-0.0006416703868725444
-8.69837296620776	-0.06594910484405912	-0.0006451104490688999
-8.67334167709637	-0.06611097640968219	-0.0006485815915484544
-8.648310387984981	-0.06627372021300915	-0.0006520842366055787
-8.623279098873592	-0.06643734418251832	-0.0006556188144696643
-8.598247809762203	-0.06660185635513317	-0.0006591857634972787
-8.573216520650814	-0.06676726487827363	-0.0006627855303700018
-8.548185231539424	-0.06693357801195732	-0.0006664185702981352
-8.523153942428035	-0.06710080413095225	-0.0006700853472304954
-8.498122653316646	-0.06726895172698265	-0.0006737863340704982
-8.473091364205256	-0.06743802941098917	-0.000677522012898759
-8.448060075093867	-0.0676080459154456	-0.0006812928752024405
-8.423028785982478	-0.06777901009673327	-0.0006850994221115845
-8.397997496871088	-0.0679509309375754	-0.0006889421646426776
-8.3729662077597	-0.06812381754953281	-0.0006928216239497165
-8.34793491864831	-0.06829767917556322	-0.0006967383315830329
-8.32290362953692	-0.06847252519264588	-0.0007006928297561697
-8.297872340425531	-0.06864836511447359	-0.0007046856716210955
-8.272841051314144	-0.0688252085942144	-0.0007087174215520652
-8.247809762202753	-0.06900306542734505	-0.0007127886554384442
-8.222778473091363	-0.06918194555455809	-0.0007168999609868276
-8.197747183979974	-0.06936185906474587	-0.0007210519380328011
-8.172715894868585	-0.06954281619806292	-0.0007252451988627036
-8.147684605757197	-0.06972482734906976	-0.0007294803685457645
-8.122653316645806	-0.06990790306996086	-0.0007337580852770135
-8.097622027534417	-0.07009205407387879	-0.0007380790007313613
-8.072590738423028	-0.07027729123831841	-0.0007424437804292913
-8.047559449311638	-0.0704636256086231	-0.0007468531041145943
-8.02252816020025	-0.0706510684015767	-0.000751307666144618
-7.9974968710888605	-0.07083963100909393	-0.0007558081758935141
-7.972465581977473	-0.07102932500201278	-0.0007603553581689868
-7.947434292866082	-0.07122016213399236	-0.0007649499536430777
-7.922403003754694	-0.07141215434551937	-0.0007695927192975292
-7.897371714643305	-0.07160531376802753	-0.0007742844288843172
-7.872340425531914	-0.0717996527281331	-0.0007790258734019408
-7.8473091364205265	-0.07199518375199081	-0.0007838178615881093
-7.8222778473091354	-0.07219191956977472	-0.0007886612204294893
-7.797246558197748	-0.07238987312028738	-0.0007935567956891832
-7.772215269086359	-0.07258905755570277	-0.0007985054524526863
-7.7471839799749675	-0.07278948624644717	-0.0008035080756930504
-7.72215269086358	-0.07299117278622255	-0.0008085655708560643
-7.697121401752189	-0.07319413099717857	-0.0008136788644662683
-7.672090112640801	-0.07339837493523713	-0.0008188489047546645
-7.647058823529412	-0.07360391889557603	-0.0008240766623090444
-7.622027534418023	-0.07381077741827692	-0.0008293631307478629
-7.596996245306634	-0.07401896529414351	-0.0008347093274186718
-7.571964956195245	-0.07422849757069658	-0.0008401162941221454
-7.546933667083856	-0.07443938955835186	-0.0008455850978627955
-7.5219023779724665	-0.07465165683678777	-0.0008511168316275208
-7.496871088861077	-0.07486531526151016	-0.0008567126151931957
-7.471839799749688	-0.07508038097062089	-0.000862373595964556
-7.446808510638299	-0.07529687039179862	-0.0008681009498437116
-7.421777221526909	-0.0755148002494993	-0.0008738958821326708
-7.39674593241552	-0.07573418757238477	-0.0008797596284703406
-7.371714643304131	-0.07595504970098846	-0.0008856934558055312
-7.346683354192741	-0.07617740429562692	-0.000891698663407581
-7.321652065081352	-0.07640126934456715	-0.0008977765839162902
-7.296620775969963	-0.0766266631724591	-0.0009039285844329454
-7.2715894868585735	-0.07685360444904427	-0.0009101560676543037
-7.246558197747184	-0.07708211219815095	-0.0009164604730515084
-7.221526908635795	-0.07731220580698758	-0.0009228432780960012
-7.196495619524406	-0.0775439050357461	-0.0009293059995346151
-7.171464330413016	-0.07777723002752772	-0.0009358501947161397
-7.146433041301627	-0.07801220131860409	-0.000942477462971775
-7.121401752190238	-0.07824883984902754	-0.0009491894470520167
-7.0963704630788484	-0.07848716697360483	-0.0009559878346226591
-7.071339173967459	-0.0787272044732488	-0.0009628743598227359
-7.04630788485607	-0.07896897456672444	-0.0009698508048873831
-7.0212765957446805	-0.07921249992280485	-0.0009769190018387637
-6.996245306633291	-0.07945780367285522	-0.000984080834248374
-6.971214017521902	-0.07970490942386207	-0.0009913382390742255
-6.946182728410513	-0.07995384127192723	-0.000998693208576602
-6.921151439299123	-0.08020462381624614	-0.0010061477923162905
-6.896120150187734	-0.08045728217359163	-0.0010137040992394082
-6.871088861076345	-0.08071184199332451	-0.0010213642998531819
-6.8460575719649555	-0.08096832947295468	-0.0010291306284972873
-6.821026282853566	-0.0812267713742763	-0.001037005385715611
-6.795994993742177	-0.08148719504010274	-0.0010449909407335976
-6.770963704630788	-0.08174962841162803	-0.0010530897340466222
-6.745932415519399	-0.0820141000464426	-0.0010613042801251734
-6.720901126408009	-0.08228063913723313	-0.001069637170242951
-6.69586983729662	-0.08254927553119731	-0.0010780910754343525
-6.670838548185231	-0.08282003975020655	-0.0010866687495882286
-6.645807259073841	-0.08309296301175079	-0.001095373032685168
-6.620775969962453	-0.08336807725070158	-0.0011042068541860374
-6.595744680851063	-0.08364541514193231	-0.0011131732365799786
-6.570713391739676	-0.08392501012383494	-0.001122275299100538
-6.545682102628285	-0.08420689642277653	-0.0011315162616191826
-6.520650813516897	-0.0844911090785398	-0.0011408994487259953
-6.495619524405506	-0.08477768397079567	-0.0011504282940079948
-6.470588235294117	-0.08506665784665673	-0.0011601063445361424
-6.445556946182729	-0.08535806834936552	-0.0011699372655728524
-6.420525657071338	-0.08565195404817244	-0.001179924845512539
-6.395494367959951	-0.0859483544694622	-0.0011900730010685574
-6.37046307884856	-0.08624731012919207	-0.0012003857827207936
-6.34543178973717	-0.08654886256670602	-0.001210867380439025
-6.320400500625783	-0.08685305437999609	-0.0012215221296982624
-6.295369211514392	-0.0871599292624837	-0.0012323545178032807
-6.270337922403004	-0.08746953204139893	-0.0012433691905407427
-6.245306633291613	-0.0877819087178416	-0.001254570959178578
-6.2202753441802265	-0.08809710650860994	-0.0012659648078335523
-6.195244055068836	-0.0884151738898919	-0.001277555901229497
-6.170212765957448	-0.08873616064291565	-0.001289349592870105
-6.145181476846059	-0.08906011790166582	-0.001301351433651986
-6.120150187734667	-0.08938709820277481	-0.0013135671809453753
-6.09511889862328	-0.08971715553770845	-0.0013260028081718864
-6.070087609511891	-0.09005034540737106	-0.0013386645149107994
-6.0450563204005014	-0.09038672487926246	-0.0013515587375675792
-6.020025031289112	-0.09072635264733012	-0.0013646921606408442
-5.994993742177721	-0.09106928909466613	-0.0013780717286265886
-5.9699624530663336	-0.09141559635921033	-0.001391704658601343
-5.9449311639549425	-0.0917653384026306	-0.001405598453529073
-5.919899874843555	-0.09211858108256253	-0.0014197609163399138
-5.894868585732166	-0.09247539222840362	-0.0014342001648325613
-5.869837296620776	-0.0928358417208685	-0.0014489246474559845
-5.844806007509387	-0.09320000157552796	-0.0014639431600304838
-5.819774718397998	-0.09356794603056728	-0.0014792648634727283
-5.7947434292866085	-0.09393975163901747	-0.0014948993025944654
-5.769712140175219	-0.09431549736572946	-0.0015108564260500877
-5.74468085106383	-0.09469526468938046	-0.0015271466075142339
-5.719649561952441	-0.09507913770982207	-0.001543780668177098
-5.694618272841051	-0.09546720326110203	-0.0015607699006522334
-5.669586983729662	-0.09585955103051444	-0.001578126094399368
-5.644555694618273	-0.09625627368405998	-0.0015958615627732215
-5.619524405506883	-0.09665746699872471	-0.0016139891718185172
-5.594493116395494	-0.09706323000201678	-0.0016325223709415145
-5.569461827284105	-0.0974736651192322	-0.0016514752255994036
-5.5444305381727155	-0.09788887832895708	-0.0016708624521610137
-5.519399249061326	-0.09830897932735175	-0.0016906994551055495
-5.494367959949937	-0.09873408170180334	-0.0017110023667405978
-5.469336670838549	-0.09916430311458017	-0.0017317880896366251
-5.444305381727158	-0.09959976549716887	-0.0017530743419927278
-5.419274092615769	-0.10004059525602961	-0.001774879706167667
-5.3942428035043815	-0.10048692349056416	-0.0017972236806315105
-5.36921151439299	-0.10093888622415315	-0.001820126735616549
-5.344180225281603	-0.1013966246491898	-0.001843610372771968
-5.319148936170212	-0.10186028538711422	-0.0018676971891553218
-5.2941176470588225	-0.10233002076453174	-0.0018924109459251826
-5.269086357947435	-0.10280598910659469	-0.0019177766421343495
-5.244055068836044	-0.10328835504892153	-0.0019438205940613888
-5.219023779724656	-0.10377728986943885	-0.0019705705205610878
-5.193992490613266	-0.10427297184165094	-0.0019980556349618664
-5.168961201501876	-0.1047755866109716	-0.002026306744090725
-5.1439299123904885	-0.1052853275958979	-0.002055356355065023
-5.1188986232791	-0.10580239641596437	-0.002085238790555498
-5.09386733416771	-0.10632700334858927	-0.0021159903132976186
-5.06883604505632	-0.10685936781711797	-0.0021476492607094754
-5.043804755944931	-0.10739971891258135	-0.0021802561905650414
-5.018773466833542	-0.10794829595191976	-0.002213854038772913
-4.993742177722154	-0.10850534907568377	-0.0022484882904242054
-4.968710888610763	-0.10907113988850967	-0.0022842071654005807
-4.943679599499373	-0.10964594214598501	-0.0023210618199762945
-4.918648310387985	-0.11023004249187375	-0.002359106566008946
-4.893617021276597	-0.11082374125006071	-0.0023983991094945842
-4.868585732165207	-0.111427353276013	-0.0024390008104669307
-4.843554443053817	-0.11204120887303937	-0.0024809769664509477
-4.818523153942427	-0.1126656547791721	-0.0025243971219417027
-4.793491864831038	-0.1133010552310984	-0.002569335406674623
-4.768460575719651	-0.11394779311224451	-0.0026158709057882337
-4.7434292866082615	-0.11460627119287203	-0.0026640880653609504
-4.71839799749687	-0.11527691347089303	-0.0027140771372366436
-4.69336670838548	-0.11596016662306227	-0.0027659346675473753
-4.668335419274092	-0.11665650157727492	-0.0028197640339055925
-4.643304130162704	-0.11736641521790056	-0.002875676036882948
-4.618272841051315	-0.11809043223744363	-0.0029337895521322497
-4.593241551939924	-0.1188291071493523	-0.0029942322503577106
-4.568210262828536	-0.11958302647853274	-0.003057141393315167
-4.543178973717147	-0.12035281114809003	-0.0031226647151494395
-4.518147684605758	-0.12113911908304485	-0.00319096139967579
-4.4931163954943685	-0.12194264805431174	-0.003262203165717313
-4.468085106382977	-0.12276413878910925	-0.0033365754743549967
-4.44305381727159	-0.12360437837726335	-0.003414278873975957
-4.418022528160201	-0.12446420400663218	-0.003495530501369056
-4.392991239048811	-0.12534450706518246	-0.0035805657598770653
-4.367959949937422	-0.12624623765219922	-0.0036696401988461982
-4.342928660826031	-0.12717040954678638	-0.0037630316224055924
-4.317897371714643	-0.1281181056883669	-0.00386104246007102
-4.292866082603254	-0.12909048423144787	-0.003964002436930526
-4.267834793491865	-0.13008878524565595	-0.004072271587395216
-4.2428035043804755	-0.13111433814219042	-0.004186243663884386
-4.217772215269086	-0.13216856991961612	-0.004306350000600306
-4.192740926157699	-0.13325301433564218	-0.004433063903033091
-4.167709637046308	-0.1343693221275507	-0.004566905646386803
-4.142678347934918	-0.13551927242268788	-0.004708448181189603
-4.117647058823529	-0.1367047855024322	-0.004858323662511632
-4.09261576971214	-0.13792793710892837	-0.00501723094117108
-4.067584480600752	-0.1391909745144015	-0.005185944181953127
-4.042553191489361	-0.14049633460895872	-0.005365322806317429
-4.017521902377972	-0.141846664305588	-0.0055563229967466096
-3.9924906132665825	-0.1432448436119661	-0.005760011048596194
-3.967459324155193	-0.14469401177937957	-0.005977578915348149
-3.9424280350438052	-0.1461975970116607	-0.006210362367508603
-3.917396745932415	-0.14775935030410803	-0.006459862277842619
-3.8923654568210257	-0.14938338408710397	-0.006727769661162187
-3.867334167709638	-0.15107421647551905	-0.0070159952419446055
-3.8423028785982494	-0.15283682207790655	-0.007326704506139514
-3.8172715894868587	-0.1546766905050641	-0.007662359425826545
-3.7922403003754686	-0.15659989394336368	-0.00802576834178808
-3.7672090112640793	-0.158613165433807	-0.00842014586945509
-3.7421777221526913	-0.16072398983481445	-0.008849185184843221
-3.717146433041303	-0.16294070985995485	-0.009317145685320945
-3.6921151439299127	-0.16527265008925	-0.009828959854911116
-3.6670838548185225	-0.16773026247658707	-0.010390364263542172
-3.6420525657071328	-0.17032529764315024	-0.011008061088873838
-3.617021276595745	-0.1730710071898346	-0.011689918500413754
-3.5919899874843564	-0.17598238341760594	-0.012445220875437044
-3.566958698372966	-0.17907644425451522	-0.013284983390741696
-3.541927409261576	-0.18237257289178502	-0.014222350435908084
-3.5168961201501876	-0.18589292365897686	-0.015273104077513247
-3.4918648310387996	-0.1896629080191904	-0.016456318283456603
-3.46683354192741	-0.19371177716802046	-0.017795207997715952
-3.4418022528160197	-0.19807332035250663	-0.019318241243235005
-3.4167709637046295	-0.20278670016128755	-0.021060609954847955
-3.391739674593241	-0.20789744654244785	-0.023066195379888903
-3.366708385481853	-0.21345862786116432	-0.02539022307785055
-3.341677096370464	-0.21953220526596018	-0.02810289084577869
-3.3166458072590737	-0.2261905467536655	-0.031294386051336956
-3.291614518147683	-0.2335180112639172	-0.035081911683151064
-3.2665832290362946	-0.2416123742612349	-0.039619651890388775
-3.2415519399249066	-0.25058558075000803	-0.04511308817431575
-3.2165206508135173	-0.26056272901696886	-0.05183981644197827
-3.191489361702127	-0.27167699808622253	-0.06018013381471667
-3.166458072590739	-0.284055786616165	-0.07066228192570216
-3.14142678347935	-0.29778827579785394	-0.08402930419740763
-3.11639549436796	-0.3128541563833525	-0.10133617523538634
-3.091364205256571	-0.3289718077917725	-0.12408355241079688
-3.0663329161451807	-0.3452822055405874	-0.1543753892407592
-3.0413016270337927	-0.3597132096060626	-0.1950118955945013
-3.0162703379224034	-0.3677992404440573	-0.24919021725686877
-2.991239048811014	-0.36091973755580364	-0.31888744845193945
-2.966207759699625	-0.3253334201202702	-0.4001754999772619
-2.941176470588234	-0.24735097893721447	-0.4753567818778628
-2.916145181476846	-0.13054756677109886	-0.5124857368450481
-2.891113892365457	-0.008270031476877153	-0.48970298067218765
-2.8660826032540676	0.08102467891118581	-0.42092447289291957
-2.8410513141426783	0.12630890048264737	-0.3388402930689987
-2.816020025031289	0.13894451099799224	-0.2654777219982185
-2.790988735919901	0.13358159688455562	-0.20747922455249138
-2.7659574468085104	0.12015319445901594	-0.1637542042213628
-2.740926157697121	0.10399576390912704	-0.13117475249248997
-2.715894868585732	0.08764842004353958	-0.10678258155824939
-2.6908635794743425	0.07219931212240768	-0.08829968370856771
-2.6658322903629545	0.058036832229242954	-0.07408780373087913
-2.6408010012515644	0.04522835982591472	-0.06299341459322247
-2.615769712140175	0.033703396674316	-0.054205212433563625
-2.5907384230287853	0.02334004132248342	-0.04714803274671631
-2.565707133917396	0.014004727537776304	-0.04140918786696583
-2.540675844806008	0.00556956561630173	-0.03668850455704986
-2.515644555694618	-0.0020809508998905907	-0.0327645705649212
-2.4906132665832286	-0.009048187779093435	-0.029471811827206647
-2.4655819774718406	-0.015419812761260615	-0.02668477302339889
-2.440550688360452	-0.021271116017136146	-0.02430720969179936
-2.4155193992490616	-0.026666583758380963	-0.02226442268925763
-2.3904881101376714	-0.031661442342726415	-0.020497801749559924
-2.365456821026282	-0.03630305705546279	-0.018960892326474386
-2.340425531914894	-0.0406321497126458	-0.017616525806962824
-2.3153942428035057	-0.044683836007578914	-0.016434701144598534
-2.2903629536921155	-0.04848849894304227	-0.015391003819030186
-2.2653316645807253	-0.052072519739842685	-0.01446541344565425
-2.2403003754693356	-0.055458887819650936	-0.013641395588652743
-2.2152690863579476	-0.05866770959616314	-0.012905203575320344
-2.190237797246559	-0.061716633234856544	-0.012245337025084088
-2.165206508135169	-0.06462120390173297	-0.011652118429678757
-2.140175219023779	-0.06739516159593263	-0.011117359453433912
-2.1151439299123904	-0.07005069154984558	-0.010634095998167795
-2.0901126408010025	-0.07259863539686762	-0.010196376393625561
-2.0650813516896127	-0.07504866982652532	-0.009799090942543566
-2.0400500625782225	-0.07740945823050124	-0.00943783388901654
-2.0150187734668323	-0.07968877984992345	-0.009108790981198522
-1.989987484355444	-0.08189364012575846	-0.008808647368577244
-1.9649561952440555	-0.08403036529674471	-0.00853451175443222
-1.939924906132667	-0.08610468375472194	-0.008283853618555478
-1.914893617021277	-0.08812179623206737	-0.008054451007924436
-1.8898623279098858	-0.09008643654116355	-0.00784434691746849
-1.8648310387984974	-0.09200292429594899	-0.007651812688606962
-1.839799749687109	-0.0938752108081922	-0.007475317168754202
-1.8147684605757206	-0.09570691915617513	-0.00731350062191592
-1.7897371714643304	-0.09750137926294251	-0.007165152574839754
-1.764705882352942	-0.09926165868870332	-0.007029192936959974
-1.7396745932415527	-0.100990589732178	-0.006904655854685805
-1.7146433041301625	-0.10269079334448358	-0.006790675858348209
-1.6896120150187741	-0.10436470028317407	-0.006686475938637348
-1.664580725907384	-0.10601456987057478	-0.006591357252711312
-1.6395494367959955	-0.10764250666735618	-0.006504690211490756
-1.6145181476846062	-0.10925047532760164	-0.006425906741427629
-1.589486858573217	-0.11084031386395642	-0.0063544935481691395
-1.5644555694618276	-0.1124137455196256	-0.00628998623753576
-1.5394242803504374	-0.11397238941702585	-0.0062319641722850695
-1.514392991239049	-0.11551777012999453	-0.00618004596218306
-1.4893617021276597	-0.11705132630695798	-0.0061338855007019915
-1.4643304130162704	-0.1185744184558084	-0.006093168474808653
-1.4392991239048811	-0.1200883359869923	-0.00605760928527998
-1.4142678347934918	-0.12159430359909004	-0.00602694832417262
-1.3892365456821025	-0.12309348708065679	-0.006000949563792383
-1.3642052565707132	-0.12458699859304201	-0.005979398418013261
-1.339173967459324	-0.12607590149108575	-0.005962099842291187
-1.3141426783479346	-0.12756121473182452	-0.005948876643374011
-1.2891113892365453	-0.12904391691547526	-0.005939567973665584
-1.264080100125157	-0.13052494999787012	-0.005934027988572253
-1.2390488110137667	-0.13200522270908344	-0.005932124648038895
-1.2140175219023774	-0.13348561370912493	-0.005933738645946802
-1.1889862327909881	-0.13496697450820255	-0.00593876245316211
-1.1639549436795988	-0.13645013217610474	-0.0059470994618446345
-1.1389236545682104	-0.1379358918626702	-0.005958663220198418
-1.1138923654568202	-0.1394250391490483	-0.005973376748204022
-1.0888610763454318	-0.14091834224746283	-0.005991171926050821
-1.0638297872340434	-0.1424165540654499	-0.006011988948011378
-1.0387984981226523	-0.14392041414899834	-0.006035775835392145
-1.013767209011264	-0.14543065051767629	-0.00606248800297397
-0.9887359198998737	-0.14694798140363657	-0.00609208787403857
-0.9637046307884853	-0.14847311690534562	-0.006124544539676535
-0.9386733416770969	-0.1500067605659662	-0.006159833458600733
-0.9136420525657085	-0.15154961088551075	-0.006197936194155554
-0.8886107634543183	-0.15310236277517794	-0.006238840185626447
-0.8635794743429273	-0.15466570896166149	-0.006282538551322402
-0.8385481852315388	-0.15624034134868164	-0.006329029921233322
-0.8135168961201504	-0.15782695234251898	-0.006378318297359615
-0.788485607008762	-0.15942623614792134	-0.0064304129400778115
-0.7634543178973718	-0.16103889004041314	-0.006485328279147955
-0.7384230287859816	-0.16266561562073484	-0.006543083848188957
-0.7133917396745932	-0.16430712005690132	-0.0066037042416510604
-0.6883604505632039	-0.1659641173191612	-0.006667219093502096
-0.6633291614518155	-0.1676373294129847	-0.006733663077019539
-0.6382978723404253	-0.169327487615088	-0.006803075925245395
-0.6132665832290352	-0.17103533371741836	-0.0068755024718178065
-0.5882352941176467	-0.17276162128398254	-0.0069509927120442044
-0.5632040050062583	-0.1745071169253873	-0.007029601884227024
-0.5381727158948699	-0.1762726015959853	-0.007111390571396851
-0.5131414267834788	-0.1780588719185765	-0.007196424823750472
-0.48811013767208866	-0.17986674154170657	-0.0072847763022344
-0.46307884856070025	-0.18169704253472796	-0.007376522443859828
-0.43804755944931184	-0.1835506268259478	-0.007471746649483538
-0.41301627033792343	-0.18542836768938276	-0.00757053849494351
-0.38798498122653324	-0.18733116128587224	-0.007672993966598785
-0.36295369211514483	-0.18925992826457344	-0.007779215722492483
-0.33792240300375376	-0.19121561543117377	-0.00788931338053678
-0.31289111389236535	-0.1931991974895085	-0.008003403835310419
-0.28785982478097694	-0.1952116788636823	-0.008121611605266253
-0.26282853566958675	-0.19725409560823579	-0.00824406921236895
-0.23779724655819834	-0.1993275174144154	-0.008370917596425793
-0.21276595744680904	-0.20143304972116782	-0.00850230656663782
-0.18773466833541974	-0.20357183594011125	-0.008638395293187905
-0.16270337922403044	-0.20574505980444163	-0.008779352842000824
-0.13767209011264026	-0.20795394785251137	-0.008925358756160802
-0.11264080100125184	-0.21019977205768398	-0.009076603687859739
-0.08760951188986255	-0.21248385261703415	-0.009233290085178793
-0.06257822277847325	-0.21480756091252257	-0.00939563293848286
-0.03754693366708395	-0.217172322659467	-0.00956386059173872
-0.01251564455569465	-0.21957962125843786	-0.00973821562465952
0.01251564455569465	-0.2220310013681689	-0.009918955812240296
0.03754693366708395	-0.22452807271869102	-0.010106355168989997
0.06257822277847325	-0.22707251418569815	-0.010300705085996564
0.08760951188986255	-0.2296660781491573	-0.010502315569895261
0.11264080100125184	-0.2323105951614019	-0.010711516593861204
0.13767209011264114	-0.23500797895243417	-0.010928659571931681
0.16270337922403044	-0.23776023180293127	-0.011154118969301564
0.18773466833541974	-0.24056945031854626	-0.011388294062748303
0.21276595744680726	-0.24343783164255256	-0.011631610867057473
0.23779724655819834	-0.24636768014775645	-0.011884524245266065
0.26282853566958764	-0.2493614146529361	-0.01214752022275262
0.28785982478097694	-0.25242157621394945	-0.012421118527724439
0.31289111389236623	-0.25555083654511235	-0.012705875383526025
0.33792240300375376	-0.2587520071326212	-0.013002386581480454
0.36295369211514483	-0.26202804910873545	-0.013311290866738948
0.38798498122653235	-0.2653820839632673	-0.013633273673931624
0.41301627033792343	-0.268817405177802	-0.013969071254378091
0.43804755944931273	-0.2723374908780859	-0.014319475242332583
0.46307884856070025	-0.27594601761142207	-0.014685337714340689
0.4881101376720913	-0.27964687536882704	-0.015067576803416393
0.5131414267834788	-0.2834441839864221	-0.015467182938597175
0.5381727158948699	-0.2873423110773239	-0.01588522579071462
0.5632040050062574	-0.2913458916644357	-0.01632286201718336
0.5882352941176467	-0.2954598497065106	-0.016781343912581095
0.6132665832290378	-0.29968942173496704	-0.017262029088128215
0.6382978723404253	-0.30404018284785783	-0.017766391322339366
0.6633291614518164	-0.3085180753406468	-0.01829603274764808
0.6883604505632039	-0.3131294402918039	-0.018852697564362114
0.7133917396745932	-0.3178810524656248	-0.019438287504704787
0.7384230287859808	-0.32278015894604445	-0.020054879306906807
0.7634543178973718	-0.3278345219749432	-0.02070474450355811
0.7884856070087629	-0.3330524665378951	-0.021390371881177973
0.8135168961201504	-0.3384429333214023	-0.022114493031062082
0.8385481852315397	-0.3440155377604638	-0.022880111487176245
0.8635794743429273	-0.3497806360065009	-0.023690536038019374
0.8886107634543183	-0.355749398776376	-0.024549418909501772
0.9136420525657059	-0.3619338941972473	-0.02546079964939059
0.9386733416770969	-0.3683471809440717	-0.02642915570634606
0.9637046307884862	-0.3750034131822383	-0.027459460895029767
0.9887359198998737	-0.38191795908418497	-0.028557253182177642
1.0137672090112648	-0.3891075349942775	-0.02972871352828593
1.0387984981226523	-0.39659035768129314	-0.030980757890316957
1.0638297872340434	-0.40438631755542187	-0.03232114495146256
1.088861076345431	-0.4125171762526337	-0.03375860271895033
1.1138923654568202	-0.42100679262347235	-0.035302977852042075
1.1389236545682113	-0.429881381930085	-0.036965412491482
1.1639549436795988	-0.4391698139852688	-0.03875855451380456
1.18898623279099	-0.4489039570982007	-0.040696808602118176
1.2140175219023774	-0.4591190760705607	-0.04279663740675823
1.2390488110137667	-0.46985429417275415	-0.045076924495633545
1.264080100125156	-0.48115313109563074	-0.047559413942521014
1.2891113892365453	-0.4930641314090855	-0.05026924551391078
1.3141426783479364	-0.5056416011761669	-0.05323560982349651
1.339173967459324	-0.518946474205392	-0.05649255498821676
1.3642052565707132	-0.5330473341371766	-0.060079985883372364
1.3892365456821025	-0.5480216243417927	-0.06404490996164683
1.4142678347934918	-0.5639570846667687	-0.06844300105783609
1.4392991239048811	-0.5809534626247477	-0.07334057649229059
1.4643304130162704	-0.5991245568333609	-0.07881711578318404
1.4893617021276597	-0.6186006624519615	-0.0849684952891314
1.514392991239049	-0.6395315017397255	-0.09191117790614144
1.5394242803504383	-0.6620897367483386	-0.099787689164648
1.5644555694618276	-0.6864751732528116	-0.10877384373780129
1.589486858573217	-0.7129197702830935	-0.11908837934901131
1.6145181476846044	-0.7416935576560747	-0.13100593896910667
1.6395494367959955	-0.7731115138264623	-0.1448747646317453
1.6645807259073848	-0.8075413266191629	-0.16114110177243873
1.6896120150187741	-0.8454116674793091	-0.1803832791360596
1.7146433041301634	-0.8872199913009389	-0.20335991063816333
1.739674593241551	-0.9335375979487349	-0.23107894917522762
1.764705882352942	-0.9850070858447996	-0.2648978405453641
1.7897371714643295	-1.0423220086358664	-0.3066703792928212
1.8147684605757206	-1.1061676338890822	-0.3589637198934814
1.83979974968711	-1.1770791715700528	-0.4253794429942047
1.8648310387984974	-1.2551271507603081	-0.5110227237153244
1.8898623279098885	-1.3392435638091285	-0.6231593762828304
1.914893617021276	-1.4258114941767814	-0.7720304938817115
1.939924906132667	-1.5058003753722566	-0.9714944991432254
1.9649561952440546	-1.5593157365633308	-1.2381783625503886
1.989987484355444	-1.5468694360977773	-1.5851886641873942
2.015018773466835	-1.4019523580007625	-2.0019472430094893
2.0400500625782225	-1.0474384323181656	-2.41485183429139
2.065081351689613	-0.47274413802996307	-2.667335011069297
2.090112640801001	0.178365089002454	-2.6175542545462966
2.1151439299123904	0.6918234509560718	-2.296739166927474
2.1401752190237784	0.9740586962438245	-1.8703526261917522
2.165206508135169	1.0683258068514432	-1.4723390126040434
2.1902377972465596	1.0533462048059095	-1.15199549993426
2.2152690863579476	0.9871236422346726	-0.9091201755369508
2.240300375469337	0.9019765525844272	-0.728216763526489
2.265331664580725	0.8136256780038102	-0.5932262175424856
2.2903629536921155	0.7289740437577548	-0.49144287820679694
2.315394242803503	0.6506187293337737	-0.4136449077081702
2.340425531914894	0.579159318829171	-0.35332522748416556
2.3654568210262834	0.5143214701960951	-0.3059122513518092
2.3904881101376714	0.4554899660221824	-0.2681736857027205
2.415519399249062	0.4019553706387832	-0.23779853160890135
2.4405506883604495	0.35302321398600717	-0.21311277247508942
2.4655819774718406	0.3080577255348724	-0.19288735688025596
2.490613266583228	0.2664949190030061	-0.1762080395943909
2.515644555694618	0.22784185791197337	-0.1623863699789066
2.5406758448060085	0.19167021133209938	-0.15089813204384248
2.565707133917396	0.15760794981832882	-0.14134025044045806
2.590738423028787	0.12533094344460893	-0.13340025470011432
2.6157697121401746	0.09455520284735858	-0.12683439008394398
2.6408010012515644	0.06503001172892464	-0.12145176019351445
2.665832290362953	0.03653196948087395	-0.11710273484034883
2.6908635794743425	0.00885986282184592	-0.11367041712908696
2.7158948685857336	-0.01816975107400859	-0.11106433830691279
2.740926157697121	-0.04472637418550435	-0.1092158026129494
2.765957446808511	-0.07096892812006839	-0.10807447873494613
2.7909887359198997	-0.09704875310179778	-0.10760595647848553
2.816020025031289	-0.12311234233439333	-0.10779007454716079
2.841051314142678	-0.14930389943184041	-0.10861988973218484
2.8660826032540676	-0.17576779989525187	-0.11010120742691595
2.8911138923654573	-0.20265103369992293	-0.11225263402256375
2.916145181476846	-0.23010570508699224	-0.1151061478476264
2.9411764705882355	-0.25829166771944373	-0.11870822063516284
2.9662077596996244	-0.2873793785617876	-0.12312155963566519
2.991239048811014	-0.3175530622896489	-0.12842758538868465
3.0162703379224016	-0.3490142898039564	-0.13472981669045048
3.0413016270337927	-0.38198608941471174	-0.14215840895998094
3.066332916145182	-0.41671772691513487	-0.1508761942025883
3.091364205256571	-0.4534903095210472	-0.16108671351017043
3.1163954943679606	-0.49262338484452217	-0.173044936543876
3.141426783479348	-0.5344827118711918	-0.18707165709910206
3.166458072590739	-0.57948936025398	-0.20357298636294907
3.1914893617021267	-0.6281302149118836	-0.22306700840992633
3.2165206508135173	-0.6809697609410409	-0.24622062951498933
3.241551939924907	-0.7386625722071367	-0.2739011228756159
3.2665832290362946	-0.8019649724456593	-0.3072491244936849
3.2916145181476857	-0.8717423708229632	-0.3477833110019043
3.316645807259073	-0.9489647584108538	-0.39755234228334135
3.341677096370464	-1.0346746541137541	-0.45935778769976104
3.366708385481852	-1.129894966987648	-0.5370836549854914
3.391739674593241	-1.2354094997181153	-0.6361838593986772
3.416770963704632	-1.3512768261845727	-0.7643938039016536
3.4418022528160197	-1.4757902760749242	-0.9327237626358941
3.4668335419274103	-1.603303437729039	-1.1566790025321714
3.4918648310387983	-1.7198216833948463	-1.457177247262552
3.5168961201501876	-1.7946535403120818	-1.8590852115960148
3.5419274092615756	-1.7672125474922764	-2.381221282195609
3.566958698372966	-1.5365286737306894	-3.0049767793753337
3.591989987484357	-0.9887468823787648	-3.6148314097615555
3.617021276595745	-0.11654132998142255	-3.9732853922624707
3.642052565707134	0.8554691510130116	-3.876189840095184
3.667083854818522	1.6106834549343103	-3.3834525875331662
3.6921151439299127	2.020750159377822	-2.744707345486769
3.7171464330413	2.1558978061839174	-2.15413771101809
3.7421777221526913	2.133190625053548	-1.6804967519154135
3.7672090112640806	2.0372774022494338	-1.321580422232259
3.7922403003754686	1.9149478217628952	-1.0539284967327025
3.817271589486859	1.7888596296594637	-0.8537470959319816
3.8423028785982467	1.6689190364300606	-0.70232577193468
3.867334167709638	1.5588226778036343	-0.5861115452203584
3.8923654568210253	1.4593937902339256	-0.4955445952395082
3.917396745932415	1.3702036897105703	-0.42390554183547335
3.9424280350438057	1.2903403440187515	-0.36643900198751683
3.967459324155193	1.2187635899066018	-0.31974043602020885
3.9924906132665843	1.1544620102780274	-0.2813393457078681
4.017521902377972	1.0965154416637821	-0.24941773836962036
4.042553191489361	1.0441133534909475	-0.2226191798432625
4.06758448060075	0.9965533979382766	-0.19991809613858746
4.09261576971214	0.9532318364108125	-0.18052927259052864
4.117647058823531	0.9136313969927505	-0.16384439413078108
4.142678347934918	0.8773091017907853	-0.14938697273202123
4.167709637046308	0.8438851297273233	-0.1367799271089353
4.192740926157697	0.8130330711161515	-0.12572197598387438
4.217772215269086	0.7844716010226866	-0.11597024642486642
4.2428035043804755	0.7579574572390494	-0.10732731751673258
4.267834793491865	0.7332795593182383	-0.09963146593335787
4.292866082603254	0.7102540989564051	-0.09274924861224668
4.317897371714643	0.6887204447374384	-0.08656980931989165
4.342928660826033	0.6685377238377349	-0.08100046954603922
4.367959949937422	0.6495819639961425	-0.07596328534616975
4.392991239048811	0.6317436983378497	-0.07139233722319299
4.418022528160199	0.6149259525460291	-0.06723158104561289
4.44305381727159	0.5990425482137939	-0.06343313182948342
4.468085106382979	0.5840166681400926	-0.05995588405114806
4.4931163954943685	0.5697796391486075	-0.056764395495989994
4.518147684605758	0.556269896030806	-0.0538279789025968
4.543178973717145	0.5434320967473509	-0.05111995852269944
4.568210262828536	0.531216364334767	-0.04861705837874706
4.593241551939924	0.5195776352840373	-0.0462988963132127
4.618272841051315	0.5084750976732851	-0.044147563497396555
4.643304130162704	0.497871705202218	-0.04214727334492992
4.668335419274092	0.4877337556162612	-0.04028406707913557
4.693366708385483	0.4780305239243551	-0.03854556577133316
4.71839799749687	0.46873394238701704	-0.0369207606748706
4.7434292866082615	0.4598183205456452	-0.03539983525827967
4.768460575719649	0.45126009963253455	-0.03397401358896422
4.793491864831038	0.4430376365854752	-0.03263543071058184
4.818523153942429	0.4351310136252266	-0.03137702144937521
4.843554443053817	0.4275218699656054	-0.030192424720335367
4.868585732165208	0.42019325273663705	-0.029075900916522148
4.8936170212765955	0.41312948462898114	-0.028022260379816095
4.918648310387985	0.4063160461270797	-0.02702680128879907
4.943679599499372	0.399739470501174	-0.02608525557498803
4.968710888610763	0.3933872499839125	-0.02519374170448827
4.9937421777221545	0.3872477517738205	-0.02434872334797778
5.018773466833542	0.38131014269171803	-0.023546973115402783
5.043804755944931	0.37556432147273694	-0.022785540658960025
5.068836045056319	0.3700008578101914	-0.022061724553710627
5.09386733416771	0.3646109373818684	-0.021373047453411134
5.118898623279097	0.35938631218739636	-0.020717234093006576
5.1439299123904885	0.3543192556096262	-0.020092191771227806
5.168961201501878	0.3494025216856518	-0.019495992998946235
5.193992490613265	0.34462930813580467	-0.018926860043016427
5.219023779724656	0.33999322275329974	-0.0183831511326688
5.244055068836044	0.3354882528043076	-0.017863348127204776
5.269086357947435	0.331108737129164	-0.017366045470722864
5.2941176470588225	0.32684934067111854	-0.016889940282629707
5.319148936170212	0.32270503119011096	-0.016433823452380692
5.344180225281603	0.31867105794630923	-0.0159965716237871
5.36921151439299	0.31474293216195387	-0.015577139968739061
5.3942428035043815	0.31091640909098167	-0.015174555662698312
5.419274092615769	0.3071874715443026	-0.014787911985109465
5.444305381727158	0.3035523147347744	-0.014416362977214095
5.469336670838548	0.30000733232023824	-0.014059118597849564
5.494367959949937	0.2965491035355771	-0.013715440324843096
5.519399249061328	0.29317438131595	-0.013384637155732517
5.5444305381727155	0.28988008132325294	-0.01306606196688002
5.569461827284105	0.2866632717966506	-0.012759108194705772
5.594493116395494	0.28352116415585105	-0.012463206806848218
5.619524405506883	0.2804511042927445	-0.012177823534631975
5.644555694618273	0.2774505644932492	-0.01190245634136536
5.669586983729662	0.27451713593674404	-0.011636633103750793
5.694618272841051	0.27164852172542914	-0.011379909486124653
5.719649561952441	0.2688425304003931	-0.011131866989390306
5.74468085106383	0.26609706990514737	-0.010892111158405415
5.769712140175219	0.2634101419609603	-0.010660269933264205
5.7947434292866085	0.2607798368215355	-0.010435992131404042
5.819774718397996	0.2582043283774699	-0.010218946048787036
5.844806007509387	0.2556818695835294	-0.01000881816958208
5.869837296620776	0.2532107881841348	-0.009805311974818565
5.894868585732166	0.2507894827145616	-0.009608146841414256
5.919899874843555	0.2484164187572895	-0.009417057023812517
5.9449311639549425	0.24609012543466124	-0.009231790711206583
5.9699624530663336	0.24380919212059077	-0.009052109153993846
5.994993742177721	0.2415722653554886	-0.00887778585369923
6.020025031289112	0.23937804594985784	-0.008708605811140191
6.0450563204005014	0.23722528626320977	-0.008544364828086995
6.07008760951189	0.23511278764599886	-0.008384868858101819
6.09511889862328	0.23303939803327012	-0.008229933402629706
6.120150187734667	0.23100400967959228	-0.008079382948763453
6.145181476846059	0.22900555702566028	-0.00793305044542002
6.170212765957445	0.2270430146877033	-0.007790776814951642
6.195244055068836	0.2251153955614926	-0.007652410497470892
6.2202753441802265	0.22322174903338743	-0.007517807025403736
6.245306633291613	0.2213611592914017	-0.007386828625993814
6.270337922403005	0.2195327437298093	-0.0072593438496735985
6.295369211514392	0.21773565144128143	-0.007135227222391529
6.320400500625783	0.2159690617909751	-0.007014358920140929
6.3454317897371695	0.21423218306741615	-0.006896624464081402
6.37046307884856	0.21252425120536445	-0.006781914434772083
6.395494367959952	0.21084452857621372	-0.006670124204156393
6.420525657071338	0.20919230284177326	-0.006561153684045129
6.445556946182729	0.20756688586757613	-0.006454907089943923
6.470588235294116	0.20596761269212915	-0.0063512927191615816
6.495619524405506	0.20439384054875107	-0.006250222742217361
6.520650813516895	0.2028449479368915	-0.00615161300664169
6.545682102628285	0.20132033374001532	-0.0060553828523328135
6.570713391739676	0.19981941638734457	-0.00596145493769583
6.5957446808510625	0.19834163305692182	-0.005869755075848027
6.620775969962453	0.19688643891762664	-0.00578021208022766
6.645807259073841	0.19545330640793634	-0.005692757618992479
6.670838548185231	0.19404172454935442	-0.005607326077638423
6.695869837296622	0.192651198292575	-0.005523854429310882
6.720901126408009	0.19128124789456458	-0.005442282112318329
6.745932415519399	0.18993140832486166	-0.005362550914393156
6.770963704630788	0.18860122869950335	-0.005284604863277033
6.795994993742178	0.18729027174107865	-0.005208390123237183
6.821026282853566	0.1859981132635105	-0.005133854897147904
6.8460575719649555	0.18472434168024557	-0.005060949333796538
6.871088861076346	0.1834685575346165	-0.004989625440096654
6.896120150187734	0.18223037305121276	-0.004919836997912649
6.921151439299124	0.18100941170716578	-0.0048515394852199495
6.946182728410513	0.17980530782232132	-0.004784690001343555
6.971214017521902	0.1786177061673285	-0.0047192471960345785
6.996245306633291	0.1774462615887355	-0.0046551712021605
7.0212765957446805	0.17629063865023165	-0.0045924235717993344
7.046307884856071	0.17515051128922676	-0.004530967215541704
7.071339173967459	0.17402556248800463	-0.0044707663448173484
7.0963704630788484	0.17291548395872922	-0.00441178641707439
7.121401752190238	0.1718199758416258	-0.00435399408365062
7.146433041301627	0.17073874641569378	-0.004297357140186148
7.171464330413016	0.1696715118213458	-0.004241844479436246
7.196495619524406	0.1686179957944004	-0.004187426046352012
7.221526908635795	0.16757792941088684	-0.004134072795304616
7.246558197747184	0.16655105084214988	-0.004081756649336564
7.2715894868585735	0.16553710511977052	-0.004030450461330469
7.296620775969963	0.16453584390984416	-0.003980127976992503
7.321652065081352	0.16354702529618187	-0.003930763799553834
7.3466833541927405	0.16257041357202445	-0.0038823333560991584
7.371714643304131	0.16160577903987847	-0.0038348128654368
7.39674593241552	0.1606528978191071	-0.0037881793074299517
7.421777221526909	0.15971155166092338	-0.0037424103937132146
7.446808510638299	0.1587815277704557	-0.0036974845397231572
7.471839799749687	0.15786261863556939	-0.0036533808379756033
7.496871088861077	0.15695462186214562	-0.0036100790325262807
7.521902377972466	0.15605734001553442	-0.003567559494555092
7.546933667083856	0.15517058046790994	-0.00352580319901755
7.571964956195245	0.15429415525127474	-0.0034847917023102756
7.5969962453066335	0.1534278809158663	-0.003444507120900209
7.622027534418024	0.15257157839373653	-0.003404932110870172
7.647058823529412	0.15172507286728304	-0.003366049848335944
7.672090112640802	0.1508881936425219	-0.0033278440106924217
7.697121401752189	0.1500607740269042	-0.0032902987586489354
7.72215269086358	0.1492426512114839	-0.003253398719015664
7.74718397997497	0.14843366615725928	-0.0032171289682055085
7.772215269086359	0.14763366348551302	-0.0031814750164173193
7.797246558197749	0.14684249137198715	-0.0031464227924684375
7.8222778473091354	0.14606000144473896	-0.0031119586292461783
7.8473091364205265	0.14528604868552406	-0.003078069249749294
7.872340425531913	0.14452049133456962	-0.003044741753692286
7.897371714643305	0.14376319079859692	-0.0030119636046464756
7.922403003754695	0.1430140115619679	-0.0029797226176934413
7.947434292866082	0.14227282110082928	-0.002948006947567418
7.972465581977473	0.14153948980013667	-0.0029168050772645665
7.99749687108886	0.14081389087344826	-0.0028861058070982094
8.022528160200253	0.140095900285376	-0.0028558982441799514
8.047559449311638	0.1393853966765964	-0.0028261717923079356
8.072590738423028	0.1386822612913171	-0.002796916142244062
8.09762202753442	0.13798637790711074	-0.0027681212623632606
8.122653316645806	0.13729763276702195	-0.002739777389658448
8.147684605757199	0.13661591451386243	-0.0027118750210857103
8.172715894868585	0.13594111412661436	-0.0026844049052351473
8.197747183979974	0.13527312485885834	-0.0026573580343131906
8.222778473091363	0.13461184217915584	-0.002630725636423285
8.247809762202753	0.13395716371331	-0.0026044991681321073
8.272841051314145	0.13330898918843717	-0.002578670307309342
8.297872340425531	0.13266722037878348	-0.0025532309462295024
8.32290362953692	0.13203176105322065	-0.0025281731849247837
8.34793491864831	0.1314025169243636	-0.002503489324778629
8.3729662077597	0.13077939559924834	-0.0024791718623499394
8.397997496871088	0.13016230653151573	-0.0024552134834185035
8.423028785982478	0.12955116097504768	-0.002431607057242577
8.448060075093867	0.12894587193900317	-0.002408345631019985
8.473091364205256	0.12834635414420592	-0.002385422424544498
8.498122653316646	0.1277525239808356	-0.002362830825049622
8.523153942428035	0.12716429946737684	-0.0023405643822322943
8.548185231539424	0.12658160021078357	-0.0023186168034493066
8.573216520650814	0.1260043473678151	-0.0022969819490796196
8.598247809762203	0.12543246360750504	-0.0022756538280460058
8.623279098873592	0.1248658730747233	-0.002254626593489778
8.648310387984981	0.1243045013547949	-0.0022338945385926238
8.67334167709637	0.12374827543913897	-0.0022134520925398216
8.69837296620776	0.12319712369189408	-0.0021932938166193826
8.72340425531915	0.1226509758174968	-0.0021734144004518776
8.748435544430539	0.12210976282918151	-0.002153808658345955
8.773466833541928	0.12157341701837102	-0.002134471525774754
8.798498122653317	0.12104187192492859	-0.0021153980559686356
8.823529411764707	0.12051506230824288	-0.0020965834166198436
8.848560700876096	0.11999292411911898	-0.002078022886694884
8.873591989987485	0.11947539447244862	-0.0020597118533506134
8.898623279098874	0.11896241162063514	-0.0020416458089501694
8.92365456821026	0.11845391492774823	-0.0020238203481750534
8.948685857321653	0.11794984484438502	-0.002006231165229812
8.973717146433042	0.1174501428832161	-0.001988874051135967
8.998748435544432	0.11695475159519268	-0.00197174489111186
9.023779724655821	0.11646361454639581	-0.001954839662035376
9.048811013767207	0.11597667629550668	-0.001938154429986494
9.0738423028786	0.11549388237187817	-0.0019216853478668087
9.098873591989985	0.1150151792541903	-0.001905428653093303
9.123904881101378	0.11454051434966889	-0.001889380665363634
9.148936170212767	0.11406983597385356	-0.0018735377844905237
9.173967459324153	0.11360309333089447	-0.0018578964883026886
9.198998748435546	0.11314023649436412	-0.0018424533306100471
9.224030037546932	0.11268121638856834	-0.0018272049392309556
9.249061326658325	0.1122259847703391	-0.0018121480140792373
9.27409261576971	0.11177449421129822	-0.0017972793253090494
9.2991239048811	0.11132669808057372	-0.0017825957115154597
9.324155193992492	0.11088255052795894	-0.001768094077988937
9.349186483103878	0.11044200646749924	-0.0017537713950218372
9.374217772215271	0.1100050215614928	-0.001739624696265111
9.399249061326657	0.1095715522048965	-0.0017256510771336063
9.424280350438046	0.10914155551012081	-0.0017118476932582072
9.449311639549435	0.10871498929220591	-0.0016982117589833521
9.474342928660825	0.1082918120543657	-0.0016847405459083252
9.499374217772218	0.10787198297388967	-0.001671431381470902
9.524405506883603	0.10745546188839285	-0.0016582816475719507
9.549436795994993	0.10704220928240227	-0.001645288779239585
9.574468085106382	0.10663218627427251	-0.0016324502633316466
9.599499374217771	0.10622535460341888	-0.0016197636372751853
9.62453066332916	0.1058216766178603	-0.0016072264878417748
9.64956195244055	0.1054211152620628	-0.0015948364499574815
9.67459324155194	0.10502363406507535	-0.001582591205546373
9.699624530663328	0.10462919712894952	-0.0015704884824064807
9.724655819774718	0.10423776911743525	-0.0015585260531171762
9.749687108886107	0.10384931524494485	-0.0015467017339769592
9.774718397997496	0.10346380126577825	-0.0015350133839706866
9.799749687108886	0.10308119346360158	-0.0015234589037653131
9.824780976220275	0.10270145864117264	-0.0015120362347332376
9.849812265331664	0.10232456411030633	-0.0015007433580023948
9.874843554443054	0.1019504776820736	-0.0014895782935322485
9.899874843554443	0.10157916765722723	-0.0014785390992148816
9.924906132665832	0.10121060281684877	-0.001467623870000404
9.949937421777221	0.10084475241321034	-0.0014568307370459235
9.97496871088861	0.10048158616084554	-0.0014461578668873564
10.0	0.10012107422782435	-0.0014356034606333747
