-10.0	-0.05856678088314839	-0.0004995102203265215
-9.97496871088861	-0.058692076741134386	-0.0005017849121589626
-9.949937421777221	-0.05881794384853119	-0.000504076461526374
-9.924906132665832	-0.05894438644422545	-0.0005063850509294562
-9.899874843554443	-0.05907140881305475	-0.000508710865564129
-9.874843554443054	-0.059199015286487064	-0.0005110540933728534
-9.849812265331664	-0.059327210243313215	-0.000513414925097159
-9.824780976220275	-0.0594559981103525	-0.0005157935543314037
-9.799749687108886	-0.059585383363171984	-0.0005181901775778044
-9.774718397997496	-0.05971537052681962	-0.0005206049943027714
-9.749687108886107	-0.059845964176571544	-0.0005230382069945839
-9.724655819774718	-0.059977168938694106	-0.0005254900212224452
-9.699624530663328	-0.06010898949122055	-0.0005279606456969561
-9.67459324155194	-0.06024143056474322	-0.0005304502923320462
-9.64956195244055	-0.060374496943221195	-0.0005329591763084048
-9.62453066332916	-0.06050819346480401	-0.0005354875161384558
-9.599499374217771	-0.06064252502267184	-0.0005380355337329192
-9.574468085106382	-0.06077749656589239	-0.0005406034544690056
-9.549436795994993	-0.060913113100295055	-0.0005431915072602921
-9.524405506883603	-0.061049379689362665	-0.0005457999246283261
-9.499374217772216	-0.06118630145514142	-0.0005484289427760108
-9.474342928660825	-0.06132388357916925	-0.0005510788016628227
-9.449311639549435	-0.06146213130342311	-0.0005537497450819133
-9.424280350438046	-0.06160104993128593	-0.0005564420207391569
-9.399249061326657	-0.061740644828533406	-0.0005591558803341942
-9.37421777221527	-0.06188092142434116	-0.0005618915796435397
-9.349186483103878	-0.06202188521231317	-0.0005646493786058082
-9.32415519399249	-0.0621635417515313	-0.0005674295414091259
-9.2991239048811	-0.06230589666762737	-0.0005702323365807971
-9.274092615769712	-0.0624489556538774	-0.0005730580370792856
-9.249061326658325	-0.06259272447231955	-0.0005759069203885934
-9.224030037546934	-0.06273720895489548	-0.0005787792686150974
-9.198998748435546	-0.06288241500461639	-0.0005816753685869295
-9.173967459324155	-0.06302834859675409	-0.0005845955119559758
-9.148936170212767	-0.06317501578005788	-0.000587539995302575
-9.123904881101378	-0.06332242267799779	-0.0005905091202430001
-9.098873591989987	-0.06347057549003503	-0.0005935031935398141
-9.0738423028786	-0.06361948049292021	-0.0005965225272151846
-9.048811013767208	-0.06376914404202036	-0.0005995674386672584
-9.023779724655821	-0.06391957257267515	-0.0006026382507896839
-8.998748435544432	-0.06407077260158339	-0.0006057352920943912
-8.973717146433042	-0.06422275072822056	-0.0006088588968377271
-8.948685857321653	-0.0643755136362881	-0.0006120094051500575
-8.923654568210262	-0.0645290680951956	-0.0006151871631689476
-8.898623279098874	-0.06468342096157635	-0.000618392523176034
-8.873591989987485	-0.06483857918083788	-0.0006216258437377165
-8.848560700876096	-0.06499454978874758	-0.0006248874898497846
-8.823529411764707	-0.0651513399130552	-0.0006281778330861167
-8.798498122653317	-0.06530895677515272	-0.0006314972517515835
-8.773466833541928	-0.06546740769177291	-0.0006348461310392948
-8.748435544430539	-0.06562670007672763	-0.0006382248631923364
-8.72340425531915	-0.06578684144268696	-0.0006416338476701467
-8.69837296620776	-0.06594783940300034	-0.0006450734913196904
-8.67334167709637	-0.06610970167356095	-0.0006485442085515905
-8.648310387984981	-0.06627243607471478	-0.0006520464215213895
-8.623279098873592	-0.06643605053321508	-0.000655580560316112
-8.598247809762203	-0.06660055308422438	-0.0006591470631463149
-8.573216520650814	-0.06676595187336477	-0.0006627463765438113
-8.548185231539424	-0.06693225515881825	-0.0006663789555652667
-8.523153942428035	-0.0670994713134784	-0.0006700452640018724
-8.498122653316646	-0.06726760882715517	-0.0006737457745953071
-8.473091364205256	-0.06743667630883421	-0.0006774809692602104
-8.448060075093867	-0.06760668248899226	-0.0006812513393133982
-8.423028785982478	-0.06777763622197068	-0.0006850573857100574
-8.397997496871088	-0.06794954648840851	-0.0006888996192871711
-8.3729662077597	-0.06812242239773714	-0.0006927785610144363
-8.34793491864831	-0.06829627319073822	-0.0006966947422529365
-8.32290362953692	-0.06847110824216715	-0.0007006487050218618
-8.297872340425531	-0.06864693706344391	-0.0007046410022735574
-8.272841051314144	-0.06882376930541317	-0.0007086721981772169
-8.247809762202753	-0.06900161476117658	-0.0007127428684115297
-8.222778473091363	-0.0691804833689984	-0.0007168536004666168
-8.197747183979974	-0.06936038521528794	-0.0007210049939556048
-8.172715894868585	-0.06954133053766057	-0.0007251976609361891
-8.147684605757197	-0.0697233297280799	-0.0007294322262425699
-8.122653316645806	-0.06990639333608409	-0.0007337093278281486
-8.097622027534417	-0.07009053207209838	-0.0007380296171193889
-8.072590738423028	-0.07027575681083756	-0.000742393759381281
-8.047559449311638	-0.0704620785948004	-0.0007468024340948384
-8.02252816020025	-0.07064950863785972	-0.0007512563353471011
-7.9974968710888605	-0.07083805832895099	-0.0007557561722341272
-7.972465581977473	-0.07102773923586264	-0.0007603026692774744
-7.947434292866082	-0.07121856310913197	-0.0007648965668547089
-7.922403003754694	-0.07141054188604948	-0.0007695386216444817
-7.897371714643305	-0.07160368769477612	-0.0007742296070867604
-7.872340425531914	-0.07179801285857651	-0.0007789703138588097
-7.8473091364205265	-0.07199352990017269	-0.0007837615503675547
-7.8222778473091354	-0.0721902515462223	-0.0007886041432589889
-7.797246558197748	-0.07238819073192554	-0.0007934989379453051
-7.772215269086359	-0.07258736060576534	-0.0007984467991504853
-7.7471839799749675	-0.0727877745343855	-0.0008034486114750865
-7.72215269086358	-0.07298944610761154	-0.000808505279981023
-7.697121401752189	-0.07319238914361959	-0.0008136177307971708
-7.672090112640801	-0.07339661769425804	-0.0008187869117466488
-7.647058823529412	-0.0736021460505282	-0.0008240137929966952
-7.622027534418023	-0.0738089887482288	-0.00082929936773208
-7.596996245306634	-0.0740171605737712	-0.0008346446528530486
-7.571964956195245	-0.07422667657017068	-0.0008400506896988418
-7.546933667083856	-0.074437552043221	-0.0008455185447978813
-7.5219023779724665	-0.07464980256785816	-0.0008510493106457678
-7.496871088861077	-0.0748634439947215	-0.0008566441065122926
-7.471839799749688	-0.07507849245691825	-0.0008623040792787237
-7.446808510638299	-0.0752949643770001	-0.0008680304043066899
-7.421777221526909	-0.07551287647415943	-0.0008738242863400501
-7.39674593241552	-0.0757322457716535	-0.000879686960441209
-7.371714643304131	-0.07595308960446537	-0.0008856196929634061
-7.346683354192741	-0.07617542562721084	-0.0008916237825605938
-7.321652065081352	-0.0763992718223005	-0.0008977005612365892
-7.296620775969963	-0.07662464650836719	-0.0009038513954352815
-7.2715894868585735	-0.07685156834896915	-0.0009100776871737637
-7.246558197747184	-0.07708005636157964	-0.000916380875220351
-7.221526908635795	-0.07731012992687433	-0.0009227624363195611
-7.196495619524406	-0.07754180879832881	-0.000929223886466227
-7.171464330413016	-0.07777511311213767	-0.0009357667822310371
-7.146433041301627	-0.07801006339746944	-0.0009423927221399161
-7.121401752190238	-0.0782466805870697	-0.0009491033481097868
-7.0963704630788484	-0.07848498602822766	-0.0009559003469433941
-7.071339173967459	-0.07872500149412065	-0.0009627854518860115
-7.04630788485607	-0.07896674919555201	-0.0009697604442470099
-7.0212765957446805	-0.07921025179309935	-0.0009768271550894252
-6.996245306633291	-0.0794555324096898	-0.00098398746699084
-6.971214017521902	-0.07970261464362055	-0.0009912433158790724
-6.946182728410513	-0.07995152258204377	-0.0009985966929463633
-6.921151439299123	-0.08020228081493519	-0.0010060496466459622
-6.896120150187734	-0.0804549144495679	-0.001013604284775226
-6.871088861076345	-0.08070944912551266	-0.0010212627766495782
-6.8460575719649555	-0.08096591103018791	-0.0010290273553719422
-6.821026282853566	-0.08122432691498374	-0.0010369003202024955
-6.795994993742177	-0.08148472411198499	-0.0010448840390339044
-6.770963704630788	-0.08174713055132009	-0.0010529809509774802
-6.745932415519399	-0.08201157477916404	-0.0010611935690660217
-6.720901126408009	-0.0822780859764246	-0.0010695244830794567
-6.69586983729662	-0.0825466939781429	-0.0010779763624997392
-6.670838548185231	-0.0828174292936413	-0.0010865519596018757
-6.645807259073841	-0.08309032312745268	-0.0010952541126883382
-6.620775969962453	-0.08336540740106729	-0.001104085749474574
-6.595744680851063	-0.08364271477553592	-0.0011130498906338094
-6.570713391739676	-0.08392227867496883	-0.001122149653509809
-6.545682102628285	-0.08420413331097365	-0.0011313882560068389
-6.520650813516897	-0.08448831370807633	-0.0011407690206666071
-6.495619524405506	-0.0847748557301731	-0.001150295378942623
-6.470588235294117	-0.08506379610806251	-0.0011599708756830165
-6.445556946182729	-0.08535517246811111	-0.001169799173833626
-6.420525657071338	-0.08564902336210758	-0.0011797840593738677
-6.395494367959951	-0.08594538829836454	-0.0011899294464987318
-6.37046307884856	-0.08624430777413031	-0.0012002393830611384
-6.34543178973717	-0.08654582330937591	-0.0012107180562897603
-6.320400500625783	-0.08684997748202747	-0.0012213697987984984
-6.295369211514392	-0.08715681396471713	-0.0012321990949048008
-6.270337922403004	-0.08746637756313064	-0.0012432105872752016
-6.245306633291613	-0.08777871425603465	-0.0012544090839177184
-6.2202753441802265	-0.08809387123707017	-0.0012657995655420183
-6.195244055068836	-0.0884118969584067	-0.0012773871933097869
-6.170212765957448	-0.08873284117635359	-0.0012891773169991859
-6.145181476846059	-0.08905675499903482	-0.0013011754836090446
-6.120150187734667	-0.08938369093623699	-0.0013133874464301561
-6.09511889862328	-0.0897137029515491	-0.00132581917461302
-6.070087609511891	-0.09004684651691897	-0.0013384768632634845
-6.0450563204005014	-0.09038317866975942	-0.0013513669440999366
-6.020025031289112	-0.09072275807274635	-0.0013644960967082102
-5.994993742177721	-0.09106564507645863	-0.0013778712604329594
-5.9699624530663336	-0.0914119017850211	-0.0013914996469471309
-5.9449311639549425	-0.09176159212492119	-0.0014053887535442598
-5.919899874843555	-0.09211478191718114	-0.0014195463772016348
-5.894868585732166	-0.09247153895308095	-0.0014339806294660618
-5.869837296620776	-0.09283193307363818	-0.001448699952217824
-5.844806007509387	-0.09319603625306683	-0.0014637131343727694
-5.819774718397998	-0.09356392268645118	-0.001479029329587069
-5.7947434292866085	-0.09393566888188706	-0.0014946580750342235
-5.769712140175219	-0.09431135375736079	-0.0015106093113294128
-5.74468085106383	-0.09469105874265428	-0.0015268934036822214
-5.719649561952441	-0.09507486788658595	-0.0015435211643652959
-5.694618272841051	-0.09546286796991811	-0.0015605038765935662
-5.669586983729662	-0.0958551486242861	-0.0015778533199164
-5.644555694618273	-0.09625180245752929	-0.001595581797233494
-5.619524405506883	-0.09665292518583288	-0.001613702163554523
-5.594493116395494	-0.09705861577311808	-0.0016322278566326483
-5.569461827284105	-0.09746897657815237	-0.0016511729296130153
-5.5444305381727155	-0.09788411350988571	-0.0016705520858494396
-5.519399249061326	-0.09830413619155745	-0.0016903807160557212
-5.494367959949937	-0.09872915813416017	-0.0017106749379725357
-5.469336670838549	-0.09915929691989203	-0.0017314516387467954
-5.444305381727158	-0.0995946743962784	-0.0017527285202378804
-5.419274092615769	-0.10003541688169648	-0.001774524147484376
-5.3942428035043815	-0.10048165538309661	-0.0017968580005862087
-5.36921151439299	-0.10093352582677562	-0.001819750530280362
-5.344180225281603	-0.10139116930312733	-0.0018432232175141204
-5.319148936170212	-0.10185473232637365	-0.0018672986373483164
-5.2941176470588225	-0.1023243671103576	-0.0018920005275542917
-5.269086357947435	-0.10280023186157547	-0.0019173538623032467
-5.244055068836044	-0.10328249109072082	-0.0019433849313849638
-5.219023779724656	-0.1037713159441227	-0.0019701214254355896
-5.193992490613266	-0.1042668845565813	-0.0019975925277015702
-5.168961201501876	-0.10476938242723191	-0.002025829012919201
-5.1439299123904885	-0.10527900282021513	-0.0020548633539479028
-5.1188986232791	-0.10579594719208762	-0.0020847298368602877
-5.09386733416771	-0.10632042564808175	-0.002115464685264577
-5.06883604505632	-0.10685265742951555	-0.0021471061947159554
-5.043804755944931	-0.10739287143486617	-0.002179694878163764
-5.018773466833542	-0.10794130677725255	-0.002213273623482584
-4.993742177722154	-0.10849821338133336	-0.002247887864248529
-4.968710888610763	-0.10906385262291236	-0.002283585765049073
-4.943679599499373	-0.1096384980148595	-0.002320418422757362
-4.918648310387985	-0.11022243594331044	-0.0023584400853623386
-4.893617021276597	-0.11081596645849637	-0.002397708390126602
-4.868585732165207	-0.1114194041249917	-0.0024382846230474966
-4.843554443053817	-0.11203307893665199	-0.002480234001826896
-4.818523153942427	-0.11265733730205466	-0.002523625984815202
-4.793491864831038	-0.11329254310685685	-0.0025685346086895115
-4.768460575719651	-0.11393907886016054	-0.002615038857960066
-4.7434292866082615	-0.11459734693272784	-0.002663223069778634
-4.71839799749687	-0.115267770895736	-0.002713177377954501
-4.69336670838548	-0.11595079696971089	-0.0027649982005761757
-4.668335419274092	-0.11664689559434442	-0.0028187887761992945
-4.643304130162704	-0.1173565631311026	-0.0028746597542044345
-4.618272841051315	-0.11808032371188576	-0.0029327298456658514
-4.593241551939924	-0.11881873124853101	-0.002993126541918531
-4.568210262828536	-0.11957237161967812	-0.0030559869089847643
-4.543178973717147	-0.12034186505347885	-0.0031214584671437795
-4.518147684605758	-0.12112786872685263	-0.003189700166224092
-4.4931163954943685	-0.12193107960452204	-0.003260883468698757
-4.468085106382977	-0.12275223754393676	-0.003335193554403519
-4.44305381727159	-0.12359212869548064	-0.003412830662720622
-4.418022528160201	-0.12445158923110912	-0.003494011590427594
-4.392991239048811	-0.12533150943885968	-0.0035789713661618975
-4.367959949937422	-0.1262328382256105	-0.0036679651256738928
-4.342928660826031	-0.1271565880761288	-0.0037612702158204446
-4.317897371714643	-0.1281038405229779	-0.0038591885596988146
-4.292866082603254	-0.12907575218939044	-0.003962049320566855
-4.267834793491865	-0.13007356147593008	-0.004070211908400347
-4.2428035043804755	-0.1310985959718741	-0.004184069380299486
-4.217772215269086	-0.13215228068399226	-0.004304052294712521
-4.192740926157699	-0.13323614718907745	-0.0044306330898931465
-4.167709637046308	-0.13435184383255494	-0.004564331069514461
-4.142678347934918	-0.13550114711418462	-0.004705718093379528
-4.117647058823529	-0.13668597442380725	-0.00485542508926274
-4.09261576971214	-0.13790839831587293	-0.005014149523790604
-4.067584480600752	-0.13917066254191912	-0.005182663996813236
-4.042553191489361	-0.1404752000961389	-0.005361826156042484
-4.017521902377972	-0.14182465357183716	-0.005552590168251985
-3.9924906132665825	-0.1432218981773027	-0.00575602003184532
-3.967459324155193	-0.14467006782010464	-0.005973305075392135
-3.9424280350438052	-0.1461725847411639	-0.0062057780607570785
-3.917396745932415	-0.14773319326670592	-0.006454936401500499
-3.8923654568210257	-0.1493559983505624	-0.0067224671222449565
-3.867334167709638	-0.1510455097052003	-0.007010276329110031
-3.8423028785982494	-0.15280669247219475	-0.007320524143557153
-3.8172715894868587	-0.1546450255677299	-0.007655666283196742
-3.7922403003754686	-0.15656656906366334	-0.008018503768084991
-3.7672090112640793	-0.15857804223916594	-0.008412242609555167
-3.7421777221526913	-0.1606869142736669	-0.008840565827305632
-3.717146433041303	-0.1629015099633786	-0.009307720775385855
-3.6921151439299127	-0.1652311333490587	-0.00981862558814628
-3.6670838548185225	-0.16768621276404275	-0.010378999650938409
-3.6420525657071328	-0.17027847157585474	-0.01099552445139366
-3.617021276595745	-0.1730211298339737	-0.011676043106984484
-3.5919899874843564	-0.1759291431877768	-0.012429809478828118
-3.566958698372966	-0.17901948684305777	-0.01326780133449465
-3.541927409261576	-0.18231149402312322	-0.01420311689357333
-3.5168961201501876	-0.1858272604215752	-0.015251480829878133
-3.4918648310387996	-0.18959212847885346	-0.016431895221057154
-3.46683354192741	-0.1936352679139064	-0.017767484226179634
-3.4418022528160197	-0.19799037157798427	-0.019286600224985236
-3.4167709637046295	-0.20269648785045719	-0.02102428647716593
-3.391739674593241	-0.20779901135076756	-0.02302423119605812
-3.366708385481853	-0.21335085040791998	-0.025341406669691553
-3.341677096370464	-0.21941377792232764	-0.02804567465931258
-3.3166458072590737	-0.2260599428609565	-0.0312267713804314
-3.291614518147683	-0.23337345454582017	-0.03500128651698553
-3.2665832290362946	-0.24145181499042606	-0.039522559558164506
-3.2415519399249066	-0.25040669299579477	-0.044994893075734226
-3.2165206508135173	-0.26036295913992696	-0.05169421546703666
-3.191489361702127	-0.271453727066092	-0.05999843565580929
-3.166458072590739	-0.28380673559287056	-0.07043233967920215
-3.14142678347935	-0.2975124225767174	-0.08373394447903469
-3.11639549436796	-0.312553716835705	-0.100950951824377
-3.091364205256571	-0.3286564156793589	-0.12357379048349837
-3.0663329161451807	-0.34497751845893787	-0.153693199067118
-3.0413016270337927	-0.35947781840369175	-0.1940963740548749
-3.0162703379224034	-0.3677542200730389	-0.2479814758550853
-2.991239048811014	-0.36128466419832955	-0.31738117753528067
-2.966207759699625	-0.3264123856665867	-0.3985542649886876
-2.941176470588234	-0.2493197771020845	-0.47413564481237186
-2.916145181476846	-0.13304339183456418	-0.512314388193947
-2.891113892365457	-0.010449515220711435	-0.4906926098201304
-2.8660826032540676	0.0797038193593928	-0.4225036063312928
-2.8410513141426783	0.12578011134948108	-0.34041056421398674
-2.816020025031289	0.13890511072858405	-0.26677413885848156
-2.790988735919901	0.1337821393097525	-0.20847137196122822
-2.7659574468085104	0.12044861380684493	-0.16449487619379988
-2.740926157697121	0.10431375504239133	-0.1317270997950351
-2.715894868585732	0.0879564031921513	-0.10719844878086238
-2.6908635794743425	0.07248436648616231	-0.08861716894566136
-2.6658322903629545	0.05829525708633189	-0.07433388052841738
-2.6408010012515644	0.045460556930018076	-0.06318702468480827
-2.615769712140175	0.03391142996469748	-0.05435972034506527
-2.5907384230287853	0.023526499370875878	-0.047272968472658244
-2.565707133917396	0.014172212320220895	-0.041511436821811236
-2.540675844806008	0.005720480193656188	-0.0367731113291441
-2.515644555694618	-0.001944473946305439	-0.03283528285200597
-2.4906132665832286	-0.008924293655197958	-0.029531451533295144
-2.4655819774718406	-0.015306904448213914	-0.02673549225784658
-2.440550688360452	-0.021167824580452896	-0.024350669571460884
-2.4155193992490616	-0.02657173716259823	-0.02230191983260543
-2.3904881101376714	-0.03157403632544891	-0.02053035891149018
-2.365456821026282	-0.03622222937125105	-0.018989324147804812
-2.340425531914894	-0.04055715800057188	-0.017641487080967525
-2.3153942428035057	-0.044614039068798045	-0.016456722652232022
-2.2903629536921155	-0.048423341036499805	-0.015410519221253338
-2.2653316645807253	-0.052011517464125336	-0.014482779670086895
-2.2403003754693356	-0.05540161917101124	-0.013656908432839177
-2.2152690863579476	-0.05861380483913984	-0.012919109757117034
-2.190237797246559	-0.061665767274426464	-0.012257843568633785
-2.165206508135169	-0.06457308989622884	-0.011663400034960782
-2.140175219023779	-0.0673495455946945	-0.011127564326552026
-2.1151439299123904	-0.07000734797782338	-0.010643350496969631
-2.0901126408010025	-0.07255736324037251	-0.010204788754464716
-2.0650813516896127	-0.07500928940070994	-0.009806754289095734
-2.0400500625782225	-0.0773718084307452	-0.009444828676205752
-2.0150187734668323	-0.07965271580690177	-0.009115186991707826
-1.989987484355444	-0.08185903119828687	-0.008814505352752213
-1.9649561952440555	-0.08399709334813561	-0.00853988478424971
-1.939924906132667	-0.08607264166785236	-0.008288788211015101
-1.914893617021277	-0.08809088662607387	-0.008058988061491603
-1.8898623279098858	-0.0900565706589736	-0.007848522496156467
-1.8648310387984974	-0.09197402103700753	-0.007655658681271755
-1.839799749687109	-0.09384719588496523	-0.007478861845702436
-1.8147684605757206	-0.09567972435648425	-0.007316769106629765
-1.7897371714643304	-0.09747494180304772	-0.007168167245232157
-1.764705882352942	-0.09923592064441968	-0.0070319737678833155
-1.7396745932415527	-0.10096549753727588	-0.006907220711271835
-1.7146433041301625	-0.10266629734725546	-0.006793040748038158
-1.6896120150187741	-0.10434075435341494	-0.006688655228377265
-1.664580725907384	-0.10599113105036306	-0.0065933638566686775
-1.6395494367959955	-0.10761953485997856	-0.006506535753739574
-1.6145181476846062	-0.10922793301977193	-0.006427601697308119
-1.589486858573217	-0.11081816587715608	-0.006356047367421291
-1.5644555694618276	-0.11239195878696953	-0.00629140745180732
-1.5394242803504374	-0.11395093278254437	-0.006233260489203032
-1.514392991239049	-0.11549661416763612	-0.006181224347837124
-1.4893617021276597	-0.11703044315697224	-0.006134952252105382
-1.4643304130162704	-0.11855378167646877	-0.006094129283665818
-1.4392991239048811	-0.12006792041987854	-0.006058469294193342
-1.4142678347934918	-0.12157408524637078	-0.00602771217625502
-1.3892365456821025	-0.12307344299300427	-0.006001621446512536
-1.3642052565707132	-0.12456710676697569	-0.005979982101983981
-1.339173967459324	-0.1260561407746829	-0.005962598715610506
-1.3141426783479346	-0.12754156473785921	-0.005949293742044867
-1.2891113892365453	-0.12902435794115358	-0.00593990600854771
-1.264080100125157	-0.1305054629504221	-0.005934289369258463
-1.2390488110137667	-0.1319857890365514	-0.005932311503995319
-1.2140175219023774	-0.1334662153357592	-0.005933852845211429
-1.1889862327909881	-0.13494759377393523	-0.005938805618857018
-1.1639549436795988	-0.13643075177962502	-0.005947072986723728
-1.1389236545682104	-0.13791649480767212	-0.005958568279423266
-1.1138923654568202	-0.1394056086932602	-0.005973214310515116
-1.0888610763454318	-0.14089886185410425	-0.005990942763479445
-1.0638297872340434	-0.14239700735679078	-0.006011693644257949
-1.0387984981226523	-0.1439007848617235	-0.006035414792979872
-1.013767209011264	-0.14541092245977813	-0.006062061449271676
-0.9887359198998737	-0.14692813841258226	-0.006091595866233239
-0.9637046307884853	-0.14845314280727856	-0.006123986968764251
-0.9386733416770969	-0.14998663913571764	-0.006159210052454076
-0.9136420525657085	-0.15152932580720938	-0.006197246519715913
-0.8886107634543183	-0.15308189760325408	-0.006238083650260982
-0.8635794743429273	-0.154645047082052	-0.006281714403377447
-0.8385481852315388	-0.156219465940047	-0.006328137249808578
-0.8135168961201504	-0.1578058463372884	-0.006377356031320643
-0.788485607008762	-0.1594048821929863	-0.006429379846317862
-0.7634543178973718	-0.16101727045728917	-0.006484222960103923
-0.7384230287859816	-0.1626437123650138	-0.006541904738610391
-0.7133917396745932	-0.1642849146768134	-0.00660244960461525
-0.6883604505632039	-0.16594159091306473	-0.006665887015662593
-0.6633291614518155	-0.1676144625855973	-0.006732251463069697
-0.6382978723404253	-0.1693042604322674	-0.006801582491572766
-0.6132665832290352	-0.1710117256592949	-0.006873924739319293
-0.5882352941176467	-0.17273761119623726	-0.00694932799806576
-0.5632040050062583	-0.1744826829684602	-0.007027847293585365
-0.5381727158948699	-0.17624772119198673	-0.007109542986433919
-0.5131414267834788	-0.17803352169566342	-0.007194480893364344
-0.48811013767208866	-0.179840897275669	-0.0072827324298227625
-0.46307884856070025	-0.18167067908751702	-0.007374374774103991
-0.43804755944931184	-0.18352371808085693	-0.0074694910538922596
-0.41301627033792343	-0.18540088648257375	-0.007568170556066348
-0.38798498122653324	-0.18730307933391613	-0.007670508960808365
-0.36295369211514483	-0.1892312160876491	-0.0077766086012237
-0.33792240300375376	-0.19118624227154143	-0.007886578749858602
-0.31289111389236535	-0.1931691312248422	-0.0080005359336922
-0.28785982478097694	-0.19518088591481228	-0.008118604279385436
-0.26282853566958675	-0.19722254084081375	-0.00824091589079035
-0.23779724655819834	-0.1992951640339723	-0.008367611260964122
-0.21276595744680904	-0.2013998591609884	-0.008498839721194647
-0.18773466833541974	-0.2035377677412965	-0.008634759929831357
-0.16270337922403044	-0.2057100714874746	-0.008775540404030915
-0.13767209011264026	-0.20791799477957662	-0.008921360097874871
-0.11264080100125184	-0.21016280728492126	-0.009072409030700689
-0.08760951188986255	-0.2124458267358279	-0.009228888969913333
-0.06257822277847325	-0.21476842187884365	-0.009391014173017038
-0.03754693366708395	-0.2171320156101835	-0.009559012194133274
-0.01251564455569465	-0.219538088313407	-0.009733124760857303
0.01251564455569465	-0.22198818141680027	-0.009913608727961199
0.03754693366708395	-0.2244839011895387	-0.010100737115185039
0.06257822277847325	-0.22702692279749062	-0.01029480023718048
0.08760951188986255	-0.22961899464150515	-0.010496106934595259
0.11264080100125184	-0.2322619430032405	-0.01070498591632711
0.13767209011264114	-0.23495767702604659	-0.010921787224147658
0.16270337922403044	-0.23770819406116492	-0.011146883832220377
0.18773466833541974	-0.24051558541257234	-0.011380673395533373
0.21276595744680726	-0.24338204251722403	-0.011623580162963287
0.23779724655819834	-0.24630986360128648	-0.01187605707261089
0.26282853566958764	-0.24930146085724553	-0.012138588049235594
0.28785982478097694	-0.2523593681916083	-0.012411690526107721
0.31289111389236623	-0.2554862495983235	-0.012695918216437316
0.33792240300375376	-0.258684908219154	-0.012991864162786046
0.36295369211514483	-0.26195829615910304	-0.013300164096586138
0.38798498122653235	-0.2653095251327473	-0.013621500144153885
0.41301627033792343	-0.2687418780261085	-0.013956604920487779
0.43804755944931273	-0.2722588214685991	-0.014306266057783144
0.46307884856070025	-0.27586401952085626	-0.014671331222110333
0.4881101376720913	-0.27956134859704035	-0.015052713679232499
0.5131414267834788	-0.28335491375472943	-0.015451398479266578
0.5381727158948699	-0.2872490665021308	-0.015868449340027464
0.5632040050062574	-0.2912484242912414	-0.016305016320690077
0.5882352941176467	-0.295357891887287	-0.016762344391171462
0.6132665832290378	-0.29958268482956973	-0.017241783018728966
0.6382978723404253	-0.3039283552274088	-0.017744796912145422
0.6633291614518164	-0.30840082016767867	-0.01827297808605399
0.6883604505632039	-0.3130063930483063	-0.01882805943409535
0.7133917396745932	-0.3177518181958849	-0.019411930030494115
0.7384230287859808	-0.3226443091762268	-0.020026652416242317
0.7634543178973718	-0.3276915912655711	-0.020674482169584178
0.7884856070087629	-0.332901948618629	-0.021357890112345602
0.8135168961201504	-0.3382842767495694	-0.022079587565653695
0.8385481852315397	-0.34384814103544803	-0.0228425551429551
0.8635794743429273	-0.3496038420610865	-0.023650075657737565
0.8886107634543183	-0.35556248875311025	-0.024505771831435017
0.9136420525657059	-0.36173608040244754	-0.025413649617964048
0.9386733416770969	-0.3681375988537515	-0.026378148120651826
0.9637046307884862	-0.3747811123523549	-0.027404197271823152
0.9887359198998737	-0.38168189279148035	-0.028497284683767922
1.0137672090112648	-0.3888565484026655	-0.029663533373312158
1.0387984981226523	-0.39632317429111297	-0.030909792425053262
1.0638297872340434	-0.4041015236475236	-0.03224374310886487
1.088861076345431	-0.4122132029844475	-0.033674023529319946
1.1138923654568202	-0.420681895367775	-0.03521037558924606
1.1389236545682113	-0.42953361636642695	-0.0368638189372671
1.1639549436795988	-0.438797008355604	-0.03864685769341626
1.18898623279099	-0.44850367991798357	-0.040573727178574506
1.2140175219023774	-0.45868859843923004	-0.04266068970716402
1.2390488110137667	-0.46939054564660676	-0.0449263908652129
1.264080100125156	-0.4806526478635218	-0.047392290759295866
1.2891113892365453	-0.4925229952372316	-0.05008318871994054
1.3141426783479364	-0.505055367250327	-0.05302786519692089
1.339173967459324	-0.5183100855821593	-0.05625987153770907
1.3642052565707132	-0.532355020003608	-0.0598185076138851
1.3892365456821025	-0.5472667786544212	-0.06375003972533298
1.4142678347934918	-0.5631321209763533	-0.06810922810625898
1.4392991239048811	-0.5800496399730733	-0.07296125645369775
1.4643304130162704	-0.5981317705230237	-0.07838418776367315
1.4893617021276597	-0.6175071922520599	-0.08447211514099932
1.514392991239049	-0.6383237087627819	-0.09133923867940567
1.5394242803504383	-0.660751698983732	-0.09912518824391839
1.5644555694618276	-0.6849882489447879	-0.10800203947210599
1.589486858573217	-0.7112620787820336	-0.11818365550528087
1.6145181476846044	-0.7398393706368047	-0.1299382590472325
1.6395494367959955	-0.7710305590140687	-0.14360554366345876
1.6645807259073848	-0.8051980276424523	-0.15962024076386186
1.6896120150187741	-0.8427643895906238	-0.17854498115361037
1.7146433041301634	-0.8842204582507456	-0.20111670311639407
1.739674593241551	-0.930130840340202	-0.22831303650618745
1.764705882352942	-0.981132678108972	-0.2614484488316178
1.7897371714643295	-1.037918161967601	-0.3023150591684367
1.8147684605757206	-1.101181378103763	-0.35339058293219955
1.83979974968711	-1.1714893057808524	-0.4181461008421268
1.8648310387984974	-1.2489937837344365	-0.5014969540959321
1.8898623279098885	-1.3328126447130924	-0.6104390463868925
1.914893617021276	-1.4197309417606594	-0.7548555880684531
1.939924906132667	-1.5015505605197659	-0.9482214652504333
1.9649561952440546	-1.5599910974733782	-1.2070625628976108
1.989987484355444	-1.5582640493523494	-1.5456404101172885
2.015018773466835	-1.4327785522056926	-1.9579011661877292
2.0400500625782225	-1.104729936739835	-2.3796868808789258
2.065081351689613	-0.5496804194990731	-2.6616317991528717
2.090112640801001	0.10667659947121838	-2.650080510877361
2.1151439299123904	0.6468126830044294	-2.352556549833171
2.1401752190237784	0.9571286594517583	-1.9283754839446352
2.165206508135169	1.069891615976462	-1.5214399445859323
2.1902377972465596	1.0642635812499823	-1.190079255892619
2.2152690863579476	1.0017865820697252	-0.9377749750046325
2.240300375469337	0.9175283929205951	-0.749701144584011
2.265331664580725	0.8287673207859356	-0.6094727323142977
2.2903629536921155	0.7431884730325422	-0.5038944385506928
2.315394242803503	0.6637579191384853	-0.4233303487851175
2.340425531914894	0.59123996673575	-0.3609695416093249
2.3654568210262834	0.5254273287140548	-0.3120279574626203
2.3904881101376714	0.4657262832465709	-0.273126728554146
2.415519399249062	0.41142840214833143	-0.24185357914232847
2.4405506883604495	0.3618316931840781	-0.2164638995869441
2.4655819774718406	0.31628996291980294	-0.19567883446922846
2.490613266583228	0.2742284736672506	-0.1785485228540659
2.515644555694618	0.23514430770845673	-0.16435868575429768
2.5406758448060085	0.19860031868166472	-0.15256611278903207
2.565707133917396	0.16421689699502412	-0.14275356609924955
2.590738423028787	0.13166349546414963	-0.13459787116587982
2.6157697121401746	0.10065074534821261	-0.12784707339078782
2.6408010012515644	0.07092345336644429	-0.12230390886152431
2.665832290362953	0.04225451712941097	-0.11781373278081517
2.6908635794743425	0.014439685205929864	-0.1142556396088318
2.7158948685857336	-0.012706953827827716	-0.11153590311560065
2.740926157697121	-0.03935687815635314	-0.1095831310278477
2.765957446808511	-0.06567055495278462	-0.10834471178844146
2.7909887359198997	-0.0918004874328332	-0.10778425857375279
2.816020025031289	-0.11789398518273075	-0.10787984676593351
2.841051314142678	-0.14409574675518255	-0.10862290797572599
2.8660826032540676	-0.17055033647191958	-0.11001769495520836
2.8911138923654573	-0.19740463310058953	-0.11208127337832027
2.916145181476846	-0.2248103267463999	-0.11484403308607687
2.9411764705882355	-0.2529265420070559	-0.1183507468156519
2.9662077596996244	-0.28192267027917184	-0.12266224226964148
2.991239048811014	-0.3119815021862868	-0.12785779754301824
3.0162703379224016	-0.3433027625021782	-0.13403842517468942
3.0413016270337927	-0.37610716459048266	-0.14133128275658996
3.066332916145182	-0.4106411187724235	-0.14989554700600777
3.091364205256571	-0.4471822477243303	-0.15993022642543073
3.1163954943679606	-0.48604587858974274	-0.171684584416915
3.141426783479348	-0.5275926886364308	-0.185472129199402
3.166458072590739	-0.5722376639244082	-0.20168954396154282
3.1914893617021267	-0.6204604583143212	-0.22084255001538175
3.2165206508135173	-0.6728170530911428	-0.24358162632466923
3.241551939924907	-0.7299521961571553	-0.2707519221992785
3.2665832290362946	-0.7926112063109079	-0.30346386590707125
3.2916145181476857	-0.8616478845410771	-0.34319431011869034
3.316645807259073	-0.9380215090958116	-0.3919331986592753
3.341677096370464	-1.022768206189427	-0.45239857263689637
3.366708385481852	-1.116916227968932	-0.5283542493389618
3.391739674593241	-1.221282136126566	-0.6250799249642681
3.416770963704632	-1.3360174746926765	-0.7500587989685076
3.4418022528160197	-1.459636721636697	-0.9139432562095434
3.4668335419274103	-1.5869808180171732	-1.131762009495051
3.4918648310387983	-1.7050737050765157	-1.4239091926675593
3.5168961201501876	-1.7852072160191077	-1.8150510963577304
3.5419274092615756	-1.7701181234937504	-2.3253048812239636
3.566958698372966	-1.562452787469237	-2.9413897515225615
3.591989987484357	-1.0465405504142518	-3.5588983321212657
3.617021276595745	-0.19919646755574696	-3.948669194073806
3.642052565707134	0.7751275125465364	-3.893314246910276
3.667083854818522	1.5559655110729091	-3.4270222063423996
3.6921151439299127	1.9938314763634688	-2.79296523573816
3.7171464330413	2.1475963922766463	-2.1954934215666944
3.7421777221526913	2.134625836753875	-1.7124493438697894
3.7672090112640806	2.042972136114605	-1.3453533928326762
3.7922403003754686	1.9220767539502006	-1.0714844971867903
3.817271589486859	1.7961025788137472	-0.8667941940821281
3.8423028785982467	1.675715412232714	-0.7121410882642907
3.867334167709638	1.5649741732077749	-0.5936019863303366
3.8923654568210253	1.4648674618406625	-0.5013448855672774
3.917396745932415	1.3750373041332067	-0.4284606194969783
3.9424280350438057	1.2945977626649152	-0.370063575027095
3.967459324155193	1.2225142898217993	-0.32265984158671995
3.9924906132665843	1.1577721762626745	-0.28371711916779985
4.017521902377972	1.0994445574627498	-0.25137419715149173
4.042553191489361	1.0467133517070948	-0.22424403288607786
4.06758448060075	0.9988689438256654	-0.2012790875781758
4.09261576971214	0.9553010592374477	-0.18167817801660296
4.117647058823531	0.915486744820941	-0.1648212328322925
4.142678347934918	0.8789781734764801	-0.1502230042261269
4.167709637046308	0.845391424868582	-0.13749980925068972
4.192740926157697	0.8143966403286649	-0.1263453377977352
4.217772215269086	0.7857095980077162	-0.11651284744381757
4.2428035043804755	0.7590846020294428	-0.10780191157433308
4.267834793491865	0.7343085245879726	-0.10004845133410302
4.292866082603254	0.7111958312585125	-0.09311716223618768
4.317897371714643	0.6895844314470867	-0.08689570554387942
4.342928660826033	0.6693322151352415	-0.08129021332901751
4.367959949937422	0.6503141577649407	-0.07622178075961736
4.392991239048811	0.6324198945198968	-0.07162370700813397
4.418022528160199	0.6155516823419613	-0.06743930870976307
4.44305381727159	0.5996226825421744	-0.06362017486695187
4.468085106382979	0.5845555089644371	-0.060124764735601494
4.4931163954943685	0.5702809966204426	-0.05691727413455153
4.518147684605758	0.5567371538588142	-0.05396671328108404
4.543178973717145	0.5438682677654099	-0.05124615241034274
4.568210262828536	0.5316241378868946	-0.04873210131253392
4.593241551939924	0.5199594177563605	-0.04640399639160048
4.618272841051315	0.5088330472693066	-0.04424377453942129
4.643304130162704	0.49820776186743	-0.04223551748405868
4.668335419274092	0.4880496668630879	-0.04036515363990102
4.693366708385483	0.47832786718171233	-0.03862020710491091
4.71839799749687	0.4690141443949947	-0.03698958549549789
4.7434292866082615	0.4600826742305806	-0.035463399916954755
4.768460575719649	0.45150977882753734	-0.03403281163759038
4.793491864831038	0.44327370890347617	-0.03268990104362716
4.818523153942429	0.4353544517435879	-0.031427555257407834
4.843554443053817	0.4277335615414251	-0.03023937144755764
4.868585732165208	0.42039400913864017	-0.029119573380432365
4.8936170212765955	0.41332004864411254	-0.02806293918364635
4.918648310387985	0.4064970987766482	-0.027064738635072076
4.943679599499372	0.39991163708185096	-0.026120678570357263
4.968710888610763	0.3935511054324207	-0.025226855231154255
4.9937421777221545	0.3874038254402441	-0.024379712564761707
5.018773466833542	0.38145892259459013	-0.023576005641495517
5.043804755944931	0.3757062580990631	-0.022812768485043333
5.068836045056319	0.3701363675150639	-0.02208728571824361
5.09386733416771	0.36474040543506675	-0.02139706751612861
5.118898623279097	0.359510095508166	-0.02073982743287863
5.1439299123904885	0.35443768522551006	-0.020113462732112196
5.168961201501878	0.3495159049466808	-0.019516036902791144
5.193992490613265	0.3447379307114208	-0.018945764087629494
5.219023779724656	0.3400973504359947	-0.018400995188668483
5.244055068836044	0.3355881331410266	-0.01788020544673822
5.269086357947435	0.3312046008989842	-0.017381983318809507
5.2941176470588225	0.32694140322550747	-0.016905020500522235
5.319148936170212	0.32279349367015264	-0.016448102961082574
5.344180225281603	0.31875610838961616	-0.016010102874795696
5.36921151439299	0.31482474651052345	-0.01558997134816575
5.3942428035043815	0.3109951521099832	-0.015186731854129217
5.419274092615769	0.30726329766066235	-0.014799474295892416
5.444305381727158	0.30362536880344704	-0.014427349632272459
5.469336670838548	0.30007775032519257	-0.014069565004618418
5.494367959949937	0.29661701323176487	-0.013725379312485483
5.519399249061328	0.2932399028178583	-0.013394099191413999
5.5444305381727155	0.2899433276450524	-0.01307507535154975
5.569461827284105	0.28672434934842617	-0.012767699240545096
5.594493116395494	0.28358017319994333	-0.012471399998297208
5.619524405506883	0.28050813936381713	-0.012185641674685343
5.644555694618273	0.27750571478533465	-0.011909920684637663
5.669586983729662	0.27457048566019576	-0.011643763477642791
5.694618272841051	0.2717001504364205	-0.011386724401275267
5.719649561952441	0.2688925133053442	-0.011138383740468888
5.74468085106383	0.26614547814223355	-0.010898345916184835
5.769712140175219	0.2634570428606486	-0.010666237828814555
5.7947434292866085	0.26082529414791233	-0.010441707333157668
5.819774718397996	0.25824840255195936	-0.010224421833147049
5.844806007509387	0.25572461789245116	-0.0100140669856766
5.869837296620776	0.2532522649714208	-0.009810345503941293
5.894868585732166	0.25082973956082866	-0.009612976051636905
5.919899874843555	0.24845550464635868	-0.009421692220205887
5.9449311639549425	0.24612808690851826	-0.009236241582063525
5.9699624530663336	0.24384607342369258	-0.009056384813408654
5.994993742177721	0.24160810856924403	-0.00888189488082334
6.020025031289112	0.23941289111803785	-0.008712556286403193
6.0450563204005014	0.23725917150897802	-0.008548164366644267
6.07008760951189	0.23514574928119544	-0.008388524640745378
6.09511889862328	0.23307147066052758	-0.008233452204376556
6.120150187734667	0.23103522628781492	-0.008082771165315899
6.145181476846059	0.22903594907935473	-0.007936314117674398
6.170212765957445	0.22707261221060673	-0.00779392165171584
6.195244055068836	0.22514422721491079	-0.007655441896536528
6.2202753441802265	0.2232498421896208	-0.007520730093105787
6.245306633291613	0.22138854010260667	-0.007389648195378644
6.270337922403005	0.2195594371926168	-0.007262064497385768
6.295369211514392	0.21776168145746694	-0.007137853284380002
6.320400500625783	0.21599445122445415	-0.007016894506276733
6.3454317897371695	0.2142569537978156	-0.006899073471770785
6.37046307884856	0.2125484241784032	-0.006784280561642091
6.395494367959952	0.2108681238511072	-0.006672410959883351
6.420525657071338	0.20921533963586061	-0.0065633644013905435
6.445556946182729	0.20758938259835397	-0.006457044935057001
6.470588235294116	0.20598958701686257	-0.0063533607012027146
6.495619524405506	0.20441530940181968	-0.00625222372235245
6.520650813516895	0.20286592756501687	-0.006153549706453157
6.545682102628285	0.2013408397355061	-0.0060572578616895
6.570713391739676	0.19983946371948538	-0.005963270722120572
6.5957446808510625	0.19836123610162268	-0.005871513983418653
6.620775969962453	0.19690561148544294	-0.0057819163480443804
6.645807259073841	0.19547206177055945	-0.005694409379242008
6.670838548185231	0.19406007546466886	-0.005608927363282907
6.695869837296622	0.19266915702836845	-0.005525407179427505
6.720901126408009	0.19129882625097383	-0.005443788177113498
6.745932415519399	0.18994861765563018	-0.005364012059913425
6.770963704630788	0.18861807993212187	-0.005286022775837177
6.795994993742178	0.18730677539587542	-0.005209766413584383
6.821026282853566	0.18601427947175248	-0.005135191104379592
6.8460575719649555	0.18474018020130956	-0.005062246929048131
6.871088861076346	0.1834840777722836	-0.00499088583001428
6.896120150187734	0.18224558406913705	-0.004921061527924824
6.921151439299124	0.18102432224356477	-0.0048527294426212
6.946182728410513	0.17981992630393223	-0.004785846618202052
6.971214017521902	0.1786320407226721	-0.004720371651934975
6.996245306633291	0.1774603200607264	-0.0046562646267923925
7.0212765957446805	0.17630442860817142	-0.004593487047401058
7.046307884856071	0.17516404004021424	-0.004532001779208459
7.071339173967459	0.17403883708779533	-0.00447177299068209
7.0963704630788484	0.1729285112220742	-0.004412766098369275
7.121401752190238	0.17183276235211808	-0.004354947714656341
7.146433041301627	0.17075129853514884	-0.004298285598075934
7.171464330413016	0.16968383569874138	-0.004242748606020906
7.196495619524406	0.16863009737439882	-0.004188306649731922
7.221526908635795	0.16758981444196208	-0.00413493065143421
7.246558197747184	0.1665627248843402	-0.004082592503506482
7.2715894868585735	0.165548573552076	-0.00403126502957222
7.296620775969963	0.16454711193728777	-0.003980921947410146
7.321652065081352	0.16355809795655163	-0.003931537833586925
7.3466833541927405	0.16258129574231217	-0.0038830880897209063
7.371714643304131	0.16161647544243174	-0.0038355489102911595
7.39674593241552	0.16066341302750814	-0.00378889725191112
7.421777221526909	0.15972189010560867	-0.003743110803990783
7.446808510638299	0.1587916937440896	-0.0036981679607159842
7.471839799749687	0.15787261629818378	-0.003654047794277266
7.496871088861077	0.15696445524605718	-0.0036107300292847924
7.521902377972466	0.1560670130300503	-0.003568195018309412
7.546933667083856	0.15518009690383247	-0.0035264237184932557
7.571964956195245	0.15430351878521453	-0.0034853976691766207
7.5969962453066335	0.1534370951143734	-0.003445098970490666
7.622027534418024	0.15258064671725785	-0.0034055102628684185
7.647058823529412	0.1517339986739549	-0.003366614707429148
7.672090112640802	0.15089698019180503	-0.003328395967193574
7.697121401752189	0.15006942448306876	-0.003290838189089845
7.72215269086358	0.14925116864695176	-0.0032539259867121963
7.74718397997497	0.14844205355580992	-0.0032176444237964844
7.772215269086359	0.1476419237453593	-0.0031819789983784596
7.797246558197749	0.14685062730872753	-0.003146915627602655
7.8222778473091354	0.14606801579419085	-0.00311244063315141
7.8473091364205265	0.14529394410644478	-0.003078540727265047
7.872340425531913	0.14452827041126914	-0.0030452029993259604
7.897371714643305	0.1437708560434479	-0.0030124149029804956
7.922403003754695	0.14302156541781713	-0.00298016424377417
7.947434292866082	0.14228026594331536	-0.002948439167276741
7.972465581977473	0.14154682793991785	-0.002917228147675037
7.99749687108886	0.14082112455834425	-0.0028865199768125472
8.022528160200253	0.14010303170242788	-0.002856303753655672
8.047559449311638	0.13939242795404783	-0.002826568874167842
8.072590738423028	0.13868919450052042	-0.002797305021573281
8.09762202753442	0.13799321506436138	-0.002768502156993479
8.122653316645806	0.13730437583532382	-0.002740150510439965
8.147684605757199	0.1366225654046275	-0.0027122405721478875
8.172715894868585	0.13594767470129912	-0.0026847630842358142
8.197747183979974	0.13527959693053998	-0.0026577090326775233
8.222778473091363	0.13461822751405036	-0.0026310696395726585
8.247809762202753	0.13396346403223497	-0.002604836355703398
8.272841051314145	0.13331520616822132	-0.002579000853365109
8.297872340425531	0.13267335565362526	-0.002553555019459491
8.32290362953692	0.132037816215998	-0.0025284909488391388
8.34793491864831	0.1314084935278968	-0.002503800937893208
8.3729662077597	0.13078529515751777	-0.0024794774783640783
8.397997496871088	0.13016813052083695	-0.002455513251385585
8.423028785982478	0.12955691083520443	-0.002431901121733729
8.448060075093867	0.12895154907434114	-0.0024086341322812122
8.473091364205256	0.12835195992468826	-0.002385705498647544
8.498122653316646	0.1277580597430615	-0.0023631086040368466
8.523153942428035	0.1271697665155654	-0.002340836994255821
8.548185231539424	0.12658699981772345	-0.002318884372904711
8.573216520650814	0.12600968077578178	-0.0022972445967343745
8.598247809762203	0.125437732029147	-0.0022759116711629367
8.623279098873592	0.12487107769391805	-0.002254879745945731
8.648310387984981	0.12430964332747621	-0.002234143110992559
8.67334167709637	0.12375335589409628	-0.002213696192326529
8.69837296620776	0.12320214373154531	-0.0021935335481790084
8.72340425531915	0.12265593651863543	-0.002173649865215438
8.748435544430539	0.12211466524369896	-0.0021540399548870114
8.773466833541928	0.12157826217395531	-0.0021346987499034115
8.798498122653317	0.12104666082573995	-0.0021156213008220173
8.823529411764707	0.12051979593556765	-0.002096802772749189
8.848560700876096	0.11999760343200191	-0.0020782384421494174
8.873591989987485	0.11948002040830505	-0.0020599236937583103
8.898623279098874	0.11896698509584336	-0.002041854017595552
8.92365456821026	0.11845843683822292	-0.002024025006074138
8.948685857321653	0.11795431606613241	-0.0020064323512023244
8.973717146433042	0.11745456427287154	-0.0019890718418749363
8.998748435544432	0.11695912399054127	-0.001971939361250702
9.023779724655821	0.11646793876687665	-0.0019550308842125577
9.048811013767207	0.11598095314270135	-0.001938342474907892
9.0738423028786	0.11549811262998395	-0.0019218702843658382
9.098873591989985	0.11501936369047885	-0.0019056105481889164
9.123904881101378	0.11454465371493071	-0.0018895595843162701
9.148936170212767	0.11407393100282877	-0.0018737137908560906
9.173967459324153	0.1136071447426904	-0.0018580696439846542
9.198998748435546	0.11314424499286037	-0.001842623695909715
9.224030037546932	0.11268518266280932	-0.0018273725728959966
9.249061326658325	0.11222990949491485	-0.0018123129733505427
9.27409261576971	0.11177837804671376	-0.0017974416659659728
9.2991239048811	0.11133054167360741	-0.0017827554879195082
9.324155193992492	0.11088635451201015	-0.0017682513431259736
9.349186483103878	0.11044577146292554	-0.0017539262005428456
9.374217772215271	0.11000874817593752	-0.001739777092525588
9.399249061326657	0.10957524103360633	-0.0017258011132316197
9.424280350438046	0.10914520713625431	-0.001711995417071185
9.449311639549435	0.10871860428713301	-0.0016983572172036376
9.474342928660825	0.10829539097795837	-0.001684883784077551
9.499374217772218	0.10787552637480444	-0.0016715724440132277
9.524405506883603	0.10745897030434481	-0.0016584205778262004
9.549436795994993	0.10704568324043172	-0.0016454256194903339
9.574468085106382	0.10663562629100354	-0.001632585054839287
9.599499374217771	0.10622876118531088	-0.0016198964203050148
9.62453066332916	0.10582505026145222	-0.0016073573016921403
9.64956195244055	0.10542445645421065	-0.001594965332987015
9.67459324155194	0.1050269432831829	-0.0015827181952003497
9.699624530663328	0.10463247484119258	-0.001570613615242333
9.724655819774718	0.10424101578297976	-0.0015586493648291927
9.749687108886107	0.10385253131415897	-0.0015468232594201994
9.774718397997496	0.10346698718043842	-0.0015351331571841385
9.799749687108886	0.10308434965709307	-0.0015235769579943182
9.824780976220275	0.10270458553868456	-0.0015121526024512155
9.849812265331664	0.10232766212902128	-0.0015008580709318842
9.874843554443054	0.10195354723135222	-0.0014896913826652944
9.899874843554443	0.10158220913878774	-0.0014786505948327898
9.924906132665832	0.10121361662494167	-0.001467733801692884
9.949937421777221	0.10084773893478838	-0.0014569391337296421
9.97496871088861	0.10048454577572928	-0.001446264756823922
10.0	0.10012400730886306	-0.001435708871446773
