-10.0	-0.05018908544480384	-0.00038999339876410793
-9.97496871088861	-0.050286884309555815	-0.00039151574557740824
-9.949937421777221	-0.050385065261477485	-0.0003930470298150974
-9.924906132665832	-0.05048363054557352	-0.0003945873216352661
-9.899874843554443	-0.050582582424485455	-0.00039613669188652805
-9.874843554443054	-0.05068192317866548	-0.00039769521211620166
-9.849812265331664	-0.05078165510655217	-0.0003992629545786071
-9.824780976220275	-0.05088178052474838	-0.00040083999224347743
-9.799749687108886	-0.05098230176820119	-0.0004024263988044889
-9.774718397997496	-0.0510832211903841	-0.00040402224868790705
-9.749687108886107	-0.05118454116348128	-0.0004056276170613574
-9.724655819774718	-0.05128626407857412	-0.00040724257984271653
-9.699624530663328	-0.051388392345829974	-0.0004088672137091288
-9.67459324155194	-0.051490928394693186	-0.0004105015961061506
-9.64956195244055	-0.051593874674078444	-0.00041214580525702305
-9.62453066332916	-0.05169723365256638	-0.0004137999201720751
-9.599499374217771	-0.05180100781860166	-0.00041546402065826096
-9.574468085106382	-0.051905199680693404	-0.0004171381873288324
-9.549436795994993	-0.052009811767618035	-0.00041882250161314827
-9.524405506883603	-0.0521148466286246	-0.00042051704576662435
-9.499374217772216	-0.05222030683364269	-0.00042222190288082476
-9.474342928660825	-0.052326194973492744	-0.0004239371568936986
-9.449311639549435	-0.052432513660098996	-0.0004256628925999617
-9.424280350438046	-0.05253926552670514	-0.00042739919566163
-9.399249061326657	-0.0526464532280925	-0.00042914615261870233
-9.37421777221527	-0.05275407944080092	-0.0004309038508999984
-9.349186483103878	-0.052862146863352485	-0.0004326723788341542
-9.32415519399249	-0.052970658216477846	-0.00043445182566077454
-9.2991239048811	-0.05307961624334552	-0.00043624228154174997
-9.274092615769712	-0.05318902370979391	-0.0004380438375727366
-9.249061326658325	-0.053298883404566295	-0.000439856585794805
-9.224030037546934	-0.05340919813954874	-0.00044168061920625773
-9.198998748435546	-0.0535199707500109	-0.00044351603177461986
-9.173967459324155	-0.05363120409485001	-0.0004453629184488082
-9.148936170212767	-0.053742901056837745	-0.00044722137517147535
-9.123904881101378	-0.053855064542870396	-0.0004490914988915396
-9.098873591989987	-0.053967697484221935	-0.0004509733875768972
-9.0738423028786	-0.054080802836800584	-0.0004528671402273237
-9.048811013767208	-0.054194383581408434	-0.0004547728568875681
-9.023779724655821	-0.05430844272400434	-0.0004566906386606383
-8.998748435544432	-0.05442298329597038	-0.00045862058772128865
-8.973717146433042	-0.05453800835438142	-0.00046056280732970545
-8.948685857321653	-0.054653520982278395	-0.00046251740184539904
-8.923654568210262	-0.054769524288944854	-0.00046448447674130435
-8.898623279098874	-0.0548860214101872	-0.0004664641386180916
-8.873591989987485	-0.05500301550861861	-0.0004684564952186955
-8.848560700876096	-0.055120509773946336	-0.00047046165544306113
-8.823529411764707	-0.05523850742326297	-0.00047247972936311405
-8.798498122653317	-0.05535701170134143	-0.0004745108282379576
-8.773466833541928	-0.05547602588093366	-0.0004765550645293009
-8.748435544430539	-0.055595553263073375	-0.0004786125519171215
-8.72340425531915	-0.05571559717738264	-0.0004806834053155682
-8.69837296620776	-0.05583616098238249	-0.00048276774088910603
-8.67334167709637	-0.055957248065807576	-0.00048486567606890893
-8.648310387984981	-0.05607886184492504	-0.0004869773295695056
-8.623279098873592	-0.056201005766857534	-0.0004891028214056801
-8.598247809762203	-0.05632368330891037	-0.0004912422729096345
-8.573216520650814	-0.056446897978903204	-0.0004933958067484164
-8.548185231539424	-0.05657065331550602	-0.0004955635469416179
-8.523153942428035	-0.05669495288857951	-0.0004977456188793479
-8.498122653316646	-0.05681980029952001	-0.0004999421493404858
-8.473091364205256	-0.056945199181609174	-0.0005021532665112199
-8.448060075093867	-0.0570711532003681	-0.0005043791000038755
-8.423028785982478	-0.0571976660539163	-0.0005066197808760394
-8.397997496871088	-0.05732474147333555	-0.0005088754416499837
-8.3729662077597	-0.05745238322303854	-0.000511146216332397
-8.34793491864831	-0.05758059510114252	-0.000513432240434426
-8.32290362953692	-0.05770938093984801	-0.0005157336509920364
-8.297872340425531	-0.057838744605822584	-0.0005180505865866946
-8.272841051314144	-0.057968690000590024	-0.0005203831873663799
-8.247809762202753	-0.058099221060924536	-0.0005227315950669321
-8.222778473091363	-0.05823034175925049	-0.0005250959530337376
-8.197747183979974	-0.05836205610404761	-0.0005274764062437672
-8.172715894868585	-0.058494368140261745	-0.0005298731013279635
-8.147684605757197	-0.05862728194972111	-0.0005322861865939921
-8.122653316645806	-0.058760801651558545	-0.0005347158120493575
-8.097622027534417	-0.05889493140263927	-0.0005371621294248935
-8.072590738423028	-0.05902967539799485	-0.0005396252921986355
-8.047559449311638	-0.05916503787126298	-0.0005421054556200792
-8.02252816020025	-0.05930102309513349	-0.000544602776734835
-7.9974968710888605	-0.05943763538180053	-0.0005471174144096868
-7.972465581977473	-0.05957487908342096	-0.0005496495293580561
-7.947434292866082	-0.059712758592579435	-0.0005521992841658907
-7.922403003754694	-0.059851278342759606	-0.000554766843317972
-7.897371714643305	-0.059990442808822424	-0.0005573523732246635
-7.872340425531914	-0.06013025650749075	-0.0005599560422490944
-7.8473091364205265	-0.060270723997841044	-0.0005625780207347976
-7.8222778473091354	-0.06041184988180209	-0.0005652184810338075
-7.797246558197748	-0.060553638804660484	-0.0005678775975352219
-7.772215269086359	-0.0606960954555737	-0.000570555546694244
-7.7471839799749675	-0.060839224568090225	-0.0005732525070617093
-7.72215269086358	-0.060983030920677125	-0.0005759686593141063
-7.697121401752189	-0.061127519337255444	-0.0005787041862841057
-7.672090112640801	-0.06127269468774288	-0.0005814592729915995
-7.647058823529412	-0.06141856188860473	-0.0005842341066752691
-7.622027534418023	-0.06156512590341241	-0.0005870288768246855
-7.596996245306634	-0.061712391743410255	-0.0005898437752129554
-7.571964956195245	-0.061860364468090547	-0.0005926789959299242
-7.546933667083856	-0.0620090491857769	-0.0005955347354159444
-7.5219023779724665	-0.062158451054216024	-0.0005984111924962229
-7.496871088861077	-0.06230857528117838	-0.0006013085684157579
-7.471839799749688	-0.06245942712506743	-0.0006042270668748751
-7.446808510638299	-0.06261101189553793	-0.00060716689406538
-7.421777221526909	-0.06276333495412335	-0.0006101282587073315
-7.39674593241552	-0.06291640171487257	-0.0006131113720864568
-7.371714643304131	-0.06307021764499592	-0.0006161164480922134
-7.346683354192741	-0.06322478826552085	-0.0006191437032565168
-7.321652065081352	-0.06338011915195743	-0.0006221933567931429
-7.296620775969963	-0.06353621593497379	-0.0006252656306378234
-7.2715894868585735	-0.06369308430108139	-0.0006283607494890416
-7.246558197747184	-0.06385072999333107	-0.0006314789408495507
-7.221526908635795	-0.064009158812019	-0.0006346204350686216
-7.196495619524406	-0.0641683766154038	-0.0006377854653850414
-7.171464330413016	-0.06432838932043408	-0.0006409742679708739
-7.146433041301627	-0.06448920290348731	-0.0006441870819759991
-7.121401752190238	-0.0646508234011197	-0.0006474241495734469
-7.0963704630788484	-0.06481325691082766	-0.0006506857160055442
-7.071339173967459	-0.0649765095918208	-0.0006539720296308868
-7.04630788485607	-0.06514058766580681	-0.0006572833419721587
-7.0212765957446805	-0.06530549741778843	-0.0006606199077648144
-6.996245306633291	-0.06547124519687257	-0.0006639819850066389
-6.971214017521902	-0.06563783741709203	-0.0006673698350082094
-6.946182728410513	-0.06580528055823993	-0.0006707837224442745
-6.921151439299123	-0.06597358116671706	-0.0006742239154060689
-6.896120150187734	-0.06614274585639242	-0.0006776906854545853
-6.871088861076345	-0.06631278130947722	-0.0006811843076748253
-6.8460575719649555	-0.0664836942774125	-0.0006847050607310451
-6.821026282853566	-0.06665549158177077	-0.0006882532269230213
-6.795994993742177	-0.06682818011517165	-0.0006918290922433569
-6.770963704630788	-0.06700176684221232	-0.0006954329464358513
-6.745932415519399	-0.06717625880041217	-0.0006990650830549534
-6.720901126408009	-0.06735166310117294	-0.000702725799526326
-6.69586983729662	-0.06752798693075378	-0.0007064153972085402
-6.670838548185231	-0.06770523755126201	-0.0007101341814559293
-6.645807259073841	-0.06788342230165977	-0.0007138824616826242
-6.620775969962453	-0.0680625485987867	-0.0007176605514277951
-6.595744680851063	-0.06824262393839914	-0.0007214687684221305
-6.570713391739676	-0.06842365589622602	-0.000725307434655574
-6.545682102628285	-0.06860565212904204	-0.0007291768764463541
-6.520650813516897	-0.06878862037575784	-0.0007330774245113253
-6.495619524405506	-0.06897256845852842	-0.0007370094140376624
-6.470588235294117	-0.06915750428387925	-0.0007409731847559249
-6.445556946182729	-0.06934343584385089	-0.0007449690810145317
-6.420525657071338	-0.06953037121716263	-0.0007489974518556736
-6.395494367959951	-0.06971831857039479	-0.0007530586510926911
-6.37046307884856	-0.06990728615919112	-0.0007571530373889643
-6.34543178973717	-0.0700972823294805	-0.000761280974338329
-6.320400500625783	-0.07028831551871943	-0.0007654428305470724
-6.295369211514392	-0.07048039425715492	-0.0007696389797175329
-6.270337922403004	-0.0706735271691084	-0.0007738698007333404
-6.245306633291613	-0.0708677229742814	-0.0007781356777463433
-6.2202753441802265	-0.07106299048908286	-0.0007824370002652485
-6.195244055068836	-0.07125933862797912	-0.0007867741632460268
-6.170212765957448	-0.07145677640486627	-0.0007911475671841088
-6.145181476846059	-0.07165531293446614	-0.0007955576182084294
-6.120150187734667	-0.07185495743374594	-0.0008000047281773511
-6.09511889862328	-0.07205571922336175	-0.0008044893147765109
-6.070087609511891	-0.07225760772912733	-0.00080901180161865
-6.0450563204005014	-0.0724606324835074	-0.0008135726183454467
-6.020025031289112	-0.07266480312713713	-0.0008181722007314241
-5.994993742177721	-0.0728701294103676	-0.0008228109907899689
-5.9699624530663336	-0.07307662119483795	-0.00082748943688151
-5.9449311639549425	-0.07328428845507512	-0.0008322079938239188
-5.919899874843555	-0.07349314128012098	-0.0008369671230051671
-5.894868585732166	-0.07370318987518834	-0.0008417672924983168
-5.869837296620776	-0.07391444456334562	-0.0008466089771788769
-5.844806007509387	-0.07412691578723125	-0.0008514926588445997
-5.819774718397998	-0.0743406141107984	-0.0008564188263377676
-5.7947434292866085	-0.07455555022109027	-0.0008613879756700324
-5.769712140175219	-0.07477173493004721	-0.0008664006101498695
-5.74468085106383	-0.07498917917634575	-0.00087145724051271
-5.719649561952441	-0.07520789402727052	-0.000876558385053816
-5.694618272841051	-0.07542789068061972	-0.0008817045697639668
-5.669586983729662	-0.07564918046664487	-0.0008868963284680243
-5.644555694618273	-0.07587177485002536	-0.0008921342029664522
-5.619524405506883	-0.0760956854318788	-0.0008974187431798549
-5.594493116395494	-0.07632092395180791	-0.000902750507296618
-5.569461827284105	-0.07654750228998444	-0.0009081300619237267
-5.5444305381727155	-0.07677543246927145	-0.0009135579822408372
-5.519399249061326	-0.0770047266573841	-0.0009190348521576897
-5.494367959949937	-0.07723539716909048	-0.00092456126447494
-5.469336670838549	-0.07746745646845282	-0.000930137821048503
-5.444305381727158	-0.07770091717111029	-0.0009357651329574947
-5.419274092615769	-0.07793579204660393	-0.0009414438206758597
-5.3942428035043815	-0.07817209402074528	-0.0009471745142477898
-5.36921151439299	-0.07840983617802896	-0.000952957853467021
-5.344180225281603	-0.07864903176409056	-0.0009587944880601106
-5.319148936170212	-0.07888969418821086	-0.0009646850778738062
-5.2941176470588225	-0.0791318370258672	-0.0009706302930666
-5.269086357947435	-0.07937547402133328	-0.0009766308143045871
-5.244055068836044	-0.07962061909032854	-0.0009826873329617418
-5.219023779724656	-0.0798672863227175	-0.0009888005513247152
-5.193992490613266	-0.0801154899852616	-0.0009949711828022931
-5.168961201501876	-0.08036524452442322	-0.0010011999521396205
-5.1439299123904885	-0.0806165645692241	-0.0010074875956373303
-5.1188986232791	-0.080869464934159	-0.0010138348613757064
-5.09386733416771	-0.08112396062216592	-0.0010202425094440087
-5.06883604505632	-0.08138006682765409	-0.0010267113121751104
-5.043804755944931	-0.08163779893959129	-0.0010332420543855835
-5.018773466833542	-0.08189717254465198	-0.0010398355336213873
-4.993742177722154	-0.08215820343042687	-0.0010464925604093053
-4.968710888610763	-0.0824209075886965	-0.001053213958514295
-4.943679599499373	-0.08268530121876946	-0.0010600005652029116
-4.918648310387985	-0.08295140073088725	-0.001066853231512973
-4.893617021276597	-0.08321922274969715	-0.0010737728225296442
-4.868585732165207	-0.0834887841177948	-0.0010807602176681112
-4.843554443053817	-0.08376010189933797	-0.0010878163109630371
-4.818523153942427	-0.08403319338373376	-0.0010949420113649947
-4.793491864831038	-0.08430807608940014	-0.0011021382430440622
-4.768460575719651	-0.08458476776760461	-0.0011094059457007971
-4.7434292866082615	-0.0848632864063811	-0.0011167460748847935
-4.71839799749687	-0.08514365023452718	-0.0011241596023210383
-4.69336670838548	-0.08542587772568384	-0.0011316475162443
-4.668335419274092	-0.08570998760249975	-0.0011392108217417778
-4.643304130162704	-0.08599599884088183	-0.0011468505411042506
-4.618272841051315	-0.08628393067433458	-0.0011545677141859795
-4.593241551939924	-0.08657380259839023	-0.0011623633987736153
-4.568210262828536	-0.08686563437513195	-0.0011702386709643822
-4.543178973717147	-0.08715944603781277	-0.0011781946255538208
-4.518147684605758	-0.0874552578955722	-0.0011862323764333543
-4.4931163954943685	-0.08775309053825325	-0.0011943530569979977
-4.468085106382977	-0.08805296484132248	-0.0012025578205645015
-4.44305381727159	-0.08835490197089538	-0.00121084784080025
-4.418022528160201	-0.08865892338887055	-0.0012192243121632493
-4.392991239048811	-0.08896505085817437	-0.0012276884503535312
-4.367959949937422	-0.08927330644812004	-0.001236241492776339
-4.342928660826031	-0.08958371253988351	-0.001244884699017456
-4.317897371714643	-0.08989629183209923	-0.001253619351331049
-4.292866082603254	-0.09021106734657948	-0.0012624467551404365
-4.267834793491865	-0.09052806243415981	-0.0012713682395521643
-4.2428035043804755	-0.09084730078067436	-0.0012803851578838362
-4.217772215269086	-0.09116880641306463	-0.001289498888206122
-4.192740926157699	-0.0914926037056249	-0.001298710833899402
-4.167709637046308	-0.0918187173863886	-0.0013080224242255308
-4.142678347934918	-0.09214717254365838	-0.001317435114915185
-4.117647058823529	-0.09247799463268538	-0.0013269503887713436
-4.09261576971214	-0.09281120948250034	-0.0013365697562893915
-4.067584480600752	-0.09314684330290127	-0.0013462947562944238
-4.042553191489361	-0.0934849226916026	-0.001356126956596314
-4.017521902377972	-0.0938254746415492	-0.0013660679546631301
-3.9924906132665825	-0.09416852654840081	-0.0013761193783135457
-3.967459324155193	-0.09451410621819137	-0.0013862828864288604
-3.9424280350438052	-0.09486224187516791	-0.0013965601696853127
-3.917396745932415	-0.0952129621698148	-0.0014069529513073926
-3.8923654568210257	-0.09556629618706784	-0.0014174629878428565
-3.867334167709638	-0.09592227345472464	-0.001428092069960227
-3.8423028785982494	-0.09628092395205592	-0.0014388420232695513
-3.8172715894868587	-0.09664227811862447	-0.0014497147091672392
-3.7922403003754686	-0.09700636686331729	-0.0014607120257058481
-3.7672090112640793	-0.09737322157359773	-0.0014718359084897
-3.7421777221526913	-0.0977428741249837	-0.0014830883315972716
-3.717146433041303	-0.09811535689075873	-0.0014944713085313182
-3.6921151439299127	-0.09849070275192341	-0.0015059868931977644
-3.6670838548185225	-0.09886894510739379	-0.001517637180914408
-3.6420525657071328	-0.09925011788445481	-0.0015294243094505597
-3.617021276595745	-0.09963425554947629	-0.001541350460098769
-3.5919899874843564	-0.10002139311889977	-0.001553417858779859
-3.566958698372966	-0.1004115661705043	-0.0015656287771825205
-3.541927409261576	-0.10080481085496036	-0.0015779855339388177
-3.5168961201501876	-0.10120116390768061	-0.001590490495836974
-3.4918648310387996	-0.10160066266097724	-0.0016031460790729133
-3.46683354192741	-0.10200334505653537	-0.0016159547505420605
-3.4418022528160197	-0.10240924965821266	-0.0016289190291730188
-3.4167709637046295	-0.1028184156651763	-0.0016420414873047958
-3.391739674593241	-0.10323088292538754	-0.0016553247521093302
-3.366708385481853	-0.10364669194944594	-0.0016687715070611859
-3.341677096370464	-0.10406588392480487	-0.0016823844934563265
-3.3166458072590737	-0.1044885007303705	-0.0016961665119820347
-3.291614518147683	-0.10491458495149776	-0.0017101204243401046
-3.2665832290362946	-0.10534417989539632	-0.0017242491549255643
-3.2415519399249066	-0.1057773296069607	-0.001738555692563311
-3.2165206508135173	-0.10621407888503914	-0.0017530430923051376
-3.191489361702127	-0.1066544732991566	-0.0017677144772897959
-3.166458072590739	-0.10709855920670747	-0.0017825730406688689
-3.14142678347935	-0.10754638377063538	-0.0017976220476013773
-3.11639549436796	-0.10799799497761643	-0.0018128648373201975
-3.091364205256571	-0.10845344165676475	-0.0018283048252735624
-3.0663329161451807	-0.10891277349887935	-0.0018439455053450883
-3.0413016270337927	-0.10937604107625132	-0.001859790452155954
-3.0162703379224034	-0.1098432958630533	-0.0018758433234531062
-2.991239048811014	-0.11031459025633192	-0.0018921078625875397
-2.966207759699625	-0.11078997759762646	-0.0019085879010869952
-2.941176470588234	-0.11126951219523745	-0.0019252873613276357
-2.916145181476846	-0.11175324934717039	-0.0019422102593095539
-2.891113892365457	-0.1122412453647806	-0.0019593607075412815
-2.8660826032540676	-0.11273355759714647	-0.0019767429180387354
-2.8410513141426783	-0.11323024445620064	-0.001994361205444453
-2.816020025031289	-0.11373136544264911	-0.002012219990273277
-2.790988735919901	-0.1142369811727098	-0.0020303238022910826
-2.7659574468085104	-0.11474715340570517	-0.0020486772840335662
-2.740926157697121	-0.11526194507254295	-0.0020672851944725495
-2.715894868585732	-0.1157814203051234	-0.002086152412837811
-2.6908635794743425	-0.11630564446671135	-0.002105283942602932
-2.6658322903629545	-0.11683468418331516	-0.002124684915644282
-2.6408010012515644	-0.11736860737611572	-0.002144360596582875
-2.615769712140175	-0.11790748329499168	-0.0021643163873195036
-2.5907384230287853	-0.11845138255319004	-0.002184557831774366
-2.565707133917396	-0.11900037716319312	-0.0022050906208431116
-2.540675844806008	-0.11955454057383669	-0.0022259205975822013
-2.515644555694618	-0.12011394770873703	-0.002247053762637391
-2.4906132665832286	-0.12067867500608803	-0.0022684962799301767
-2.4655819774718406	-0.12124880045989347	-0.00229025448261823
-2.440550688360452	-0.12182440366270333	-0.002312334879347035
-2.4155193992490616	-0.12240556584992732	-0.002334744160811321
-2.3904881101376714	-0.1229923699458037	-0.0023574892066463727
-2.365456821026282	-0.1235849006111065	-0.0023805770926709127
-2.340425531914894	-0.12418324429267928	-0.002404015098505025
-2.3153942428035057	-0.12478748927488971	-0.0024278107155885657
-2.2903629536921155	-0.12539772573310565	-0.002451971655627605
-2.2653316645807253	-0.12601404578930045	-0.0024765058594988744
-2.2403003754693356	-0.12663654356990195	-0.002501421506644717
-2.2152690863579476	-0.12726531526600904	-0.0025267270249939764
-2.190237797246559	-0.12790045919610665	-0.0025524311014473557
-2.165206508135169	-0.12854207587142188	-0.002578542692969317
-2.140175219023779	-0.129190268064072	-0.002605071038332472
-2.1151439299123904	-0.12984514087816906	-0.00263202567056465
-2.0901126408010025	-0.13050680182405622	-0.0026594164301536657
-2.0650813516896127	-0.13117536089586515	-0.0026872534790700056
-2.0400500625782225	-0.13185093065259962	-0.002715547315673619
-2.0150187734668323	-0.13253362630296603	-0.0027443087905775158
-1.989987484355444	-0.13322356579418948	-0.0027735491235481584
-1.9649561952440555	-0.13392086990507454	-0.0028032799215309
-1.939924906132667	-0.13462566234359066	-0.0028335131978977175
-1.914893617021277	-0.13533806984928753	-0.002864261393024902
-1.8898623279098858	-0.13605822230087022	-0.002895537396319701
-1.8648310387984974	-0.13678625282929616	-0.0029273545698279744
-1.839799749687109	-0.13752229793678544	-0.002959726773569392
-1.8147684605757206	-0.13826649762217338	-0.0029926683927630707
-1.7897371714643304	-0.13901899551307545	-0.0030261943671252185
-1.764705882352942	-0.13977993900537547	-0.003060320222441115
-1.7396745932415527	-0.14054947941060297	-0.0030950621046377256
-1.7146433041301625	-0.14132777211181421	-0.0031304368166099722
-1.6896120150187741	-0.14211497672865958	-0.0031664618580845546
-1.664580725907384	-0.14291125729238446	-0.0032031554688400294
-1.6395494367959955	-0.14371678243158964	-0.0032405366756416898
-1.6145181476846062	-0.1445317255696654	-0.0032786253432955303
-1.589486858573217	-0.145356265134909	-0.003317442230277609
-1.5644555694618276	-0.14619058478444708	-0.0033570090494552613
-1.5394242803504374	-0.14703487364320839	-0.0033973485344855102
-1.514392991239049	-0.1478893265593319	-0.0034384845125555313
-1.4893617021276597	-0.1487541443775569	-0.0034804419842220085
-1.4643304130162704	-0.14962953423231964	-0.0035232472112123984
-1.4392991239048811	-0.15051570986248897	-0.003566927813174762
-1.4142678347934918	-0.1514128919499069	-0.0036115128745062308
-1.3892365456821025	-0.15232130848416725	-0.0036570330625576167
-1.3642052565707132	-0.1532411951563724	-0.0037035207587073063
-1.339173967459324	-0.15417279578495874	-0.0037510102040267694
-1.3141426783479346	-0.15511636277708446	-0.0037995376615292736
-1.2891113892365453	-0.15607215762953938	-0.003849141597310597
-1.264080100125157	-0.15704045147366988	-0.0038998628832650683
-1.2390488110137667	-0.15802152566943556	-0.003951745024504046
-1.2140175219023774	-0.15901567245443024	-0.004004834415130982
-1.1889862327909881	-0.1600231956545389	-0.0040591806266553915
-1.1639549436795988	-0.16104441146387388	-0.004114836734078623
-1.1389236545682104	-0.1620796493027725	-0.004171859685584682
-1.1138923654568202	-0.16312925276397217	-0.004230310722852355
-1.0888610763454318	-0.16419358065864137	-0.00429025586031248
-1.0638297872340434	-0.16527300817579016	-0.004351766433258604
-1.0387984981226523	-0.16636792817075788	-0.004414919726645964
-1.013767209011264	-0.16747875260104925	-0.004479799698765813
-0.9887359198998737	-0.16860591413085352	-0.004546497816865398
-0.9637046307884853	-0.1697498679292138	-0.004615114025331789
-0.9386733416770969	-0.17091109369116858	-0.004685757871444109
-0.9136420525657085	-0.17209009791639024	-0.004758549819144066
-0.8886107634543183	-0.17328741648610177	-0.004833622788067694
-0.8635794743429273	-0.1745036175865894	-0.004911123963595732
-0.8385481852315388	-0.1757393050367356	-0.004991216934406792
-0.8135168961201504	-0.1769951220880367	-0.005074084227602303
-0.788485607008762	-0.17827175577898122	-0.005159930328771392
-0.7634543178973718	-0.1795699419420229	-0.005248985296520294
-0.7384230287859816	-0.1808904709813587	-0.005341509109537893
-0.7133917396745932	-0.18223419456419898	-0.005437796921282446
-0.6883604505632039	-0.18360203339824877	-0.005538185445679968
-0.6633291614518155	-0.18499498630502864	-0.005643060760702305
-0.6382978723404253	-0.18641414084405777	-0.005752867900709965
-0.6132665832290352	-0.18786068579872184	-0.0058681227204878
-0.5882352941176467	-0.18933592590312065	-0.00598942666450572
-0.5632040050062583	-0.19084129927285906	-0.006117485279054773
-0.5381727158948699	-0.19237839810421462	-0.006253131583968567
-0.5131414267834788	-0.19394899332760906	-0.006397355805639081
-0.48811013767208866	-0.19555506404363357	-0.006551343509268231
-0.46307884856070025	-0.19719883273042996	-0.006716524922627967
-0.43804755944931184	-0.19888280737991054	-0.00689463931577877
-0.41301627033792343	-0.20060983187174503	-0.0070878198416042815
-0.38798498122653324	-0.2023831459723393	-0.007298706479779015
-0.36295369211514483	-0.20420645623524927	-0.007530598014546563
-0.33792240300375376	-0.20608401854598074	-0.007787658862326044
-0.31289111389236535	-0.20802073163291662	-0.008075203906526898
-0.28785982478097694	-0.21002223763428085	-0.008400095643874346
-0.26282853566958675	-0.212095018929824	-0.008771305022626607
-0.23779724655819834	-0.21424646622238036	-0.009200713666935895
-0.21276595744680904	-0.21648486379043774	-0.009704275742636694
-0.18773466833541974	-0.21881917851920218	-0.010303719587565794
-0.16270337922403044	-0.2212584177305557	-0.01102906054208241
-0.13767209011264026	-0.22381006995902064	-0.011922319998132673
-0.11264080100125184	-0.22647662299180063	-0.013042973731234074
-0.08760951188986255	-0.2292480820626474	-0.014475639733765769
-0.06257822277847325	-0.23208626799977863	-0.016339822414813472
-0.03754693366708395	-0.23489277588405866	-0.018798409375734265
-0.01251564455569465	-0.23744733872016321	-0.0220510931784633
0.01251564455569465	-0.2393060209661809	-0.02627002413135785
0.03754693366708395	-0.23970118286327677	-0.031381469577380014
0.06257822277847325	-0.2376822042966128	-0.03660916979158715
0.08760951188986255	-0.23295709072720955	-0.040148126967640474
0.11264080100125184	-0.22704783346224341	-0.04014469568300141
0.13767209011264114	-0.2225819510939132	-0.036693977675260975
0.16270337922403044	-0.22092882070479264	-0.031721324590222935
0.18773466833541974	-0.2216977327934157	-0.026963020423807212
0.21276595744680726	-0.22393374104193714	-0.023121995211473526
0.23779724655819834	-0.22689531984026357	-0.020239761267116737
0.26282853566958764	-0.23016056943457674	-0.01813729768283616
0.28785982478097694	-0.23352225015467237	-0.016616947387945304
0.31289111389236623	-0.2368888742268958	-0.015519612335185763
0.33792240300375376	-0.2402259101047844	-0.01472917295366745
0.36295369211514483	-0.24352542237868263	-0.014163612673452548
0.38798498122653235	-0.2467912369307187	-0.013765382776136533
0.41301627033792343	-0.25003188561450823	-0.01349389957878362
0.43804755944931273	-0.253257331194612	-0.01332025159203316
0.46307884856070025	-0.2564775084854083	-0.013223592336012814
0.4881101376720913	-0.2597017312185941	-0.01318870384759794
0.5131414267834788	-0.2629385054359034	-0.013204346343459204
0.5381727158948699	-0.26619552731969864	-0.013262130894956828
0.5632040050062574	-0.2694797583509487	-0.01335574075134776
0.5882352941176467	-0.2727975268002504	-0.01348038686927799
0.6132665832290378	-0.27615463205998725	-0.013632422436741183
0.6382978723404253	-0.2795564417800783	-0.013809066623567182
0.6633291614518164	-0.28300797827024515	-0.014008204307361265
0.6883604505632039	-0.2865139936755945	-0.014228239312624515
0.7133917396745932	-0.29007903476219177	-0.014467985812192222
0.7384230287859808	-0.2937074986402232	-0.014726587277230533
0.7634543178973718	-0.29740368084534474	-0.01500345555318771
0.7884856070087629	-0.30117181711523244	-0.015298224813627286
0.8135168961201504	-0.3050161200480275	-0.015610716642734914
0.8385481852315397	-0.3089408116649858	-0.01594091354218671
0.8635794743429273	-0.31295015274508764	-0.016288938894644438
0.8886107634543183	-0.3170484696639826	-0.016655041941102417
0.9136420525657059	-0.32124017935569416	-0.01703958670754191
0.9386733416770969	-0.3255298129221759	-0.01744304409187258
0.9637046307884862	-0.329922038340807	-0.017865986525117908
0.9887359198998737	-0.33442168266085015	-0.0183090847721405
1.0137672090112648	-0.3390337540342639	-0.018773106551519828
1.0387984981226523	-0.3437634638920508	-0.019258916741845513
1.0638297872340434	-0.3486162495527695	-0.019767479010073384
1.088861076345431	-0.3535977975334883	-0.020299858752064262
1.1138923654568202	-0.35871406782435233	-0.02085722727993307
1.1389236545682113	-0.36397131938510857	-0.021440867228299725
1.1639549436795988	-0.36937613712498896	-0.02205217918420617
1.18898623279099	-0.3749354606358146	-0.022692689575083483
1.2140175219023774	-0.38065661496194864	-0.023364059877139402
1.2390488110137667	-0.3865473437098489	-0.024068097234089376
1.264080100125156	-0.39261584482451617	-0.024806766604319394
1.2891113892365453	-0.39887080939059605	-0.02558220458435813
1.3141426783479364	-0.40532146385263973	-0.026396735088918277
1.339173967459324	-0.41197761609284433	-0.027252887103783888
1.3642052565707132	-0.41884970585632	-0.028153414768593586
1.3892365456821025	-0.4259488600746424	-0.029101320093366644
1.4142678347934918	-0.4332869537095846	-0.03009987866693238
1.4392991239048811	-0.44087667682201054	-0.031152668778991862
1.4643304130162704	-0.44873160866806705	-0.032263604452489714
1.4893617021276597	-0.456866299738382	-0.033436972971865125
1.514392991239049	-0.46529636278892383	-0.03467747759874338
1.5394242803504383	-0.4740385740680353	-0.03599028629362548
1.5644555694618276	-0.48311098612723063	-0.03738108741498977
1.589486858573217	-0.4925330538188285	-0.038856153552017686
1.6145181476846044	-0.5023257753377577	-0.04042241487154506
1.6395494367959955	-0.5125118504656181	-0.04208754363350349
1.6645807259073848	-0.5231158585317525	-0.04386005186435579
1.6896120150187741	-0.5341644590303226	-0.045749404590599715
1.7146433041301634	-0.5456866183382514	-0.047766151544521004
1.739674593241551	-0.5577138665840801	-0.04992208088820468
1.764705882352942	-0.5702805894437192	-0.05223039929334747
1.7897371714643295	-0.583424360512493	-0.054705943708146326
1.8147684605757206	-0.5971863209569005	-0.05736543139704488
1.83979974968711	-0.6116116144248851	-0.06022775643195093
1.8648310387984974	-0.6267498867412225	-0.06331434284826443
1.8898623279098885	-0.6426558617974526	-0.06664956729467475
1.914893617021276	-0.65939000734166	-0.07026126739049024
1.939924906132667	-0.6770193071779833	-0.07418135641499758
1.9649561952440546	-0.6956181597157722	-0.07844657074306147
1.989987484355444	-0.7152694270052243	-0.08309938409958981
2.015018773466835	-0.736065663526194	-0.08818913291750835
2.0400500625782225	-0.7581105602501766	-0.09377341081679025
2.065081351689613	-0.7815206470749909	-0.09991980885437374
2.090112640801001	-0.8064273058274163	-0.10670810371108494
2.1151439299123904	-0.8329791567589021	-0.11423303126833509
2.1401752190237784	-0.8613448937469693	-0.12260783232647467
2.165206508135169	-0.8917166567482255	-0.13196882683093153
2.1902377972465596	-0.9243140430026432	-0.14248137236733238
2.2152690863579476	-0.9593888677990847	-0.15434770623429972
2.240300375469337	-0.9972307843681858	-0.16781738015100894
2.265331664580725	-1.0381738465773962	-0.18320130675986243
2.2903629536921155	-1.0826040193022235	-0.20089090087380498
2.315394242803503	-1.1309674532557346	-0.2213844995928746
2.340425531914894	-1.1837789309448417	-0.24532431530990523
2.3654568210262834	-1.2416290312697886	-0.2735488182497251
2.3904881101376714	-1.3051867902196057	-0.30716796813336583
2.415519399249062	-1.3751910034688102	-0.347672548046679
2.4405506883604495	-1.452415845627058	-0.3970944832973556
2.4655819774718406	-1.5375810302577726	-0.4582425796946028
2.490613266583228	-1.631144684456466	-0.5350457302128487
2.515644555694618	-1.7328510890842508	-0.633033925886864
2.5406758448060085	-1.840773877697048	-0.7599418675788348
2.565707133917396	-1.949358859129164	-0.9262197754677315
2.590738423028787	-2.0456746945030293	-1.1445692259798168
2.6157697121401746	-2.1033315302668045	-1.4258258174629614
2.6408010012515644	-2.077016665494497	-1.7653527621649172
2.665832290362953	-1.912875197726934	-2.1157717539956256
2.6908635794743425	-1.6011797764521876	-2.3712966312274526
2.7158948685857336	-1.240371260632387	-2.433103078296001
2.740926157697121	-0.9835757293607899	-2.323739197919718
2.765957446808511	-0.9017691964231845	-2.1674444343298562
2.7909887359198997	-0.9650884850234976	-2.073550286712751
2.816020025031289	-1.1116594802750956	-2.096344929743887
2.841051314142678	-1.2843959488221506	-2.260049046878649
2.8660826032540676	-1.426151969516277	-2.5821281956819204
2.8911138923654573	-1.4585672786258748	-3.073567184961542
2.916145181476846	-1.2637478406493758	-3.7077444736485425
2.9411764705882355	-0.7084009092603425	-4.35381246852962
2.9662077596996244	0.22734285812194394	-4.741494785744761
2.991239048811014	1.3005348714586544	-4.6250618709421385
3.0162703379224016	2.1462822119594733	-4.053054953708244
3.0413016270337927	2.6030691022601076	-3.3047100397038958
3.066332916145182	2.743005365406706	-2.607571188374399
3.091364205256571	2.69960486077999	-2.0454137579783547
3.1163954943679606	2.5714655787771226	-1.6175608772946775
3.141426783479348	2.413478039543084	-1.2972151732910326
3.166458072590739	2.2522450085209518	-1.0566506473998132
3.1914893617021267	2.099345942773665	-0.8739157887826717
3.2165206508135173	1.9590371527344246	-0.7330544033402621
3.241551939924907	1.8321912660474549	-0.6227847941845146
3.2665832290362946	1.7182130570436842	-0.5351611965364078
3.2916145181476857	1.615946804264712	-0.46454901826444756
3.316645807259073	1.524094808459297	-0.406905741800227
3.341677096370464	1.4414015082230778	-0.3592912670237724
3.366708385481852	1.3667262100898616	-0.31953676319018
3.391739674593241	1.2990638385660116	-0.28601983666440756
3.416770963704632	1.237542408009106	-0.2575104769180613
3.4418022528160197	1.1814110250416778	-0.23306426289350338
3.4668335419274103	1.130024961245715	-0.21194738590927414
3.4918648310387983	1.082830776534113	-0.19358332427914568
3.5168961201501876	1.0393527367209308	-0.17751442973705045
3.5419274092615756	0.9991809341664231	-0.16337391169388046
3.566958698372966	0.961961133827864	-0.15086516178753187
3.591989987484357	0.9273862021779653	-0.1397463230850065
3.617021276595745	0.8951889195510532	-0.12981865040159477
3.642052565707134	0.8651359703081644	-0.12091764169911237
3.667083854818522	0.8370229211038958	-0.11290621655499031
3.6921151439299127	0.8106700213545941	-0.10566942215510139
3.7171464330413	0.785918685020558	-0.09911029005365082
3.7421777221526913	0.7626285360470753	-0.0931465677405943
3.7672090112640806	0.7406749201545294	-0.08770812094985256
3.7922403003754686	0.7199468029202558	-0.08273485442914154
3.817271589486859	0.7003449884540884	-0.07817503655258293
3.8423028785982467	0.6817806047891145	-0.07398394079321685
3.867334167709638	0.6641738117766836	-0.0701227375284552
3.8923654568210253	0.6474526951555926	-0.06655758491816424
3.917396745932415	0.6315523168807599	-0.063258879078722
3.9424280350438057	0.616413897019626	-0.0602006324795685
3.967459324155193	0.6019841067802378	-0.0573599561319377
3.9924906132665843	0.588214455708628	-0.05471662624503457
4.017521902377972	0.5750607589341488	-0.052252719974407356
4.042553191489361	0.5624826726706575	-0.049952307961525416
4.06758448060075	0.5504432880963516	-0.047801193770892224
4.09261576971214	0.5389087753134164	-0.0457866922267984
4.117647058823531	0.5278480703936563	-0.04389744015296329
4.142678347934918	0.5172325995982567	-0.04212323421316243
4.167709637046308	0.507036035759623	-0.04045489150677071
4.192740926157697	0.49723408256378154	-0.03888412934146637
4.217772215269086	0.487804283099598	-0.03740346122575584
4.2428035043804755	0.47872584956781644	-0.036006106627210724
4.267834793491865	0.46997951148607076	-0.03468591245220867
4.292866082603254	0.46154738009993024	-0.03343728453822588
4.317897371714643	0.45341282702640684	-0.032255127725011254
4.342928660826033	0.44556037542473226	-0.03113479329786715
4.367959949937422	0.43797560221751797	-0.030072032783957578
4.392991239048811	0.4306450500800993	-0.029062957238381107
4.418022528160199	0.4235561480823315	-0.02810400128653602
4.44305381727159	0.416697140009771	-0.02719189129777109
4.468085106382979	0.41005701951376405	-0.026323617156249167
4.4931163954943685	0.403625471345499	-0.025496407171412903
4.518147684605758	0.39739281802021975	-0.02470770573493737
4.543178973717145	0.3913499713365918	-0.02395515338559722
4.568210262828536	0.38548838824454745	-0.02323656898974091
4.593241551939924	0.37980003061430995	-0.022549933784408414
4.618272841051315	0.3742773285109453	-0.021893377063670054
4.643304130162704	0.36891314662391506	-0.02126516331744182
4.668335419274092	0.3637007535404514	-0.02066368065659435
4.693366708385483	0.3586337935861202	-0.020087430379278008
4.71839799749687	0.35370626098618707	-0.01953501755154809
4.7434292866082615	0.3489124761279962	-0.01900514249104391
4.768460575719649	0.34424706372802333	-0.018496593056028188
4.793491864831038	0.33970493272788166	-0.018008237653827752
4.818523153942429	0.33528125776185314	-0.0175390188929129
4.843554443053817	0.33097146205462896	-0.017087947811715395
4.868585732165208	0.3267712016222765	-0.016654098625013887
4.8936170212765955	0.3226763506621587	-0.01623660393546434
4.918648310387985	0.3186829880288043	-0.01583465036375336
4.943679599499372	0.3147873847028169	-0.015447474556028854
4.968710888610763	0.3109859921688455	-0.015074359531800986
4.9937421777221545	0.3072754316266745	-0.014714631339502453
5.018773466833542	0.30365248396662586	-0.014367655990412773
5.043804755944931	0.3001140804468939	-0.014032836644755879
5.068836045056319	0.2966572940161747	-0.013709611026522356
5.09386733416771	0.293279331230102	-0.013397449045993107
5.118898623279097	0.28997752471465654	-0.013095850611093576
5.1439299123904885	0.2867493261338635	-0.012804343610614426
5.168961201501878	0.283592299622882	-0.012522482054033349
5.193992490613265	0.2805041156509521	-0.012249844354180235
5.219023779724656	0.2774825452817499	-0.011986031740335584
5.244055068836044	0.27452545480146173	-0.011730666790552144
5.269086357947435	0.27163080068738793	-0.01148339207306236
5.2941176470588225	0.2687966248921767	-0.011243868887595905
5.319148936170212	0.26602105042082347	-0.0110117760982895
5.344180225281603	0.263302277179466	-0.010786809050644755
5.36921151439299	0.26063857807668855	-0.01056867856568074
5.3942428035043815	0.25802829535959854	-0.010357110005051268
5.419274092615769	0.2554698371683597	-0.010151842401457917
5.444305381727158	0.25296167429412686	-0.009952627649193146
5.469336670838548	0.2505023371265256	-0.009759229750105094
5.494367959949937	0.2480904127778668	-0.009571424110685314
5.519399249061328	0.24572454237227964	-0.009388996886353296
5.5444305381727155	0.24340341848883512	-0.009211744369347599
5.569461827284105	0.24112578274854968	-0.009039472416937677
5.594493116395494	0.23889042353591755	-0.008871995916947348
5.619524405506883	0.23669617384629854	-0.008709138287830456
5.644555694618273	0.23454190925112878	-0.008550731010767577
5.669586983729662	0.2324265459734987	-0.008396613191459151
5.694618272841051	0.2303490390671778	-0.008246631149478777
5.719649561952441	0.22830838069265683	-0.008100638033221863
5.74468085106383	0.22630359848423065	-0.007958493458641126
5.769712140175219	0.2243337540025626	-0.007820063170102996
5.7947434292866085	0.2223979412675543	-0.00768521872182923
5.819774718397996	0.2204952853667023	-0.007553837178506996
5.844806007509387	0.2186249411344466	-0.007425800833759489
5.869837296620776	0.2167860918983262	-0.007300996945268935
5.894868585732166	0.2149779482880258	-0.007179317485434652
5.919899874843555	0.2131997471036699	-0.00706065890653308
5.9449311639549425	0.21145075023995086	-0.00694492191942294
5.9699624530663336	0.20973024366290288	-0.006832011284909343
5.994993742177721	0.20803753643634484	-0.00672183561694557
6.020025031289112	0.20637195979519526	-0.006614307196910233
6.0450563204005014	0.2047328662630545	-0.006509341798253123
6.07008760951189	0.20311962881160114	-0.006406858520852539
6.09511889862328	0.20153164005951205	-0.006306779634474133
6.120150187734667	0.19996831150875438	-0.006209030430763728
6.145181476846059	0.19842907281622923	-0.0061135390832460414
6.170212765957445	0.19691337109887666	-0.006020236514838188
6.195244055068836	0.19542067027045565	-0.0059290562724197225
6.2202753441802265	0.19395045040833483	-0.005839934408033189
6.245306633291613	0.19250220714871508	-0.005752809366316893
6.270337922403005	0.19107545110880778	-0.005667621877799015
6.295369211514392	0.18966970733458083	-0.00558431485770673
6.320400500625783	0.18828451477275424	-0.00550283330996639
6.3454317897371695	0.1869194257658214	-0.005423124236092961
6.37046307884856	0.18557400556892387	-0.005345136548685502
6.395494367959952	0.18424783188749191	-0.005268820989264768
6.420525657071338	0.18294049443461188	-0.0051941300502051715
6.445556946182729	0.18165159450714577	-0.005121017900529476
6.470588235294116	0.18038074457968653	-0.005049440315349424
6.495619524405506	0.17912756791547318	-0.0049793546087485135
6.520650813516895	0.177891698193452	-0.004910719569916619
6.545682102628285	0.1766727791507006	-0.0048434954023571924
6.570713391739676	0.17547046423948737	-0.00477764366599942
6.5957446808510625	0.17428441629826813	-0.0047131272220575365
6.620775969962453	0.17311430723596438	-0.004649910180489217
6.645807259073841	0.17195981772890473	-0.004587957849914051
6.670838548185231	0.17082063692983557	-0.004527236689861038
6.695869837296622	0.16969646218844875	-0.00446771426522227
6.720901126408009	0.16858699878289501	-0.004409359202796887
6.745932415519399	0.16749195966178304	-0.004352141149816352
6.770963704630788	0.1664110651961912	-0.004296030734348523
6.795994993742178	0.16534404294123856	-0.004240999527483639
6.821026282853566	0.1642906274067908	-0.004187020007211304
6.8460575719649555	0.16325055983689277	-0.004134065523902398
6.871088861076346	0.16222358799754502	-0.004082110267315009
6.896120150187734	0.16120946597245656	-0.004031129235047865
6.921151439299124	0.16020795396642643	-0.003981098202369099
6.946182728410513	0.15921881811602498	-0.003931993693352282
6.971214017521902	0.15824183030725872	-0.0038837929532552547
6.996245306633291	0.15727676799992174	-0.0038364739220810512
7.0212765957446805	0.15632341405834788	-0.0037900152092633288
7.046307884856071	0.15538155658829417	-0.003744396069422016
7.071339173967459	0.1544509887796977	-0.00369959637913773
7.0963704630788484	0.1535315087550595	-0.0036555966146962693
7.121401752190238	0.15262291942322442	-0.003612377830757225
7.146433041301627	0.15172502833833135	-0.003569921639902984
7.171464330413016	0.15083764756372348	-0.0035282101930268995
7.196495619524406	0.14996059354061622	-0.003487226160521456
7.221526908635795	0.14909368696132874	-0.0034469527142293333
7.246558197747184	0.14823675264689637	-0.00340737351012221
7.2715894868585735	0.14738961942888767	-0.0033684726716739378
7.296620775969963	0.14655212003525833	-0.0033302347738964513
7.321652065081352	0.1457240909800826	-0.003292644828008369
7.3466833541927405	0.14490537245700885	-0.003255688266707789
7.371714643304131	0.14409580823629348	-0.0032193509300221996
7.39674593241552	0.14329524556527395	-0.003183619051709799
7.421777221526909	0.1425035350721473	-0.0031484792461877764
7.446808510638299	0.14172053067292711	-0.0031139184959643614
7.471839799749687	0.14094608948145654	-0.0030799241395525413
7.496871088861077	0.1401800717223618	-0.0030464838598444665
7.521902377972466	0.13942234064683381	-0.0030135856729265765
7.546933667083856	0.13867276245113147	-0.002981217917316443
7.571964956195245	0.1379312061977052	-0.002949369243603253
7.5969962453066335	0.13719754373884163	-0.00291802860447471
7.622027534418024	0.13647164964273764	-0.002887185245113969
7.647058823529412	0.13575340112191236	-0.0028568286939509866
7.672090112640802	0.1350426779638725	-0.002826948753753408
7.697121401752189	0.13433936246394798	-0.0027975354930428247
7.72215269086358	0.13364333936021924	-0.0027685792378228575
7.74718397997497	0.13295449577046134	-0.0027400705636062444
7.772215269086359	0.13227272113103034	-0.0027120002877285493
7.797246558197749	0.13159790713762495	-0.0026843594619368493
7.8222778473091354	0.13092994768785474	-0.0026571393652421796
7.8473091364205265	0.13026873882555182	-0.002630331497025041
7.872340425531913	0.12961417868676497	-0.0026039275703838363
7.897371714643305	0.12896616744737538	-0.002577919505716395
7.922403003754695	0.12832460727228032	-0.0025522994245254452
7.947434292866082	0.1276894022660873	-0.0025270596434389747
7.972465581977473	0.1270604584252685	-0.0025021926684371237
7.99749687108886	0.12643768359172514	-0.0024776911892774693
8.022528160200253	0.12582098740771186	-0.0024535480741108722
8.047559449311638	0.12521028127207798	-0.002429756364280612
8.072590738423028	0.12460547829777688	-0.0024063092692975423
8.09762202753442	0.12400649327060499	-0.002383200161984649
8.122653316645806	0.1234132426091263	-0.002360422573784423
8.147684605757199	0.12282564432574286	-0.0023379701902228062
8.172715894868585	0.12224361798887606	-0.002315836846523908
8.197747183979974	0.12166708468621737	-0.0022940165233695945
8.222778473091363	0.12109596698901808	-0.0022725033427986874
8.247809762202753	0.12053018891738018	-0.002251291564240418
8.272841051314145	0.11996967590651816	-0.0022303755806771905
8.297872340425531	0.11941435477395927	-0.002209749914931855
8.32290362953692	0.11886415368765124	-0.002189409216074852
8.34793491864831	0.11831900213495036	-0.002169348255946899
8.3729662077597	0.11777883089245941	-0.002149561925792913
8.397997496871088	0.1172435719966897	-0.0021300452330031716
8.423028785982478	0.11671315871552082	-0.002110793297957793
8.448060075093867	0.11618752552043274	-0.0020918013509708348
8.473091364205256	0.11566660805948603	-0.0020730647293304054
8.498122653316646	0.11515034313102705	-0.0020545788744313767
8.523153942428035	0.11463866865809501	-0.002036339328997384
8.548185231539424	0.11413152366350965	-0.002018341734388962
8.573216520650814	0.11362884824561814	-0.0020005818279947678
8.598247809762203	0.11313058355468125	-0.0019830554407029746
8.623279098873592	0.11263667176987882	-0.0019657584944500366
8.648310387984981	0.11214705607691614	-0.0019486869998441216
8.67334167709637	0.1116616806462125	-0.0019318370538606295
8.69837296620776	0.11118049061165478	-0.0019152048376073058
8.72340425531915	0.11070343204989876	-0.0018987866141565544
8.748435544430539	0.11023045196020195	-0.0018825787264426575
8.773466833541928	0.1097614982447717	-0.0018665775952216796
8.798498122653317	0.10929651968961406	-0.0018507797170919382
8.823529411764707	0.10883546594586754	-0.0018351816625729895
8.848560700876096	0.10837828751160856	-0.0018197800742411588
8.873591989987485	0.10792493571411382	-0.0018045716649197248
8.898623279098874	0.10747536269256688	-0.0017895532159219315
8.92365456821026	0.1070295213811958	-0.001774721575345074
8.948685857321653	0.10658736549282902	-0.0017600736564139547
8.973717146433042	0.10614884950285873	-0.0017456064358721266
8.998748435544432	0.10571392863359771	-0.0017313169524192816
9.023779724655821	0.10528255883902067	-0.0017172023051933456
9.048811013767207	0.10485469678987798	-0.0017032596522957924
9.0738423028786	0.10443029985917116	-0.0016894862093587656
9.098873591989985	0.1040093261079808	-0.0016758792481527019
9.123904881101378	0.10359173427163537	-0.0016624360952330807
9.148936170212767	0.10317748374621367	-0.0016491541306251408
9.173967459324153	0.10276653457536904	-0.0016360307865452566
9.198998748435546	0.10235884743746818	-0.0016230635461578766
9.224030037546932	0.10195438363303591	-0.00161024994236689
9.249061326658325	0.10155310507249539	-0.0015975875566402802
9.27409261576971	0.10115497426419892	-0.0015850740178671187
9.2991239048811	0.10075995430273779	-0.0015727070012457732
9.324155193992492	0.10036800885752672	-0.0015604842272024645
9.349186483103878	0.09997910216165365	-0.0015484034603391586
9.374217772215271	0.09959319900098737	-0.0015364625084098998
9.399249061326657	0.09921026470353833	-0.001524659221324756
9.424280350438046	0.09883026512906261	-0.001512991490180445
9.449311639549435	0.09845316665890536	-0.001501457246316916
9.474342928660825	0.09807893618607583	-0.0014900544603990305
9.499374217772218	0.09770754110554816	-0.0014787811415226098
9.524405506883603	0.09733894930478212	-0.0014676353363441176
9.549436795994993	0.09697312915445755	-0.0014566151282332344
9.574468085106382	0.09661004949941776	-0.0014457186364476903
9.599499374217771	0.09624967964981554	-0.0014349440153296358
9.62453066332916	0.09589198937245692	-0.0014242894535229486
9.64956195244055	0.09553694888233755	-0.0014137531732108333
9.67459324155194	0.09518452883436646	-0.0014033334293731302
9.699624530663328	0.09483470031527297	-0.0013930285090627413
9.724655819774718	0.09448743483569108	-0.0013828367307006173
9.749687108886107	0.09414270432241789	-0.0013727564433887657
9.774718397997496	0.09380048111084084	-0.0013627860262407543
9.799749687108886	0.09346073793752957	-0.0013529238877291949
9.824780976220275	0.0931234479329888	-0.0013431684650497314
9.849812265331664	0.09278858461456746	-0.0013335182235010424
9.874843554443054	0.0924561218795206	-0.00132397165588041
9.899874843554443	0.09212603399821995	-0.0013145272818944008
9.924906132665832	0.09179829560750988	-0.0013051836475842355
9.949937421777221	0.09147288170420445	-0.0012959393247654262
9.97496871088861	0.09114976763872286	-0.001286792910481279
10.0	0.09082892910885923	-0.0012777430264698723
