-10.0	-0.09819617388804047	-0.0013997054327098057
-9.97496871088861	-0.09854767145469015	-0.0014100073387891049
-9.949937421777221	-0.09890175988664335	-0.0014204254996061198
-9.924906132665832	-0.09925846846047642	-0.0014309616944201324
-9.899874843554443	-0.09961782690137143	-0.001441617737002203
-9.874843554443054	-0.09997986539182645	-0.001452395476447831
-9.849812265331664	-0.10034461458057146	-0.0014632967980121748
-9.824780976220275	-0.10071210559169484	-0.0014743236239685344
-9.799749687108886	-0.10108237003398692	-0.001485477914490864
-9.774718397997496	-0.10145544001050655	-0.0014967616685610695
-9.749687108886107	-0.10183134812837656	-0.001508176924901913
-9.724655819774718	-0.10221012750881535	-0.0015197257629363447
-9.699624530663328	-0.10259181179741039	-0.0015314103037741276
-9.67459324155194	-0.1029764351746413	-0.0015432327112266564
-9.64956195244055	-0.10336403236665914	-0.0015551951928508931
-9.62453066332916	-0.1037546386563296	-0.0015673000010233884
-9.599499374217771	-0.10414828989454719	-0.0015795494340453801
-9.574468085106382	-0.10454502251182923	-0.0015919458372800174
-9.549436795994993	-0.10494487353019663	-0.00160449160432278
-9.524405506883603	-0.10534788057535058	-0.0016171891782062102
-9.499374217772216	-0.10575408188915372	-0.001630041052640122
-9.474342928660825	-0.10616351634242473	-0.0016430497732884911
-9.449311639549435	-0.10657622344805515	-0.0016562179390842697
-9.424280350438046	-0.10699224337445894	-0.0016695482035834412
-9.399249061326657	-0.10741161695936398	-0.001683043276359648
-9.37421777221527	-0.10783438572395582	-0.0016967059244408103
-9.349186483103878	-0.10826059188738489	-0.001710538973789184
-9.32415519399249	-0.10869027838164703	-0.0017245453108263673
-9.2991239048811	-0.1091234888668503	-0.0017387278840048635
-9.274092615769712	-0.10956026774687795	-0.0017530897054277826
-9.249061326658325	-0.11000066018546166	-0.0017676338525184512
-9.224030037546934	-0.11044471212267605	-0.0017823634697416442
-9.198998748435546	-0.11089247029186823	-0.001797281770378309
-9.173967459324155	-0.11134398223703651	-0.001812392038355716
-9.148936170212767	-0.11179929633067061	-0.0018276976301349836
-9.123904881101378	-0.11225846179207011	-0.0018432019766581123
-9.098873591989987	-0.11272152870615376	-0.0018589085853566404
-9.0738423028786	-0.11318854804277742	-0.0018748210422242027
-9.048811013767208	-0.11365957167657552	-0.001890943013955343
-9.023779724655821	-0.1141346524073428	-0.0019072782501529822
-8.998748435544432	-0.11461384398097454	-0.001923830585607149
-8.973717146433042	-0.1150972011109824	-0.0019406039426475635
-8.948685857321653	-0.115584779500605	-0.0019576023335728847
-8.923654568210262	-0.11607663586553259	-0.001974829863159482
-8.898623279098874	-0.11657282795726563	-0.0019922907312527284
-8.873591989987485	-0.11707341458712905	-0.0020099892354439866
-8.848560700876096	-0.11757845565096221	-0.0020279297738364957
-8.823529411764707	-0.11808801215450883	-0.0020461168479036303
-8.798498122653317	-0.11860214623952922	-0.0020645550654430516
-8.773466833541928	-0.11912092121065908	-0.002083249143630478
-8.748435544430539	-0.11964440156304065	-0.002102203912176953
-8.72340425531915	-0.12017265301075167	-0.0021214243165936565
-8.69837296620776	-0.12070574251605996	-0.002140915421568491
-8.67334167709637	-0.1212437383195315	-0.002160682414458856
-8.648310387984981	-0.12178670997102146	-0.002180730608905229
-8.623279098873592	-0.12233472836157899	-0.00220106544857038
-8.598247809762203	-0.12288786575629718	-0.002221692511009254
-8.573216520650814	-0.1234461958281414	-0.0022426175116747995
-8.548185231539424	-0.12400979369279057	-0.002263846308065254
-8.523153942428035	-0.12457873594452681	-0.002285384904018658
-8.498122653316646	-0.125153100693211	-0.0023072394541606223
-8.473091364205256	-0.12573296760238276	-0.002329416268511679
-8.448060075093867	-0.12631841792852547	-0.002351921817260809
-8.423028785982478	-0.1269095345615381	-0.002374762735712082
-8.397997496871088	-0.12750640206645797	-0.002397945829411651
-8.3729662077597	-0.1281091067264794	-0.002421478079462695
-8.34793491864831	-0.128717736587317	-0.0024453666480362666
-8.32290362953692	-0.12933238150296145	-0.00246961888408639
-8.297872340425531	-0.12995313318288115	-0.002494242329278135
-8.272841051314144	-0.13058008524072226	-0.002519244724137855
-8.247809762202753	-0.13121333324456458	-0.0025446340144351922
-8.222778473091363	-0.13185297476878988	-0.0025704183578069218
-8.197747183979974	-0.1324991094476269	-0.0025966061306332638
-8.172715894868585	-0.13315183903043373	-0.002623205935177731
-8.147684605757197	-0.13381126743878605	-0.0026502266070021997
-8.122653316645806	-0.13447750082544077	-0.0026776772226694673
-8.097622027534417	-0.13515064763524676	-0.0027055671077461357
-8.072590738423028	-0.13583081866807986	-0.002733905845119406
-8.047559449311638	-0.13651812714388062	-0.0027627032836419385
-8.02252816020025	-0.13721268876987816	-0.0027919695471197875
-7.9974968710888605	-0.13791462181008715	-0.0028217150436591087
-7.972465581977473	-0.13862404715716767	-0.0028519504753881705
-7.947434292866082	-0.13934108840674436	-0.00288268684857214
-7.922403003754694	-0.1400658719342825	-0.002913935484138882
-7.897371714643305	-0.14079852697462694	-0.002945708028635183
-7.872340425531914	-0.1415391857043103	-0.0029780164656336167
-7.8473091364205265	-0.1422879833267465	-0.003010873127611556
-7.8222778473091354	-0.14304505816042856	-0.0030442907083249
-7.797246558197748	-0.14381055173025406	-0.0030782822757002446
-7.772215269086359	-0.14458460886211266	-0.0031128612852707395
-7.7471839799749675	-0.1453673777808693	-0.0031480415941819713
-7.72215269086358	-0.1461590102118902	-0.0031838374757959323
-7.697121401752189	-0.14695966148626197	-0.0032202636349225626
-7.672090112640801	-0.14776949064986145	-0.003257335223709971
-7.647058823529412	-0.1485886605764447	-0.0032950678582263737
-7.622027534418023	-0.14941733808492827	-0.0033334776357684132
-7.596996245306634	-0.1502556940610475	-0.0033725811529327476
-7.571964956195245	-0.15110390358358436	-0.0034123955244897593
-7.546933667083856	-0.15196214605536798	-0.003452938403100527
-7.5219023779724665	-0.15283060533926018	-0.003494227999920647
-7.496871088861077	-0.15370946989935128	-0.003536283106136987
-7.471839799749688	-0.15459893294760124	-0.0035791231154861953
-7.446808510638299	-0.15549919259617467	-0.003622768047806733
-7.421777221526909	-0.15641045201573045	-0.0036672385736792315
-7.39674593241552	-0.1573329195999417	-0.0037125560402133297
-7.371714643304131	-0.15826680913653532	-0.0037587424980426633
-7.346683354192741	-0.15921233998515652	-0.0038058207295934353
-7.321652065081352	-0.16016973726238024	-0.0038538142786960503
-7.296620775969963	-0.1611392320342088	-0.003902747481613578
-7.2715894868585735	-0.1621210615164139	-0.0039526454995654344
-7.246558197747184	-0.16311546928310036	-0.004003534352829588
-7.221526908635795	-0.1641227054838908	-0.004055440956511886
-7.196495619524406	-0.16514302707015202	-0.004108393158076724
-7.171464330413016	-0.16617669803070856	-0.004162419776739376
-7.146433041301627	-0.16722398963751284	-0.004217550644826756
-7.121401752190238	-0.16828518070176995	-0.004273816651220362
-7.0963704630788484	-0.16936055784104212	-0.004331249787002645
-7.071339173967459	-0.17045041575788974	-0.004389883193436021
-7.04630788485607	-0.17155505753063782	-0.004449751212412417
-7.0212765957446805	-0.1726747949168917	-0.004510889439520478
-6.996245306633291	-0.1738099486704626	-0.004573334779887525
-6.971214017521902	-0.17496084887240362	-0.004637125506964072
-6.946182728410513	-0.1761278352768992	-0.004702301324430278
-6.921151439299123	-0.17731125767279518	-0.004768903431416098
-6.896120150187734	-0.17851147626160624	-0.00483697459124033
-6.871088861076345	-0.1797288620528888	-0.0049065592038881715
-6.8460575719649555	-0.18096379727792178	-0.004977703382462542
-6.821026282853566	-0.1822166758226984	-0.005050455033861163
-6.795994993742177	-0.1834879036812943	-0.005124863943949703
-6.770963704630788	-0.1847778994307465	-0.005200981867520799
-6.745932415519399	-0.1860870947286491	-0.0052788626233501584
-6.720901126408009	-0.18741593483475177	-0.005358562194683877
-6.69586983729662	-0.1887648791579292	-0.005440138835516004
-6.670838548185231	-0.1901344018299815	-0.005523653183042509
-6.645807259073841	-0.19152499230782252	-0.005609168376706948
-6.620775969962453	-0.1929371560057146	-0.005696750184284941
-6.595744680851063	-0.19437141495932675	-0.005786467135489193
-6.570713391739676	-0.19582830852350602	-0.005878390663614045
-6.545682102628285	-0.1973083941057911	-0.005972595255779616
-6.520650813516897	-0.1988122479378279	-0.0060691586123795965
-6.495619524405506	-0.20034046588701068	-0.006168161816385524
-6.470588235294117	-0.20189366431082145	-0.006269689513212444
-6.445556946182729	-0.20347248095653164	-0.0063738301019088854
-6.420525657071338	-0.20507757590911097	-0.00648067593849628
-6.395494367959951	-0.20670963259039835	-0.006590323552351504
-6.37046307884856	-0.20836935881281832	-0.0067028738766014085
-6.34543178973717	-0.2100574878911586	-0.006818432493579307
-6.320400500625783	-0.21177477981620046	-0.006937109896483904
-6.295369211514392	-0.21352202249426658	-0.007059021768478652
-6.270337922403004	-0.21530003305706816	-0.007184289280577474
-6.245306633291613	-0.21710965924657066	-0.0073130394097814
-6.2202753441802265	-0.21895178087995407	-0.007445405279059704
-6.195244055068836	-0.22082731140015624	-0.007581526520913133
-6.170212765957448	-0.22273719951790594	-0.007721549666412842
-6.145181476846059	-0.22468243095163903	-0.00786562856178302
-6.120150187734667	-0.22666403027219642	-0.008013924814785302
-6.09511889862328	-0.22868306285977005	-0.008166608273374487
-6.070087609511891	-0.230740636981182	-0.00832385753932808
-6.0450563204005014	-0.23283790599624252	-0.008485860519809235
-6.020025031289112	-0.23497607070268567	-0.008652815020109025
-5.994993742177721	-0.2371563818299748	-0.008824929381129235
-5.9699624530663336	-0.2393801426931615	-0.009002423165518298
-5.9449311639549425	-0.24164871201895463	-0.009185527896762706
-5.919899874843555	-0.24396350695721528	-0.009374487855969027
-5.894868585732166	-0.24632600629228116	-0.009569560941555151
-5.869837296620776	-0.24873775386980193	-0.009771019597605861
-5.844806007509387	-0.25120036225620307	-0.009979151817248958
-5.819774718397998	-0.2537155166494631	-0.010194262228077814
-5.7947434292866085	-0.2562849790616239	-0.010416673267396415
-5.769712140175219	-0.2589105927953773	-0.010646726455902894
-5.74468085106383	-0.26159428723919287	-0.010884783779369378
-5.719649561952441	-0.26433808300780737	-0.011131229188933995
-5.694618272841051	-0.26714409745750983	-0.011386470231810289
-5.669586983729662	-0.27001455060855645	-0.011650939825558999
-5.644555694618273	-0.27295177151027683	-0.01192509819057766
-5.619524405506883	-0.27595820508802843	-0.012209434957169587
-5.594493116395494	-0.27903641951515984	-0.012504471465483261
-5.569461827284105	-0.28218911415761905	-0.012810763278798947
-5.5444305381727155	-0.28541912814384035	-0.013128902933119071
-5.519399249061326	-0.2887294496181422	-0.013459522948836879
-5.494367959949937	-0.29212322574214233	-0.013803299133465272
-5.469336670838549	-0.2956037735157364	-0.014160954208064864
-5.444305381727158	-0.2991745914971098	-0.01453326179418721
-5.419274092615769	-0.3028393725101546	-0.014921050802927546
-5.3942428035043815	-0.3066020174377319	-0.01532521027316082
-5.36921151439299	-0.31046665021055414	-0.01574669471232428
-5.344180225281603	-0.3144376341143064	-0.016186530000349173
-5.319148936170212	-0.31851958955218873	-0.016645819925690992
-5.2941176470588225	-0.3227174134165417	-0.017125753432046226
-5.269086357947435	-0.3270363002420246	-0.01762761266550869
-5.244055068836044	-0.33148176533416596	-0.018152781924865472
-5.219023779724656	-0.3360596700915076	-0.018702757632790445
-5.193992490613266	-0.34077624976746274	-0.019279159463243125
-5.168961201501876	-0.3456381439499083	-0.019883742780875853
-5.1439299123904885	-0.35065243007321406	-0.020518412572260333
-5.1188986232791	-0.3558266603195226	-0.021185239076920992
-5.09386733416771	-0.361168902314648	-0.021886475359328698
-5.06883604505632	-0.3666877840800263	-0.02262457710214751
-5.043804755944931	-0.37239254376700615	-0.023402224947340226
-5.018773466833542	-0.3782930847750002	-0.024222349766699573
-4.993742177722154	-0.38440003694244834	-0.025088161308784142
-4.968710888610763	-0.3907248246014318	-0.02600318074732988
-4.943679599499373	-0.39727974240573655	-0.0269712777497221
-4.918648310387985	-0.4040780399814714	-0.0279967127964691
-4.893617021276597	-0.4111340166128231	-0.0290841856180581
-4.868585732165207	-0.4184631273679098	-0.030238890779416022
-4.843554443053817	-0.4260821022966673	-0.03146658164111153
-4.818523153942427	-0.43400908060122256	-0.03277364416883789
-4.793491864831038	-0.442263761997719	-0.03416718235925984
-4.768460575719651	-0.4508675778674832	-0.035655117414564355
-4.7434292866082615	-0.459843885247453	-0.03724630324735679
-4.71839799749687	-0.4692181872506143	-0.03895066145417937
-4.69336670838548	-0.4790183841561544	-0.04077933958867589
-4.668335419274092	-0.48927506019002265	-0.04274489743165605
-4.643304130162704	-0.5000218119592366	-0.04486152704382264
-4.618272841051315	-0.5112956256443827	-0.04714531376180693
-4.593241551939924	-0.5231373114400788	-0.049614547044087694
-4.568210262828536	-0.5355920054196575	-0.052290092302943215
-4.543178973717147	-0.5487097510589156	-0.05519583772248802
-4.518147684605758	-0.5625461751726337	-0.05835923376411342
-4.4931163954943685	-0.5771632761063666	-0.061811947874875324
-4.468085106382977	-0.5926303458198959	-0.06559066321825584
-4.44305381727159	-0.6090250521639727	-0.06973805855939925
-4.418022528160201	-0.626434713389754	-0.07430401747938296
-4.392991239048811	-0.6449578039797265	-0.07934712987522578
-4.367959949937422	-0.6647057395250211	-0.08493656865124759
-4.342928660826031	-0.6858049988943999	-0.09115445165787177
-4.317897371714643	-0.708399654630989	-0.09809883621524794
-4.292866082603254	-0.7326543975696665	-0.10588754522920443
-4.267834793491865	-0.7587581590333009	-0.11466309621864511
-4.2428035043804755	-0.786928453004025	-0.12459910680396204
-4.217772215269086	-0.8174165795238821	-0.13590869626608484
-4.192740926157699	-0.8505138449518626	-0.14885561375597603
-4.167709637046308	-0.8865589554316596	-0.16376913189339976
-4.142678347934918	-0.9259467083219212	-0.1810641997562474
-4.117647058823529	-0.9691380050397572	-0.20126902948937592
-4.09261576971214	-1.0166709635657243	-0.22506331821707629
-4.067584480600752	-1.0691723723039483	-0.2533318741537849
-4.042553191489361	-1.127367604297503	-0.28724082472040574
-4.017521902377972	-1.1920848069266392	-0.3283473005667141
-3.9924906132665825	-1.2642444819449565	-0.37875919882107056
-3.967459324155193	-1.3448159623464673	-0.44137023355692695
-3.9424280350438052	-1.4347025343522137	-0.5202077845120652
-3.917396745932415	-1.5344760755469462	-0.6209462946490464
-3.8923654568210257	-1.643797441098943	-0.7516494831889301
-3.867334167709638	-1.7601861084426011	-0.9237782787167951
-3.8423028785982494	-1.8764684301877994	-1.1533273788617262
-3.8172715894868587	-1.9756858232115149	-1.46129289502125
-3.7922403003754686	-2.0218264750257475	-1.8706488593840733
-3.7672090112640793	-1.9468092852535919	-2.3921952826943067
-3.7421777221526913	-1.6467785800870431	-2.986253427098434
-3.717146433041303	-1.031407951639954	-3.5058516632529724
-3.6921151439299127	-0.15807571025200148	-3.7144789443065633
-3.6670838548185225	0.7074645750740194	-3.4865043264129674
-3.6420525657071328	1.3066568889409649	-2.958731312620065
-3.617021276595745	1.5925964269014083	-2.366606079034934
-3.5919899874843564	1.6588608380928533	-1.8510152307348309
-3.566958698372966	1.6080198190293293	-1.4478357929531456
-3.541927409261576	1.5063095022880637	-1.1450314259558425
-3.5168961201501876	1.3885177873691286	-0.9195357333500803
-3.4918648310387996	1.2709451389892485	-0.7505777774968538
-3.46683354192741	1.1604395926082092	-0.6224101045100735
-3.4418022528160197	1.059326644432185	-0.5237679702702264
-3.4167709637046295	0.9678731994874411	-0.44672930068349714
-3.391739674593241	0.8854740240933268	-0.3857190995322085
-3.366708385481853	0.8112100114601593	-0.33677983686290514
-3.341677096370464	0.7441032468841902	-0.2970676387627484
-3.3166458072590737	0.683226927790718	-0.26451110707301245
-3.291614518147683	0.6277465007774663	-0.23758076930102823
-3.2665832290362946	0.5769289312397046	-0.21513233861314623
-3.2415519399249066	0.5301379499003533	-0.19629908015589262
-3.2165206508135173	0.48682384300108067	-0.18041702121464304
-3.191489361702127	0.4465118131927308	-0.16697233557891034
-3.166458072590739	0.4087907128033043	-0.15556387132015106
-3.14142678347935	0.37330286694116604	-0.1458761504974639
-3.11639549436796	0.33973518597974445	-0.1376597051987592
-3.091364205256571	0.3078115304216641	-0.13071662231539863
-3.0663329161451807	0.2772861933458553	-0.12488983792623833
-3.0413016270337927	0.2479383347907861	-0.12005517082807217
-3.0162703379224034	0.2195672023236899	-0.1161153899212045
-2.991239048811014	0.19198798455476704	-0.11299582090190914
-2.966207759699625	0.16502816053955985	-0.11064114592032336
-2.941176470588234	0.1385242236094611	-0.10901315658052055
-2.916145181476846	0.11231867126439454	-0.10808930007607223
-2.891113892365457	0.08625716258718095	-0.1078619202436416
-2.8660826032540676	0.06018575096570601	-0.10833814711517747
-2.8410513141426783	0.03394810274035113	-0.10954043591254219
-2.816020025031289	0.0073826118444468986	-0.11150780451243163
-2.790988735919901	-0.019680683205843985	-0.11429787254001342
-2.7659574468085104	-0.04742348005102473	-0.11798987173532466
-2.740926157697121	-0.07604299926385123	-0.122688884381137
-2.715894868585732	-0.10575629350470009	-0.12853168610506674
-2.6908635794743425	-0.13680519911956127	-0.13569473854243136
-2.6658322903629545	-0.1694620412603075	-0.14440512231138133
-2.6408010012515644	-0.20403616515359296	-0.1549555617833225
-2.615769712140175	-0.24088126495568624	-0.16772523302530248
-2.5907384230287853	-0.28040325178544817	-0.18320886366170483
-2.565707133917396	-0.3230679128537252	-0.2020578833232993
-2.540675844806008	-0.36940660096299976	-0.22513930771242768
-2.515644555694618	-0.42001612440829933	-0.25362100575262986
-2.4906132665832286	-0.47554478613919987	-0.28909653112678885
-2.4655819774718406	-0.5366478738042547	-0.33376941918685366
-2.440550688360452	-0.6038780717353026	-0.39072605856422266
-2.4155193992490616	-0.6774393254352049	-0.4643362178268437
-2.3904881101376714	-0.7566564568725321	-0.560821381066036
-2.365456821026282	-0.8388596325122964	-0.688986698548842
-2.340425531914894	-0.9171000583200294	-0.8609030545403219
-2.3153942428035057	-0.9757197425593319	-1.091605902049823
-2.2903629536921155	-0.9828689898719971	-1.3948576952487994
-2.2653316645807253	-0.882436702875181	-1.768048200507498
-2.2403003754693356	-0.6015691008686341	-2.158900869009998
-2.2152690863579476	-0.10878245381825749	-2.436421294285474
-2.190237797246559	0.49439035791939756	-2.4528449719236916
-2.165206508135169	1.0080357307317107	-2.1976034818702295
-2.140175219023779	1.313631429196564	-1.8105073929336377
-2.1151439299123904	1.4316579117975703	-1.4302246373512024
-2.0901126408010025	1.4344634552393025	-1.1172232201904255
-2.0650813516896127	1.3810366816698871	-0.8777302420137704
-2.0400500625782225	1.305644450800839	-0.6987780582970515
-2.0150187734668323	1.2253518987231575	-0.5651344760251796
-1.989987484355444	1.1478273106126127	-0.46433675709341715
-1.9649561952440555	1.0760884951778735	-0.38723326256550594
-1.939924906132667	1.0109741759491984	-0.327343626901843
-1.914893617021277	0.9523559479321377	-0.2801147207883208
-1.8898623279098858	0.8997160281237528	-0.24233176041287277
-1.8648310387984974	0.8524162965613398	-0.21170050699688858
-1.839799749687109	0.8098189174958227	-0.18656197321870552
-1.8147684605757206	0.7713361584150669	-0.16569965401239545
-1.7897371714643304	0.7364469042091286	-0.14820900399975473
-1.764705882352942	0.7046980017013611	-0.1334083355822264
-1.7396745932415527	0.6756991868836709	-0.12077731278746878
-1.7146433041301625	0.6491157704550176	-0.10991396386694575
-1.6896120150187741	0.6246610147251775	-0.10050424946563428
-1.664580725907384	0.6020890373707406	-0.09230024341596672
-1.6395494367959955	0.5811885463558497	-0.08510429412824125
-1.6145181476846062	0.5617774606647391	-0.07875739017438468
-1.589486858573217	0.5436983615139257	-0.07313051707750323
-1.5644555694618276	0.5268146772396798	-0.06811816719680994
-1.5394242803504374	0.5110074962309583	-0.06363341681764936
-1.514392991239049	0.4961729080785696	-0.05960415619071707
-1.4893617021276597	0.4822197845928673	-0.05597017638883393
-1.4643304130162704	0.4690679251887989	-0.052680899052086144
-1.4392991239048811	0.4566465033855243	-0.04969359291469233
-1.4142678347934918	0.44489276203587236	-0.0469719621038209
-1.3892365456821025	0.43375091418224926	-0.04448502070166541
-1.3642052565707132	0.423171214189701	-0.04220618944177467
-1.339173967459324	0.4131091702012626	-0.04011256604625169
-1.3141426783479346	0.40352487419392385	-0.03818433224496996
-1.2891113892365453	0.39438243017843105	-0.03640426909787562
-1.264080100125157	0.3856494645551688	-0.03475735867422978
-1.2390488110137667	0.3772967054588925	-0.033230455002121184
-1.2140175219023774	0.3692976202198668	-0.03181201089905139
-1.1889862327909881	0.3616281019385905	-0.030491850127106847
-1.1639549436795988	0.3542661976975227	-0.02926097650072559
-1.1389236545682104	0.3471918721819265	-0.028111413270257565
-1.1138923654568202	0.3403868015062561	-0.027036067427921577
-1.0888610763454318	0.33383419288500316	-0.026028614621856974
-1.0638297872340434	0.327518626481842	-0.02508340118432259
-1.0387984981226523	0.3214259163458029	-0.024195360431178724
-1.013767209011264	0.315542987820152	-0.023359940909131658
-0.9887359198998737	0.30985776920654523	-0.022573044683494307
-0.9637046307884853	0.3043590957982769	-0.021830974094431712
-0.9386733416770969	0.29903662467365333	-0.021130385680798742
-0.9136420525657085	0.2938807588732689	-0.020468250190942207
-0.8886107634543183	0.2888825797808387	-0.0198418177795052
-0.8635794743429273	0.2840337866926161	-0.01924858763641186
-0.8385481852315388	0.2793266427003808	-0.018686281415171046
-0.8135168961201504	0.27475392613177446	-0.01815281992744604
-0.788485607008762	0.27030888689283933	-0.017646302653485067
-0.7634543178973718	0.26598520714383145	-0.017164989686679205
-0.7384230287859816	0.2617769658131262	-0.016707285787765282
-0.7133917396745932	0.2576786065172405	-0.016271726272071317
-0.6883604505632039	0.25368490850931913	-0.015856964493371355
-0.6633291614518155	0.24979096032521567	-0.01546176072171676
-0.6382978723404253	0.24599213583667526	-0.015084972241133905
-0.6132665832290352	0.24228407245607084	-0.0147255445172183
-0.5882352941176467	0.23866265126742048	-0.014382503305137854
-0.5632040050062583	0.2351239788847287	-0.014054947585986802
-0.5381727158948699	0.2316643708615953	-0.013742043234298416
-0.5131414267834788	0.22828033649600296	-0.013443017332237241
-0.48811013767208866	0.22496856489165323	-0.013157153056890667
-0.46307884856070025	0.22172591215248647	-0.01288378507644327
-0.43804755944931184	0.21854938960042916	-0.012622295399083768
-0.41301627033792343	0.21543615291816842	-0.012372109625456155
-0.38798498122653324	0.212383492129109	-0.01213269356149015
-0.36295369211514483	0.20938882233579048	-0.011903550153669003
-0.33792240300375376	0.20644967514608678	-0.011684216713330439
-0.31289111389236535	0.20356369072363154	-0.011474262400549058
-0.28785982478097694	0.2007286104051932	-0.01127328594159614
-0.26282853566958675	0.19794226983331306	-0.011080913556989891
-0.23779724655819834	0.19520259255745165	-0.010896797079791687
-0.21276595744680904	0.1925075840612806	-0.010720612246125926
-0.18773466833541974	0.18985532617765835	-0.01055205714194552
-0.16270337922403044	0.18724397185628694	-0.01039085079186835
-0.13767209011264026	0.1846717402521313	-0.010236731877506032
-0.11264080100125184	0.18213691210542077	-0.010089457574121564
-0.08760951188986255	0.1796378253864867	-0.009948802495711097
-0.06257822277847325	0.17717287118085784	-0.009814557739728506
-0.03754693366708395	0.17474048979195173	-0.009686530023676474
-0.01251564455569465	0.1723391670404058	-0.009564540906691406
0.01251564455569465	0.16996743074059645	-0.009448426090064618
0.03754693366708395	0.16762384733622074	-0.00933803479138113
0.06257822277847325	0.16530701867797815	-0.009233229187631004
0.08760951188986255	0.163015578927406	-0.009133883923265772
0.11264080100125184	0.16074819157179734	-0.00903988567974263
0.13767209011264114	0.15850354653588053	-0.008951132803629691
0.16270337922403044	0.15628035737656934	-0.008867534990843421
0.18773466833541974	0.1540773585476097	-0.008789013025061162
0.21276595744680726	0.15189330272135948	-0.00871549856880342
0.23779724655819834	0.14972695815524234	-0.008646934006118032
0.26282853566958764	0.14757710609062685	-0.008583272336227382
0.28785982478097694	0.14544253817198072	-0.008524477117925228
0.31289111389236623	0.14332205387416472	-0.008470522464938226
0.33792240300375376	0.14121445792563359	-0.008421393092902938
0.36295369211514483	0.13911855771511383	-0.008377084419059147
0.38798498122653235	0.13703316066903243	-0.008337602716230123
0.41301627033792343	0.13495707158654532	-0.008302965323156598
0.43804755944931273	0.13288908991849938	-0.008273200913781479
0.46307884856070025	0.13082800697598385	-0.0082483498286537
0.4881101376720913	0.1287726030533501	-0.008228464472241652
0.5131414267834788	0.12672164444962558	-0.008213609780628964
0.5381727158948699	0.12467388037114077	-0.008203863764818933
0.5632040050062574	0.12262803969691059	-0.008199318135712145
0.5882352941176467	0.12058282758681177	-0.008200079017758741
0.6132665832290378	0.1185369219109004	-0.008206267759339884
0.6382978723404253	0.11648896947624358	-0.008218021849121845
0.6633291614518164	0.1144375820253962	-0.008235495948973572
0.6883604505632039	0.11238133197809744	-0.008258863055571875
0.7133917396745932	0.1103187478848207	-0.008288315804568586
0.7384230287859808	0.10824830955748446	-0.008324067933198717
0.7634543178973718	0.10616844283880583	-0.008366355919511397
0.7884856070087629	0.10407751396743475	-0.008415440819058227
0.8135168961201504	0.10197382349102196	-0.008471610322938437
0.8385481852315397	0.09985559967368941	-0.008535181064650095
0.8635794743429273	0.0977209913378567	-0.008606501207319782
0.8886107634543183	0.09556806007289731	-0.008685953347684523
0.9136420525657059	0.09339477173453382	-0.008773957778805606
0.9386733416770969	0.0911989871490004	-0.008870976160057224
0.9637046307884862	0.08897845192465342	-0.008977515650636182
0.9887359198998737	0.0867307852605772	-0.009094133571907616
1.0137672090112648	0.08445346762658053	-0.009221442674604442
1.0387984981226523	0.0821438271714013	-0.00936011709956825
1.0638297872340434	0.0797990246955295	-0.009510899135761223
1.088861076345431	0.07741603700133397	-0.00967460689718844
1.1138923654568202	0.07499163840547177	-0.009852143061764898
1.1389236545682113	0.07252238016621838	-0.010044504840795422
1.1639549436795988	0.07000456754041773	-0.010252795378556334
1.18898623279099	0.06743423414021266	-0.010478236818645594
1.2140175219023774	0.06480711320726502	-0.010722185318775527
1.2390488110137667	0.06211860536021825	-0.01098614835036843
1.264080100125156	0.05936374229784469	-0.011271804686009062
1.2891113892365453	0.05653714585325134	-0.011581027559472303
1.3141426783479364	0.0536329816908941	-0.01191591158344165
1.339173967459324	0.050644906814429305	-0.012278804133990177
1.3642052565707132	0.04756600990529612	-0.012672342064613071
1.3892365456821025	0.04438874333406795	-0.013099494804098027
1.4142678347934918	0.04110484547238859	-0.013563615132230518
1.4392991239048811	0.03770525167459313	-0.014068499228881731
1.4643304130162704	0.03417999198470345	-0.01461845797335193
1.4893617021276597	0.030518073243755953	-0.0152184019556579
1.514392991239049	0.026707342808633155	-0.015873943281344432
1.5394242803504383	0.02273433052712441	-0.016591518048695637
1.5644555694618276	0.01858406492047568	-0.017378534409048234
1.589486858573217	0.014239858673969152	-0.018243552464914194
1.6145181476846044	0.00968305749079619	-0.019196504023140975
1.6395494367959955	0.0048927450789643945	-0.020248962548139023
1.6645807259073848	-0.00015460453993390577	-0.021414476757504276
1.6896120150187741	-0.0054855381527771085	-0.022708985455747517
1.7146433041301634	-0.011130111036708551	-0.024151336817030217
1.739674593241551	-0.017122467219460702	-0.025763942984533442
1.764705882352942	-0.023501531812984727	-0.02757361138858622
1.7897371714643295	-0.030311839019116854	-0.02961260881620894
1.8147684605757206	-0.03760452409918599	-0.031920034784199205
1.83979974968711	-0.04543851266301685	-0.03454360984249411
1.8648310387984974	-0.05388194547417782	-0.0375420260713755
1.8898623279098885	-0.06301388024442414	-0.040988067321142664
1.914893617021276	-0.07292631077792966	-0.044972795015706765
1.939924906132667	-0.08372653259864221	-0.04961122607339154
1.9649561952440546	-0.09553985142659852	-0.055050125299975224
1.989987484355444	-0.10851255388382529	-0.06147883102159254
2.015018773466835	-0.12281489350160471	-0.06914448570669597
2.0400500625782225	-0.13864349912768725	-0.07837374043735358
2.065081351689613	-0.15622190439802003	-0.08960407742967182
2.090112640801001	-0.17579645174225694	-0.10342954284986565
2.1151439299123904	-0.19762186694942552	-0.12066814727139043
2.1401752190237784	-0.22192470996446687	-0.14246164704691927
2.165206508135169	-0.24882029649092446	-0.17042245266332864
2.1902377972465596	-0.2781326077836587	-0.20684418736811014
2.2152690863579476	-0.30901385983300966	-0.25498074166605444
2.240300375469337	-0.33916034841796944	-0.31933599717599265
2.265331664580725	-0.3632684944283811	-0.4056810253033057
2.2903629536921155	-0.3703199131897527	-0.5198543748752722
2.315394242803503	-0.3401796179273011	-0.6629592945092303
2.340425531914894	-0.24435112021244138	-0.8196211728105417
2.3654568210262834	-0.06396044777504065	-0.944104037104287
2.3904881101376714	0.17310466113163217	-0.9745904603579073
2.415519399249062	0.3904138399389012	-0.8922599003174119
2.4405506883604495	0.5298513378085893	-0.7445459962354468
2.4655819774718406	0.5904148606537301	-0.5907424407455052
2.490613266583228	0.5995180430074182	-0.46098356106336047
2.515644555694618	0.5824303024600674	-0.3607684293288079
2.5406758448060085	0.554532873738724	-0.28574135690234276
2.565707133917396	0.5236750267010648	-0.22979714900499018
2.590738423028787	0.49345773632581447	-0.18773452761702647
2.6157697121401746	0.46534855697869626	-0.15568135713786838
2.6408010012515644	0.4398054106276956	-0.13088409249063232
2.665832290362953	0.4168323290351891	-0.11140772732124353
2.6908635794743425	0.39624562911111316	-0.09588831244182663
2.7158948685857336	0.3777985210110449	-0.08335490679441497
2.740926157697121	0.3612375357434795	-0.07310741884147141
2.765957446808511	0.3463263705109679	-0.06463399925602914
2.7909887359198997	0.3328543482356338	-0.05755516769446808
2.816020025031289	0.32063780690703736	-0.05158574602664046
2.841051314142678	0.3095184359307131	-0.04650864445924536
2.8660826032540676	0.29936048265873433	-0.04215658762104636
2.8911138923654573	0.290047726848756	-0.03839921185018001
2.916145181476846	0.28148061847435896	-0.03513383793568645
2.9411764705882355	0.27357373037965893	-0.03227878971396703
2.9662077596996244	0.26625356169844955	-0.029768497890776086
2.991239048811014	0.25945667614025036	-0.027549870946047217
3.0162703379224016	0.25312813880346907	-0.025579575968505557
3.0413016270337927	0.24722020980207904	-0.023821980334520158
3.066332916145182	0.24169125448251952	-0.02224757851548417
3.091364205256571	0.23650483427497965	-0.020831778678460023
3.1163954943679606	0.23162894728110073	-0.019553958726614064
3.141426783479348	0.2270353926302696	-0.018396725979831163
3.166458072590739	0.22269923705939304	-0.01734533211123933
3.1914893617021267	0.21859836597112192	-0.016387207432050258
3.2165206508135173	0.21471310441152106	-0.015511587641893828
3.241551939924907	0.21102589604111865	-0.014709212749947203
3.2665832290362946	0.20752103033058228	-0.013972082723834134
3.2916145181476857	0.2041844099715358	-0.01329325802620555
3.316645807259073	0.20100335192429347	-0.012666695895930485
3.341677096370464	0.19796641668792597	-0.012087115265136937
3.366708385481852	0.1950632613246084	-0.011549884748975078
3.391739674593241	0.19228451254104584	-0.01105092932747373
3.416770963704632	0.18962165675876824	-0.010586652249564156
3.4418022528160197	0.18706694461940834	-0.010153869395160319
3.4668335419274103	0.18461330779272944	-0.009749753881533462
3.4918648310387983	0.18225428630177148	-0.009371789131830864
3.5168961201501876	0.17998396486516766	-0.00901772896395674
3.5419274092615756	0.17779691699288944	-0.008685563527881354
3.566958698372966	0.17568815576748792	-0.008373490134464565
3.591989987484357	0.1736530904057514	-0.008079888191057245
3.617021276595745	0.17168748783149795	-0.0078032975976550754
3.642052565707134	0.1697874386038215	-0.007542400069313641
3.667083854818522	0.1679493266403943	-0.007296002941379174
3.6921151439299127	0.16616980225557884	-0.007063025088126548
3.7171464330413	0.16444575810072687	-0.0068424846459783795
3.7421777221526913	0.1627743076512244	-0.006633488282239304
3.7672090112640806	0.16115276593336197	-0.006435221791306976
3.7922403003754686	0.15957863222534208	-0.006246941834264814
3.817271589486859	0.1580495745019122	-0.006067968665946111
3.8423028785982467	0.1565634154221586	-0.005897679717036033
3.867334167709638	0.1551181196857419	-0.005735503918398121
3.8923654568210253	0.15371178260497376	-0.0055809166712607865
3.917396745932415	0.1523426197591571	-0.005433435380727904
3.9424280350438057	0.1510089576140407	-0.005292615481741296
3.967459324155193	0.14970922500342845	-0.005158046896484008
3.9924906132665843	0.148441945382288	-0.005029350870576587
4.017521902377972	0.1472057297713856	-0.004906177142528416
4.042553191489361	0.14599927032276044	-0.004788201406965652
4.06758448060075	0.1448213344434624	-0.004675123037336425
4.09261576971214	0.14367075942204482	-0.004566663038228414
4.117647058823531	0.14254644750850276	-0.004462562201242174
4.142678347934918	0.14144736140377404	-0.004362579441639967
4.167709637046308	0.14037252011968937	-0.004266490295815161
4.192740926157697	0.13932099517445629	-0.004174085562069477
4.217772215269086	0.13829190709245634	-0.004085170069299531
4.2428035043804755	0.13728442218040285	-0.003999561560029369
4.267834793491865	0.13629774955479249	-0.003917089675820983
4.292866082603254	0.1353311383981414	-0.0038375950344845706
4.317897371714643	0.13438387542376506	-0.0037609283897232187
4.342928660826033	0.13345528253087577	-0.003686949864907132
4.367959949937422	0.13254471463356535	-0.00361552825360136
4.392991239048811	0.13165155764883765	-0.003546540380285871
4.418022528160199	0.13077522663028143	-0.0034798705154229647
4.44305381727159	0.12991516403524667	-0.0034154098396574494
4.468085106382979	0.1290708381145292	-0.0033530559524908984
4.4931163954943685	0.1282417414145856	-0.0032927124212618923
4.518147684605758	0.12742738938322065	-0.0032342883666985392
4.543178973717145	0.12662731907050814	-0.0031776980816937274
4.568210262828536	0.1258410879174473	-0.0031228606802946976
4.593241551939924	0.12506827262552422	-0.003069699774201446
4.618272841051315	0.1243084681009432	-0.0030181431743376125
4.643304130162704	0.12356128646784235	-0.0029681226152978636
4.668335419274092	0.12282635614528836	-0.002919573500689273
4.693366708385483	0.12210332098329511	-0.002872434667575673
4.71839799749687	0.12139183945350876	-0.0028266481684046246
4.7434292866082615	0.12069158389056303	-0.0027821590689494696
4.768460575719649	0.1200022397804438	-0.002738915260936334
4.793491864831038	0.11932350509249444	-0.0026968672881485193
4.818523153942429	0.11865508965197194	-0.0026559681849116414
4.843554443053817	0.11799671455030761	-0.0026161733259619283
4.868585732165208	0.11734811159045183	-0.0025774402867897043
4.8936170212765955	0.11670902276489196	-0.0025397287136308287
4.918648310387985	0.11607919976411407	-0.002503000202351376
4.943679599499372	0.11545840351345726	-0.0024672181855368955
4.968710888610763	0.11484640373646057	-0.0024323478271567256
4.9937421777221545	0.1142429785429499	-0.0023983559242278713
5.018773466833542	0.11364791404024152	-0.002365210814951504
5.043804755944931	0.11306100396595968	-0.0023328822928394377
5.068836045056319	0.11248204934107797	-0.002301341526388079
5.09386733416771	0.1119108581418922	-0.002270560983893642
5.118898623279097	0.1113472449897295	-0.0022405143630357645
5.1439299123904885	0.11079103085728088	-0.002211176524886617
5.168961201501878	0.11024204279052591	-0.002182523432030293
5.193992490613265	0.10970011364528877	-0.0021545320905020987
5.219023779724656	0.10916508183753326	-0.0021271804952804085
5.244055068836044	0.10863679110656593	-0.0021004475790845412
5.269086357947435	0.10811509029037195	-0.002074313164251161
5.2941176470588225	0.10759983311236396	-0.002048757917479299
5.319148936170212	0.10709087797886901	-0.0020237633072498914
5.344180225281603	0.10658808778672779	-0.0019993115637405396
5.36921151439299	0.10609132974041798	-0.0019753856410695174
5.3942428035043815	0.10560047517815503	-0.0019519691817153678
5.419274092615769	0.10511539940645856	-0.0019290464829698488
5.444305381727158	0.10463598154270445	-0.0019066024652922018
5.469336670838548	0.10416210436521567	-0.0018846226424424656
5.494367959949937	0.10369365417047167	-0.0018630930932801893
5.519399249061328	0.10323052063704308	-0.0018420004351230991
5.5444305381727155	0.1027725966958838	-0.001821331798567691
5.569461827284105	0.10231977840663438	-0.0018010748036805875
5.594493116395494	0.10187196483961306	-0.001781217537475903
5.619524405506883	0.10142905796318966	-0.001761748532599637
5.644555694618273	0.10099096253625661	-0.0017426567471475985
5.669586983729662	0.10055758600552867	-0.0017239315455483332
5.694618272841051	0.10012883840741861	-0.0017055626804471599
5.719649561952441	0.09970463227425132	-0.001687540275531706
5.74468085106383	0.0992848825445932	-0.001669854809243304
5.769712140175219	0.09886950647748573	-0.0016524970993222765
5.7947434292866085	0.09845842357038591	-0.0016354582881385488
5.819774718397996	0.098051555480626	-0.0016187298287621975
5.844806007509387	0.09764882595021673	-0.0016023034717314558
5.869837296620776	0.09725016073382887	-0.001586171252478463
5.894868585732166	0.09685548752979453	-0.0015703254793755046
5.919899874843555	0.09646473591398241	-0.001554758722366937
5.9449311639549425	0.09607783727640615	-0.0015394638021540992
5.9699624530663336	0.09569472476043367	-0.0015244337799025934
5.994993742177721	0.0953153332044745	-0.0015096619474432179
6.020025031289112	0.09493959908602462	-0.0014951418179395542
6.0450563204005014	0.09456746046795984	-0.0014808671169969437
6.07008760951189	0.09419885694697062	-0.0014668317741890276
6.09511889862328	0.09383372960403907	-0.0014530299149795327
6.120150187734667	0.09347202095686374	-0.0014394558530182984
6.145181476846059	0.09311367491414199	-0.0014261040827917577
6.170212765957445	0.09275863673162628	-0.0014129692726093323
6.195244055068836	0.09240685296987207	-0.0014000462579081782
6.2202753441802265	0.09205827145360314	-0.0013873300348598771
6.245306633291613	0.09171284123262038	-0.001374815754263485
6.270337922403005	0.09137051254418582	-0.0013624987157103419
6.295369211514392	0.09103123677681756	-0.0013503743620068638
6.320400500625783	0.0906949664354318	-0.0013384382738422522
6.3454317897371695	0.09036165510777548	-0.001326686164688924
6.37046307884856	0.09003125743209145	-0.001315113875924
6.395494367959952	0.08970372906596477	-0.001303717372160976
6.420525657071338	0.0893790266562987	-0.001292492736781206
6.445556946182729	0.0890571078103721	-0.0012814361676554327
6.470588235294116	0.08873793106793386	-0.0012705439730461782
6.495619524405506	0.08842145587428905	-0.0012598125676822054
6.520650813516895	0.08810764255433703	-0.0012492384689968552
6.545682102628285	0.08779645228752068	-0.0012388182935224024
6.570713391739676	0.08748784708365026	-0.0012285487534330671
6.5957446808510625	0.0871817897595655	-0.0012184266532296664
6.620775969962453	0.08687824391660162	-0.0012084488865592717
6.645807259073841	0.08657717391882755	-0.0011986124331636074
6.670838548185231	0.08627854487202428	-0.0011889143559502117
6.695869837296622	0.08598232260337457	-0.0011793517981807306
6.720901126408009	0.0856884736418352	-0.001169921980770983
6.745932415519399	0.08539696519916494	-0.0011606221996977137
6.770963704630788	0.08510776515158278	-0.0011514498235072248
6.795994993742178	0.08482084202203126	-0.001142402290921289
6.821026282853566	0.08453616496302191	-0.0011334771085360225
6.8460575719649555	0.08425370374003993	-0.0011246718486095648
6.871088861076346	0.0839734287154871	-0.0011159841469346604
6.896120150187734	0.08369531083314172	-0.0011074117007924085
6.921151439299124	0.08341932160311673	-0.0010989522669836316
6.946182728410513	0.08314543308729674	-0.0010906036599345017
6.971214017521902	0.08287361788523588	-0.0010823637498732067
6.996245306633291	0.08260384912049992	-0.001074230461074617
7.0212765957446805	0.0823361004274354	-0.0010662017701700394
7.046307884856071	0.08207034593835066	-0.0010582757045192993
7.071339173967459	0.08180656027109326	-0.0010504503406425169
7.0963704630788484	0.08154471851700945	-0.0010427238027090667
7.121401752190238	0.08128479622927202	-0.0010350942610813374
7.146433041301627	0.0810267694115629	-0.0010275599309110075
7.171464330413016	0.08077061450709802	-0.0010201190707856706
7.196495619524406	0.08051630838798217	-0.0010127699814237376
7.221526908635795	0.08026382834488213	-0.0010055110044156425
7.246558197747184	0.08001315207700684	-0.0009983405210094696
7.2715894868585735	0.07976425768238368	-0.0009912569509391985
7.296620775969963	0.07951712364842106	-0.00098425875129386
7.321652065081352	0.07927172884274641	-0.000977344415425955
7.3466833541927405	0.07902805250431125	-0.0009705124718975813
7.371714643304131	0.07878607423475287	-0.000963761483462764
7.39674593241552	0.07854577399000524	-0.0009570900460845748
7.421777221526909	0.07830713207214932	-0.0009504967879856586
7.446808510638299	0.07807012912149558	-0.0009439803687308795
7.471839799749687	0.07783474610889067	-0.0009375394783408297
7.496871088861077	0.07760096432824051	-0.0009311728364350084
7.521902377972466	0.07736876538924303	-0.0009248791914035422
7.546933667083856	0.07713813121032302	-0.0009186573196063312
7.571964956195245	0.0769090440117631	-0.0009125060245986072
7.5969962453066335	0.07668148630902381	-0.0009064241363818771
7.622027534418024	0.07645544090624685	-0.0009004105106793089
7.647058823529412	0.07623089088993588	-0.0008944640282346468
7.672090112640802	0.07600781962280823	-0.0008885835941337608
7.697121401752189	0.07578621073781325	-0.000882768137148012
7.72215269086358	0.0755660481323107	-0.0008770166090986049
7.74718397997497	0.07534731596240524	-0.0008713279842411774
7.772215269086359	0.0751299986374312	-0.0008657012586698709
7.797246558197749	0.0749140808145832	-0.0008601354497401732
7.8222778473091354	0.07469954739368852	-0.0008546295955098695
7.8473091364205265	0.07448638351211559	-0.0008491827541974189
7.872340425531913	0.074274574539816	-0.0008437940036571668
7.897371714643305	0.07406410607449426	-0.0008384624408707554
7.922403003754695	0.0738549639369028	-0.000833187181454187
7.947434292866082	0.07364713416625718	-0.0008279673591799631
7.972465581977473	0.07344060301576866	-0.00082280212551378
7.99749687108886	0.07323535694829046	-0.0008176906491652732
8.022528160200253	0.0730313826320737	-0.0008126321156523029
8.047559449311638	0.07282866693663072	-0.0008076257268783372
8.072590738423028	0.0726271969287012	-0.0008026707007224468
8.09762202753442	0.07242695986831972	-0.0007977662706415104
8.122653316645806	0.07222794320498024	-0.0007929116852841896
8.147684605757199	0.07203013457389536	-0.0007881062081162734
8.172715894868585	0.07183352179234773	-0.0007833491170570256
8.197747183979974	0.07163809285613028	-0.0007786397041261308
8.222778473091363	0.07144383593607338	-0.0007739772751009166
8.247809762202753	0.07125073937465604	-0.000769361149183481
8.272841051314145	0.07105879168269856	-0.000764790658677408
8.297872340425531	0.07086798153613491	-0.0007602651486737523
8.32290362953692	0.0706782977728618	-0.0007557839767459755
8.34793491864831	0.07048972938966293	-0.0007513465126535593
8.3729662077597	0.0703022655392058	-0.0007469521380539905
8.397997496871088	0.07011589552710931	-0.0007426002462228578
8.423028785982478	0.06993060880908025	-0.0007382902417817912
8.448060075093867	0.06974639498811627	-0.0007340215404339922
8.473091364205256	0.06956324381177406	-0.00072979356870711
8.498122653316646	0.06938114516950063	-0.000725605763703228
8.523153942428035	0.06920008909002591	-0.0007214575728557323
8.548185231539424	0.06902006573881535	-0.0007173484536928459
8.573216520650814	0.06884106541558022	-0.0007132778736076159
8.598247809762203	0.06866307855184478	-0.0007092453096341495
8.623279098873592	0.06848609570856834	-0.0007052502482299044
8.648310387984981	0.06831010757382068	-0.0007012921850638434
8.67334167709637	0.06813510496050976	-0.0006973706248102707
8.69837296620776	0.06796107880416004	-0.0006934850809481733
8.72340425531915	0.06778802016073998	-0.0006896350755658987
8.748435544430539	0.0676159202045379	-0.0006858201391710041
8.773466833541928	0.06744477022608417	-0.0006820398105051179
8.798498122653317	0.0672745616301194	-0.0006782936363636631
8.823529411764707	0.06710528593360651	-0.0006745811714202915
8.848560700876096	0.06693693476378633	-0.0006709019780558904
8.873591989987485	0.0667694998562751	-0.00066725562619202
8.898623279098874	0.06660297305320301	-0.000663641693128651
8.92365456821026	0.06643734630139259	-0.0006600597633860755
8.948685857321653	0.06627261165057605	-0.000656509428550859
8.973717146433042	0.0661087612516506	-0.0006529902871257292
8.998748435544432	0.0659457873549706	-0.0006495019443832662
9.023779724655821	0.06578368230867569	-0.0006460440122232978
9.048811013767207	0.06562243855705424	-0.0006426161090338853
9.0738423028786	0.06546204863894063	-0.0006392178595557908
9.098873591989985	0.06530250518614654	-0.0006358488947503393
9.123904881101378	0.06514380092192387	-0.0006325088516705544
9.148936170212767	0.06498592865946042	-0.0006291973733355002
9.173967459324153	0.06482888130040555	-0.0006259141086077123
9.198998748435546	0.06467265183342671	-0.0006226587120736471
9.224030037546932	0.06451723333279516	-0.0006194308439270585
9.249061326658325	0.06436261895700024	-0.0006162301698552101
9.27409261576971	0.06420880194739219	-0.0006130563609278624
9.2991239048811	0.06405577562685158	-0.0006099090934889302
9.324155193992492	0.06390353339848615	-0.0006067880490507639
9.349186483103878	0.06375206874435332	-0.0006036929141909605
9.374217772215271	0.063601375224208	-0.0006006233804516379
9.399249061326657	0.06345144647427577	-0.0005975791442411174
9.424280350438046	0.06330227620604949	-0.0005945599067379258
9.449311639549435	0.06315385820511042	-0.0005915653737970756
9.474342928660825	0.06300618632997182	-0.0005885952558585433
9.499374217772218	0.0628592545109453	-0.0005856492678578965
9.524405506883603	0.06271305674902945	-0.0005827271291390083
9.549436795994993	0.06256758711481941	-0.0005798285633687974
9.574468085106382	0.06242283974743815	-0.0005769532984539499
9.599499374217771	0.06227880885348777	-0.0005741010664595601
9.62453066332916	0.06213548870602111	-0.0005712716035296418
9.64956195244055	0.061992873643532884	-0.0005684646498094615
9.67459324155194	0.06185095806896993	-0.0005656799493696443
9.699624530663328	0.06170973644876032	-0.0005629172501320048
9.724655819774718	0.0615692033118606	-0.0005601763037970574
9.749687108886107	0.061429353248821046	-0.0005574568657731635
9.774718397997496	0.06129018091086826	-0.0005547586951072709
9.799749687108886	0.061151681009005004	-0.0005520815544172043
9.824780976220275	0.06101384831312663	-0.0005494252098254669
9.849812265331664	0.0608766776511539	-0.0005467894308945141
9.874843554443054	0.06074016390818176	-0.0005441739905634602
9.899874843554443	0.06060430202564368	-0.0005415786650861819
9.924906132665832	0.060469087000491396	-0.000539003233970784
9.949937421777221	0.06033451388438948	-0.0005364474799203892
9.97496871088861	0.06020057778292456	-0.0005339111887752222
10.0	0.060067273854828816	-0.0005313941494559521
