-10.0	-0.09791100872033061	-0.001390113821632559
-9.97496871088861	-0.09826009246457826	-0.0014002880933189023
-9.949937421777221	-0.09861173490787044	-0.0014105763367898555
-9.924906132665832	-0.09896596475076563	-0.0014209802804059076
-9.899874843554443	-0.09932281112957346	-0.001431501685685821
-9.874843554443054	-0.09968230362472316	-0.0014421423480775765
-9.849812265331664	-0.1000444722693266	-0.0014529040977504138
-9.824780976220275	-0.10040934755794126	-0.0014637888004086187
-9.799749687108886	-0.10077696045553904	-0.0014747983581277616
-9.774718397997496	-0.10114734240668617	-0.001485934710214083
-9.749687108886107	-0.10152052534494013	-0.0014971998340877783
-9.724655819774718	-0.1018965417024698	-0.0015085957461909358
-9.699624530663328	-0.10227542441990504	-0.0015201245029209294
-9.67459324155194	-0.10265720695642185	-0.001531788201590082
-9.64956195244055	-0.10304192330007016	-0.001543588981412452
-9.62453066332916	-0.10342960797835081	-0.0015555290245186284
-9.599499374217771	-0.10382029606904897	-0.0015676105569994454
-9.574468085106382	-0.10421402321133123	-0.0015798358499795719
-9.549436795994993	-0.10461082561711382	-0.0015922072207219542
-9.524405506883603	-0.10501074008271005	-0.0016047270337641345
-9.499374217772216	-0.10541380400076465	-0.0016173977020875114
-9.474342928660825	-0.10582005537248387	-0.001630221688320635
-9.449311639549435	-0.10622953282016895	-0.0016432015059776688
-9.424280350438046	-0.10664227560006338	-0.0016563397207332352
-9.399249061326657	-0.10705832361552155	-0.00166963895173483
-9.37421777221527	-0.10747771743050932	-0.0016831018729541207
-9.349186483103878	-0.10790049828344628	-0.0016967312145784326
-9.32415519399249	-0.10832670810139886	-0.0017105297644437996
-9.2991239048811	-0.10875638951463654	-0.001724500369511035
-9.274092615769712	-0.1091895858715602	-0.0017386459373862635
-9.249061326658325	-0.10962634125401538	-0.0017529694378875151
-9.224030037546934	-0.11006670049300096	-0.0017674739046589362
-9.198998748435546	-0.11051070918478566	-0.0017821624368343028
-9.173967459324155	-0.11095841370744583	-0.0017970382007516045
-9.148936170212767	-0.11140986123783515	-0.001812104431720433
-9.123904881101378	-0.1118650997690024	-0.0018273644358441296
-9.098873591989987	-0.11232417812806865	-0.0018428215918985806
-9.0738423028786	-0.11278714599457973	-0.0018584793532697235
-9.048811013767208	-0.11325405391934867	-0.001874341249951882
-9.023779724655821	-0.11372495334380239	-0.0018904108906090957
-8.998748435544432	-0.1141998966198503	-0.0019066919647017795
-8.973717146433042	-0.11467893703028963	-0.0019231882446810512
-8.948685857321653	-0.11516212880976585	-0.0019399035882532462
-8.923654568210262	-0.1156495271663054	-0.0019568419407171842
-8.898623279098874	-0.11614118830343874	-0.00197400733737688
-8.873591989987485	-0.11663716944293419	-0.0019914039060325316
-8.848560700876096	-0.11713752884816027	-0.002009035869552663
-8.823529411764707	-0.11764232584809903	-0.0020269075485305215
-8.798498122653317	-0.11815162086203061	-0.0020450233640278686
-8.773466833541928	-0.11866547542491114	-0.0020633878404095023
-8.748435544430539	-0.11918395221346764	-0.0020820056082719567
-8.72340425531915	-0.11970711507303274	-0.002100881407469989
-8.69837296620776	-0.12023502904514481	-0.00212002009024461
-8.67334167709637	-0.12076776039593881	-0.002139426624456599
-8.648310387984981	-0.12130537664535437	-0.002159106096929582
-8.623279098873592	-0.12184794659718924	-0.002179063716906971
-8.598247809762203	-0.12239554037002652	-0.0021993048196272203
-8.573216520650814	-0.12294822942906583	-0.0022198348700220743
-8.548185231539424	-0.12350608661888936	-0.0022406594665426776
-8.523153942428035	-0.12406918619719541	-0.002261784345118651
-8.498122653316646	-0.12463760386953261	-0.0022832153832554472
-8.473091364205256	-0.12521141682507023	-0.0023049586042755616
-8.448060075093867	-0.12579070377344076	-0.0023270201817094218
-8.423028785982478	-0.12637554498269254	-0.002349406443842036
-8.397997496871088	-0.12696602231839207	-0.002372123878421774
-8.3729662077597	-0.12756221928391678	-0.0023951791375379458
-8.34793491864831	-0.12816422106198103	-0.002418579042674153
-8.32290362953692	-0.1287721145574399	-0.0024423305899447106
-8.297872340425531	-0.1293859884414169	-0.0024664409555217952
-8.272841051314144	-0.13000593319680404	-0.0024909175012613094
-8.247809762202753	-0.13063204116518434	-0.002515767780535879
-8.222778473091363	-0.13126440659522892	-0.0025409995442837313
-8.197747183979974	-0.1319031256926244	-0.002566620747282726
-8.172715894868585	-0.1325482966715858	-0.0025926395546591392
-8.147684605757197	-0.13320001980801582	-0.002619064348641371
-8.122653316645806	-0.133858397494372	-0.0026459037355691883
-8.097622027534417	-0.13452353429630548	-0.002673166553169628
-8.072590738423028	-0.13519553701114076	-0.002700861878111321
-8.047559449311638	-0.13587451472826464	-0.0027289990338494425
-8.02252816020025	-0.13656057889149958	-0.0027575875987742326
-7.9974968710888605	-0.13725384336353758	-0.0027866374146766357
-7.972465581977473	-0.13795442449251413	-0.0028161585955452386
-7.947434292866082	-0.1386624411808078	-0.0028461615367095343
-7.922403003754694	-0.13937801495615074	-0.002876656924345148
-7.897371714643305	-0.14010127004514397	-0.0029076557453576565
-7.872340425531914	-0.1408323334492712	-0.0029391692976622657
-7.8473091364205265	-0.14157133502351268	-0.002971209200877735
-7.8222778473091354	-0.14231840755766323	-0.00300378740745377
-7.797246558197748	-0.1430736868604639	-0.003036916214252099
-7.772215269086359	-0.1438373118466629	-0.0030706082746026603
-7.7471839799749675	-0.14460942462712467	-0.0031048766108572887
-7.72215269086358	-0.14539017060211354	-0.0031397346274646323
-7.697121401752189	-0.14617969855788487	-0.0031751961245912843
-7.672090112640801	-0.14697816076671893	-0.0032112753123153545
-7.647058823529412	-0.14778571309054578	-0.003247986825420372
-7.622027534418023	-0.14860251508831007	-0.0032853457388186597
-7.596996245306634	-0.14942873012723665	-0.003323367583635201
-7.571964956195245	-0.15026452549816322	-0.0033620683639845566
-7.546933667083856	-0.1511100725351154	-0.0034014645744753083
-7.5219023779724665	-0.15196554673930868	-0.0034415732184784253
-7.496871088861077	-0.152831127907769	-0.003482411827198018
-7.471839799749688	-0.15370700026677686	-0.003523998479585121
-7.446808510638299	-0.1545933526103461	-0.0035663518231375466
-7.421777221526909	-0.15549037844396268	-0.0036094910956312376
-7.39674593241552	-0.15639827613381835	-0.0036534361478313144
-7.371714643304131	-0.15731724906178696	-0.003698207467233733
-7.346683354192741	-0.15824750578640395	-0.0037438262028915404
-7.321652065081352	-0.15918926021012333	-0.0037903141913829094
-7.296620775969963	-0.16014273175314014	-0.0038376939839815274
-7.2715894868585735	-0.1611081455340834	-0.0038859888750936056
-7.246558197747184	-0.16208573255789807	-0.003935222932029639
-7.221526908635795	-0.16307572991125513	-0.0039854210261832225
-7.196495619524406	-0.1640783809658437	-0.004036608865693664
-7.171464330413016	-0.1650939355899212	-0.004088813029673921
-7.146433041301627	-0.16612265036851662	-0.004142061004090388
-7.121401752190238	-0.16716478883270466	-0.004196381219386621
-7.0963704630788484	-0.16822062169839053	-0.004251803089948768
-7.071339173967459	-0.16929042711507128	-0.004308357055516822
-7.04630788485607	-0.17037449092506574	-0.004366074624652404
-7.0212765957446805	-0.17147310693373058	-0.004424988420380997
-6.996245306633291	-0.1725865771912144	-0.004485132228134182
-6.971214017521902	-0.17371521228632802	-0.0045465410461256895
-6.946182728410513	-0.1748593316531477	-0.004609251138303911
-6.921151439299123	-0.17601926389100064	-0.004673300090032992
-6.896120150187734	-0.1771953470985221	-0.00473872686666485
-6.871088861076345	-0.17838792922251398	-0.004805571875175402
-6.8460575719649555	-0.17959736842237833	-0.004873877029050125
-6.821026282853566	-0.18082403345094597	-0.0049436858166167115
-6.795994993742177	-0.18206830405257035	-0.005015043373036308
-6.770963704630788	-0.1833305713794096	-0.005087996556179523
-6.745932415519399	-0.18461123842687752	-0.005162594026629297
-6.720901126408009	-0.18591072048930424	-0.005238886332069857
-6.69586983729662	-0.18722944563691332	-0.005316925996339403
-6.670838548185231	-0.18856785521529143	-0.005396767613444331
-6.645807259073841	-0.18992640436860286	-0.005478467946854142
-6.620775969962453	-0.19130556258787823	-0.005562086034419648
-6.595744680851063	-0.19270581428579872	-0.005647683299282437
-6.570713391739676	-0.19412765939948232	-0.005735323667170623
-6.545682102628285	-0.19557161402288575	-0.005825073690505836
-6.520650813516897	-0.19703821107053418	-0.005917002679778186
-6.495619524405506	-0.1985280009744156	-0.006011182842681182
-6.470588235294117	-0.20004155241598867	-0.006107689431535804
-6.445556946182729	-0.20157945309539776	-0.006206600899574652
-6.420525657071338	-0.2031423105401226	-0.006307999066701195
-6.395494367959951	-0.20473075295544918	-0.006411969295387853
-6.37046307884856	-0.20634543011931644	-0.006518600677429805
-6.34543178973717	-0.20798701432426686	-0.006627986232328283
-6.320400500625783	-0.20965620136943186	-0.006740223118140706
-6.295369211514392	-0.2113537116056857	-0.006855412855702792
-6.270337922403004	-0.21308029103732956	-0.006973661567202747
-6.245306633291613	-0.21483671248392056	-0.00709508023016965
-6.2202753441802265	-0.21662377680611258	-0.007219784948026647
-6.195244055068836	-0.2184423141996807	-0.007347897238458362
-6.170212765957448	-0.22029318556219582	-0.0074795443409477825
-6.145181476846059	-0.22217728393717326	-0.007614859544956419
-6.120150187734667	-0.2240955360408724	-0.0077539825403492605
-6.09511889862328	-0.2260489038773334	-0.007897059791808011
-6.070087609511891	-0.22803838644767377	-0.008044244939131476
-6.0450563204005014	-0.23006502156013114	-0.008195699225492247
-6.020025031289112	-0.23212988774787058	-0.008351591955907952
-5.994993742177721	-0.23423410630212527	-0.008512100988392035
-5.9699624530663336	-0.2363788434288605	-0.008677413260478021
-5.9449311639549425	-0.2385653125378223	-0.008847725354064176
-5.919899874843555	-0.2407947766735606	-0.009023244101803976
-5.894868585732166	-0.24306855109883058	-0.009204187238577903
-5.869837296620776	-0.2453880060416404	-0.009390784101922988
-5.844806007509387	-0.24775456961819292	-0.009583276385677155
-5.819774718397998	-0.2501697309450148	-0.009781918951515745
-5.7947434292866085	-0.2526350434547335	-0.009986980703526004
-5.769712140175219	-0.2551521284312381	-0.01019874553148573
-5.74468085106383	-0.25772267878136307	-0.010417513329092055
-5.719649561952441	-0.2603484630617837	-0.010643601094032864
-5.694618272841051	-0.2630313297815149	-0.0108773441175148
-5.669586983729662	-0.26577321200228937	-0.011119097271668536
-5.644555694618273	-0.268576132261171	-0.011369236404154482
-5.619524405506883	-0.27144220784205997	-0.011628159850303497
-5.594493116395494	-0.2743736564252928	-0.011896290074261913
-5.569461827284105	-0.2773728021473682	-0.012174075451885051
-5.5444305381727155	-0.2804420821059607	-0.012461992209557548
-5.519399249061326	-0.28358405334887116	-0.012760546534734666
-5.494367959949937	-0.28680140038943674	-0.013070276875821542
-5.469336670838549	-0.2900969432952436	-0.013391756451067051
-5.444305381727158	-0.29347364640180007	-0.013725595988479505
-5.419274092615769	-0.29693462770820406	-0.014072446721412054
-5.3942428035043815	-0.30048316901786515	-0.014433003667464762
-5.36921151439299	-0.3041227268940653	-0.014808009221757297
-5.344180225281603	-0.307856944507703	-0.015198257099508148
-5.319148936170212	-0.31168966446306073	-0.01560459666728489
-5.2941176470588225	-0.3156249426969562	-0.01602793770734726
-5.269086357947435	-0.31966706355741414	-0.01646925566529965
-5.244055068836044	-0.3238205561801017	-0.016929597437910112
-5.219023779724656	-0.32809021229447893	-0.017410087765586214
-5.193992490613266	-0.3324811056071343	-0.01791193630278702
-5.168961201501876	-0.3369986129273294	-0.01843644544978396
-5.1439299123904885	-0.34164843721976546	-0.018985019040904237
-5.1188986232791	-0.3464366327922716	-0.019559171997961117
-5.09386733416771	-0.35136963285199	-0.020160541073332604
-5.06883604505632	-0.3564542796931772	-0.020790896825483525
-5.043804755944931	-0.3616978578135167	-0.021452156991103973
-5.018773466833542	-0.3671081302945497	-0.022146401443027614
-4.993742177722154	-0.3726933788262764	-0.022875888952375745
-4.968710888610763	-0.3784624478071238	-0.023643076007773982
-4.943679599499373	-0.3844247930094205	-0.02445063798500255
-4.918648310387985	-0.39059053536864236	-0.025301493008289756
-4.893617021276597	-0.39697052053354837	-0.02619882890111902
-4.868585732165207	-0.40357638490584696	-0.027146133691712114
-4.843554443053817	-0.41042062900447557	-0.028147230218505244
-4.818523153942427	-0.41751669911368433	-0.02920631547670195
-4.793491864831038	-0.4248790783191268	-0.030328005461766026
-4.768460575719651	-0.43252338820608294	-0.03151738640374371
-4.7434292866082615	-0.4404665026934895	-0.0327800734528389
-4.71839799749687	-0.4487266757124463	-0.03412227807831173
-4.69336670838548	-0.4573236847153225	-0.035550885687819944
-4.668335419274092	-0.46627899233004866	-0.037073545273244315
-4.643304130162704	-0.4756159288641175	-0.03869877325511276
-4.618272841051315	-0.4853598988270375	-0.04043607414788016
-4.593241551939924	-0.4955386151942066	-0.04229608122419006
-4.568210262828536	-0.5061823657987822	-0.04429072104570578
-4.543178973717147	-0.5173243170350266	-0.0464334065871947
-4.518147684605758	-0.5290008610163582	-0.04873926475613713
-4.4931163954943685	-0.5412520134907296	-0.051225405463517656
-4.468085106382977	-0.5541218712204231	-0.05391124111322626
-4.44305381727159	-0.5676591392397222	-0.0568188675543577
-4.418022528160201	-0.5819177404827375	-0.05997352032472833
-4.392991239048811	-0.5969575228127583	-0.06340412359560266
-4.367959949937422	-0.6128450815933308	-0.06714395386412249
-4.342928660826031	-0.6296547197551764	-0.07123144648085085
-4.317897371714643	-0.6474695719994905	-0.07571118102418714
-4.292866082603254	-0.6663829255417503	-0.08063509200246466
-4.267834793491865	-0.6864997768878184	-0.08606396529876481
-4.2428035043804755	-0.7079386728375804	-0.09206929946514707
-4.217772215269086	-0.7308338945613616	-0.09873563625217412
-4.192740926157699	-0.7553380565417396	-0.10616349924236627
-4.167709637046308	-0.7816252077372303	-0.11447312691766547
-4.142678347934918	-0.8098945406810586	-0.12380925243310116
-4.117647058823529	-0.8403748351828856	-0.1343472748925036
-4.09261576971214	-0.8733297858326374	-0.1463012980792374
-4.067584480600752	-0.9090643838807061	-0.159934700506709
-4.042553191489361	-0.9479325381217886	-0.17557417285486582
-4.017521902377972	-0.9903461132059569	-0.1936285576227355
-3.9924906132665825	-1.0367855111318565	-0.2146144166786398
-3.967459324155193	-1.087811770273221	-0.23919113774234416
-3.9424280350438052	-1.1440798024072705	-0.26820973169329937
-3.917396745932415	-1.206351625462144	-0.30278152244929285
-3.8923654568210257	-1.2755068645523913	-0.3443760864285777
-3.867334167709638	-1.3525445491915384	-0.39496266555147286
-3.8423028785982494	-1.43856361532443	-0.4572167324373668
-3.8172715894868587	-1.5346959721361833	-0.5348245183670626
-3.7922403003754686	-1.6419380845230704	-0.6329338528855633
-3.7672090112640793	-1.7607692238439467	-0.758817546735745
-3.7421777221526913	-1.8903250666449594	-0.9228223605141255
-3.717146433041303	-2.026653589892771	-1.1396198246594473
-3.6921151439299127	-2.159124757432595	-1.4294796761183852
-3.6670838548185225	-2.263382064340263	-1.818234305563643
-3.6420525657071328	-2.289043464674169	-2.331542691105292
-3.617021276595745	-2.1447027294727867	-2.9725186883617556
-3.5919899874843564	-1.7031186061722985	-3.668156074230726
-3.566958698372966	-0.8857105086629019	-4.209311000494989
-3.541927409261576	0.17219707797186	-4.323304100077359
-3.5168961201501876	1.127221449742561	-3.9397587467665454
-3.4918648310387996	1.7309628945952757	-3.2778316988281353
-3.46683354192741	1.9879991901340597	-2.5975043765168877
-3.4418022528160197	2.0217316865307264	-2.0267857181963804
-3.4167709637046295	1.9427470384566696	-1.5870711199201035
-3.391739674593241	1.8176624141279014	-1.2581771745553005
-3.366708385481853	1.6802931639252086	-1.0130133635212497
-3.341677096370464	1.5460851219631422	-0.8287126505937247
-3.3166458072590737	1.4212885934365718	-0.6883048242109502
-3.291614518147683	1.3078109549150903	-0.5797345603202447
-3.2665832290362946	1.2056119076973435	-0.49453158064328423
-3.2415519399249066	1.1138495281579028	-0.42672412690137174
-3.2165206508135173	1.0314161912149558	-0.37205973709424683
-3.191489361702127	0.9571807585218337	-0.32747121416357666
-3.166458072590739	0.8900904416493065	-0.2907155857945011
-3.14142678347935	0.8292064477756513	-0.26012987102166496
-3.11639549436796	0.7737092447856151	-0.23446463026684847
-3.091364205256571	0.7228907544904991	-0.21276930268660899
-3.0663329161451807	0.676141754096123	-0.1943122498968822
-3.0413016270337927	0.6329383439894918	-0.17852429188876276
-3.0162703379224034	0.5928291738857481	-0.1649583304189232
-2.991239048811014	0.5554240680531596	-0.1532601260194421
-2.966207759699625	0.5203841927757453	-0.1431469057548628
-2.941176470588234	0.48741368661667056	-0.13439153825734984
-2.916145181476846	0.456252586620089	-0.12681071654153844
-2.891113892365457	0.42667086091221057	-0.12025606226076456
-2.8660826032540676	0.3984633647957507	-0.11460738694393448
-2.8410513141426783	0.37144555571434473	-0.10976756749407418
-2.816020025031289	0.34544982379710487	-0.10565864805655184
-2.790988735919901	0.3203223150850981	-0.10221889010608208
-2.7659574468085104	0.2959201423090995	-0.0994005717968047
-2.740926157697121	0.2721088926748078	-0.09716839611824317
-2.715894868585732	0.24876035347605857	-0.09549841202849971
-2.6908635794743425	0.22575038466162112	-0.09437738839151177
-2.6658322903629545	0.20295687294097492	-0.09380261093483797
-2.6408010012515644	0.18025770482738174	-0.09378210061814482
-2.615769712140175	0.15752869634705935	-0.0943352805755735
-2.5907384230287853	0.13464141514365693	-0.09549415113790792
-2.565707133917396	0.1114608265846205	-0.09730507190545619
-2.540675844806008	0.08784268962990674	-0.09983130110835693
-2.515644555694618	0.06363062151666471	-0.10315651213089351
-2.4906132665832286	0.038652744590815954	-0.10738960471233142
-2.4655819774718406	0.01271782770690583	-0.11267126843112972
-2.440550688360452	-0.01438915372456833	-0.1191829607671032
-2.4155193992490616	-0.04291207526611352	-0.12715926564191454
-2.3904881101376714	-0.07312927636725261	-0.13690505458393534
-2.365456821026282	-0.10535944848411362	-0.14881956605074892
-2.340425531914894	-0.13996705929087724	-0.1634305817069125
-2.3153942428035057	-0.17736562971256647	-0.18144351748170898
-2.2903629536921155	-0.21801525386461132	-0.2038127703364263
-2.2653316645807253	-0.2624068182285764	-0.23184649144840996
-2.2403003754693356	-0.3110173017081071	-0.26736153676055724
-2.2152690863579476	-0.3642038556825623	-0.312912639770095
-2.190237797246559	-0.4219697960981386	-0.37212644047697746
-2.165206508135169	-0.4834646598497361	-0.4501656874364928
-2.140175219023779	-0.545940358430544	-0.554291658203233
-2.1151439299123904	-0.6026405833007367	-0.6942572499150969
-2.0901126408010025	-0.6388301387677023	-0.8815030863575986
-2.0650813516896127	-0.625635933538311	-1.1241634773276787
-2.0400500625782225	-0.5156537133664404	-1.4118332738180916
-2.0150187734668323	-0.2575651277609952	-1.6878478472256284
-1.989987484355444	0.14645931876161533	-1.8409725206052552
-1.9649561952440555	0.587191121572075	-1.7825723922202765
-1.939924906132667	0.9215027837979328	-1.5483267079376217
-1.914893617021277	1.097472723902224	-1.2541472084603877
-1.8898623279098858	1.150627656807805	-0.985567432065875
-1.8648310387984974	1.1343499206955345	-0.7712585325837924
-1.839799749687109	1.086312236638068	-0.6090976847759216
-1.8147684605757206	1.0271173812096663	-0.48813270638184686
-1.7897371714643304	0.9666769755595377	-0.39755216442996993
-1.764705882352942	0.909292556660741	-0.32892167022644975
-1.7396745932415527	0.8565435304331303	-0.2761482868320903
-1.7146433041301625	0.8087536105490767	-0.23493711524901453
-1.6896120150187741	0.7657021836302892	-0.2022686187229553
-1.664580725907384	0.7269610293314201	-0.17600439506496388
-1.6395494367959955	0.6920496327289795	-0.15461215814317686
-1.6145181476846062	0.6605034916381552	-0.13697894985375042
-1.589486858573217	0.6319010565370421	-0.12228496713245011
-1.5644555694618276	0.6058713583265456	-0.1099179477814899
-1.5394242803504374	0.5820929902170449	-0.09941453042641499
-1.514392991239049	0.5602895795164436	-0.09041961859288308
-1.4893617021276597	0.5402241824892207	-0.08265786367397485
-1.4643304130162704	0.5216937106413064	-0.07591339427551548
-1.4392991239048811	0.5045238498140028	-0.0700152242082504
-1.4142678347934918	0.48856462249758903	-0.06482661925464034
-1.3892365456821025	0.4736865998503917	-0.060237257657113324
-1.3642052565707132	0.45977770867546164	-0.056157385784473914
-1.339173967459324	0.44674055765212906	-0.05251341515113236
-1.3141426783479346	0.43449020507589226	-0.0492445722085526
-1.2891113892365453	0.422952296518046	-0.046300325184830404
-1.264080100125157	0.41206150989655627	-0.043638390197315885
-1.2390488110137667	0.40176025494097145	-0.041223173296302096
-1.2140175219023774	0.39199758282888664	-0.03902454351546813
-1.1889862327909881	0.3827282694611261	-0.03701685939783346
-1.1639549436795988	0.3739120423554802	-0.03517819119067462
-1.1389236545682104	0.3655129265531488	-0.033489695239728445
-1.1138923654568202	0.35749868938411933	-0.03193510762758509
-1.0888610763454318	0.34984036757528886	-0.030500331878753825
-1.0638297872340434	0.3425118631472315	-0.029173101354064396
-1.0387984981226523	0.3354895969542457	-0.027942701316408344
-1.013767209011264	0.3287522106809688	-0.02679973895066727
-0.9887359198998737	0.32228030970303	-0.02573595213782384
-0.9637046307884853	0.316056240518834	-0.024744049715812087
-0.9386733416770969	0.31006389752115876	-0.023817577453013758
-0.9136420525657085	0.3042885547465894	-0.02295080512143628
-0.8886107634543183	0.2987167189544766	-0.022138630964760004
-0.8635794743429273	0.29333600097467133	-0.02137650057077344
-0.8385481852315388	0.2881350027483739	-0.020660337722636545
-0.8135168961201504	0.2831032178881109	-0.01998648525250264
-0.788485607008762	0.2782309439164378	-0.019351654279819868
-0.7634543178973718	0.2735092046207974	-0.018752880504650085
-0.7384230287859816	0.26892968119407534	-0.01818748645861455
-0.7133917396745932	0.2644846510248358	-0.017653048804214273
-0.6883604505632039	0.26016693316460093	-0.01714736992631434
-0.6633291614518155	0.25596983963718484	-0.01666845318458051
-0.6382978723404253	0.25188713187138795	-0.016214481298152273
-0.6132665832290352	0.24791298163688633	-0.015783797418202093
-0.5882352941176467	0.24404193594682874	-0.015374888513722403
-0.5632040050062583	0.24026888546192615	-0.01498637075365952
-0.5381727158948699	0.2365890359916611	-0.01461697661657418
-0.5131414267834788	0.2329978827403146	-0.014265543499118238
-0.48811013767208866	0.22949118699018495	-0.013931003628199507
-0.46307884856070025	0.22606495495277998	-0.013612375109908046
-0.43804755944931184	0.2227154185518806	-0.013308753972033481
-0.41301627033792343	0.21943901793095988	-0.013019307077069955
-0.38798498122653324	0.2162323855021961	-0.012743265799605198
-0.36295369211514483	0.21309233137578654	-0.012479920376431216
-0.33792240300375376	0.21001583002692115	-0.012228614850012927
-0.31289111389236535	0.20700000807402902	-0.01198874253645476
-0.28785982478097694	0.20404213305606805	-0.011759741958095657
-0.26282853566958675	0.2011396031090266	-0.011541093188581129
-0.23779724655819834	0.19828993745263337	-0.011332314564899538
-0.21276595744680904	0.19549076760777825	-0.011132959726596177
-0.18773466833541974	0.1927398292734933	-0.010942614947329642
-0.16270337922403044	0.19003495479967003	-0.010760896728224617
-0.13767209011264026	0.18737406619815147	-0.010587449626202896
-0.11264080100125184	0.1847551686405226	-0.010421944293720252
-0.08760951188986255	0.1821763443959373	-0.010264075709170806
-0.06257822277847325	0.17963574716675285	-0.010113561579701941
-0.03754693366708395	0.1771315967836424	-0.009970140900360377
-0.01251564455569465	0.17466217422531394	-0.009833572655407944
0.01251564455569465	0.1722258169310032	-0.009703634649339031
0.03754693366708395	0.16982091437659913	-0.009580122456632893
0.06257822277847325	0.1674459038876214	-0.009462848480609356
0.08760951188986255	0.16509926666435212	-0.009351641112949803
0.11264080100125184	0.1627795239962449	-0.009246343986516468
0.13767209011264114	0.16048523364432402	-0.009146815315070155
0.16270337922403044	0.15821498637166675	-0.009052927314364734
0.18773466833541974	0.15596740260324793	-0.00896456569990019
0.21276595744680726	0.1537411291974366	-0.008881629257356756
0.23779724655819834	0.15153483631227777	-0.008804029482421717
0.26282853566958764	0.14934721435038864	-0.008731690287368385
0.28785982478097694	0.14717697096683596	-0.008664547772361895
0.31289111389236623	0.14502282812477707	-0.008602550060058962
0.33792240300375376	0.1428835191839121	-0.00854565719264543
0.36295369211514483	0.1407577860069348	-0.008493841091025495
0.38798498122653235	0.13864437606918137	-0.008447085576447673
0.41301627033792343	0.13654203955654065	-0.008405386455432403
0.43804755944931273	0.1344495264364431	-0.008368751669464205
0.46307884856070025	0.1323655834863283	-0.00833720151153491
0.4881101376720913	0.13028895126345455	-0.008310768912284267
0.5131414267834788	0.12821836099920558	-0.008289499799189665
0.5381727158948699	0.1261525314001708	-0.008273453533019164
0.5632040050062574	0.12409016533723774	-0.008262703426594482
0.5882352941176467	0.12202994640266496	-0.0082573373518263
0.6132665832290378	0.11997053531365445	-0.008257458442000456
0.6382978723404253	0.1179105661392158	-0.008263185897427491
0.6633291614518164	0.11584864232514325	-0.008274655903841969
0.6883604505632039	0.11378333248964648	-0.00829202267437584
0.7133917396745932	0.11171316595954134	-0.00831545962756123
0.7384230287859808	0.10963662801391513	-0.008345160715675674
0.7634543178973718	0.10755215479871659	-0.008381341919866904
0.7884856070087629	0.1054581278717902	-0.008424242930931329
0.8135168961201504	0.103352868333343	-0.00847412903742596
0.8385481852315397	0.10123463049166523	-0.008531293246033099
0.8635794743429273	0.09910159500799819	-0.008596058662849099
0.8886107634543183	0.09695186145763293	-0.008668781168626866
0.9136420525657059	0.0947834402365293	-0.008749852426077679
0.9386733416770969	0.09259424373375072	-0.008839703263267676
0.9637046307884862	0.0903820766796935	-0.008938807484088873
0.9887359198998737	0.08814462556815061	-0.009047686164942479
1.0137672090112648	0.08587944703649139	-0.009166912506380322
1.0387984981226523	0.08358395507229663	-0.00929711731980045
1.0638297872340434	0.08125540689629557	-0.009438995242739976
1.088861076345431	0.07889088734998367	-0.00959331179228537
1.1138923654568202	0.07648729159126309	-0.009760911385165738
1.1389236545682113	0.07404130587226056	-0.009942726475863601
1.1639549436795988	0.07154938613929392	-0.010139787991392084
1.18898623279099	0.06900773415489081	-0.010353237274260652
1.2140175219023774	0.0664122707946505	-0.010584339784852372
1.2390488110137667	0.06375860611618686	-0.010834500862557106
1.264080100125156	0.061042005731771515	-0.01110528390354282
1.2891113892365453	0.05825735293849718	-0.011398431384537725
1.3141426783479364	0.05539910596736451	-0.011715889249645964
1.339173967459324	0.05246124960255681	-0.012059835285131885
1.3642052565707132	0.04943724029054469	-0.01243271224053647
1.3892365456821025	0.0463199437009386	-0.012837266620204263
1.4142678347934918	0.04310156351139331	-0.013276594276076626
1.4392991239048811	0.039773559960323154	-0.01375419419186753
1.4643304130162704	0.03632655643484205	-0.014274032175452932
1.4893617021276597	0.03275023202628129	-0.01484061659019327
1.514392991239049	0.029033197578207687	-0.015459088783120233
1.5394242803504383	0.025162852255107407	-0.016135331543346454
1.5644555694618276	0.02112521705267792	-0.01687609979457324
1.589486858573217	0.016904740926737646	-0.01768917885458667
1.6145181476846044	0.0124840743045843	-0.018583577068551026
1.6395494367959955	0.00784380362016221	-0.01956976156036788
1.6645807259073848	0.0029621391338014724	-0.020659948411553393
1.6896120150187741	-0.0021854534000896597	-0.021868461999110772
1.7146433041301634	-0.007626688736629028	-0.02321218282518527
1.739674593241551	-0.013392979879168126	-0.024711109409829936
1.764705882352942	-0.01952005470185675	-0.02638906835035628
1.7897371714643295	-0.02604869229607054	-0.028274618426471748
1.8147684605757206	-0.03302560420030701	-0.030402211038387507
1.83979974968711	-0.04050449053580216	-0.03281369235613763
1.8648310387984974	-0.04854730615870648	-0.03556026539324197
1.8898623279098885	-0.057225776461470146	-0.03870507741294517
1.914893617021276	-0.06662320467204622	-0.04232666666703528
1.939924906132667	-0.07683660880814344	-0.04652360329000251
1.9649561952440546	-0.08797920959266058	-0.051420809063151045
1.989987484355444	-0.10018324619609645	-0.05717826609573212
2.015018773466835	-0.11360299599978602	-0.06400316674375998
2.0400500625782225	-0.12841766059362483	-0.07216708158122546
2.065081351689613	-0.1448333382530564	-0.08203053058902829
2.090112640801001	-0.16308240022712328	-0.09407858853792277
2.1151439299123904	-0.18341674534061086	-0.10897305430370606
2.1401752190237784	-0.20608762886678067	-0.127629510387367
2.165206508135169	-0.23129696332628422	-0.15133136242734593
2.1902377972465596	-0.2590888296003452	-0.18189676776715025
2.2152690863579476	-0.28911665000370046	-0.22191359296619437
2.240300375469337	-0.32015503592890304	-0.2750350661610238
2.265331664580725	-0.34910522127296584	-0.34622945787314
2.2903629536921155	-0.369088890843638	-0.4415448511756093
2.315394242803503	-0.36633146706321335	-0.5660476794100573
2.340425531914894	-0.3172351377260929	-0.7169653594810819
2.3654568210262834	-0.19320619131384778	-0.8696748574888081
2.3904881101376714	0.012949703925706726	-0.9686685950432025
2.415519399249062	0.2529707555413806	-0.9592732628812364
2.4405506883604495	0.4477686108795281	-0.8473218854980292
2.4655819774718406	0.558460068895941	-0.6918797663612024
2.490613266583228	0.5983185860210263	-0.5442180786554531
2.515644555694618	0.5962210029206468	-0.4244334202690726
2.5406758448060085	0.5741784359223605	-0.33329733452447574
2.565707133917396	0.5446327110665716	-0.26530148174349544
2.590738423028787	0.5136877472141556	-0.21450387716598626
2.6157697121401746	0.48404841474125804	-0.17615016661654073
2.6408010012515644	0.4567521054812418	-0.14677587799953756
2.665832290362953	0.4320599641671102	-0.12393333945408834
2.6908635794743425	0.4098918007438985	-0.10590266319167735
2.7158948685857336	0.3900327925663163	-0.09146810780721484
2.740926157697121	0.3722293730842929	-0.07976065491978918
2.765957446808511	0.3562319004206075	-0.07015078983821796
2.7909887359198997	0.34181197102372346	-0.06217607407093108
2.816020025031289	0.32876784176844265	-0.05549206409032492
2.841051314142678	0.31692447215798075	-0.04983875966588129
2.8660826032540676	0.30613132656389974	-0.04501740587939827
2.8911138923654573	0.29625943046157527	-0.04087425195203929
2.916145181476846	0.2871983679004396	-0.03728903392229868
2.9411764705882355	0.27885351293126515	-0.034166703002063516
2.9662077596996244	0.27114359729296716	-0.03143141147925355
2.991239048811014	0.2639986277026398	-0.029022088220998686
3.0162703379224016	0.2573581274345795	-0.02688914695154737
3.0413016270337927	0.25116966281944175	-0.024992011159129766
3.066332916145182	0.24538761289585218	-0.023297234281908427
3.091364205256571	0.23997214320372162	-0.021777058430677593
3.1163954943679606	0.2348883494035463	-0.02040829943847123
3.141426783479348	0.2301055414952821	-0.019171477063095785
3.166458072590739	0.22559664420031325	-0.018050131030897035
3.1914893617021267	0.2213376932921728	-0.017030279169795957
3.2165206508135173	0.21730741125396597	-0.01609998506372071
3.241551939924907	0.21348684863506506	-0.015249010775942212
3.2665832290362946	0.20985907994586883	-0.014468536130930701
3.2916145181476857	0.2064089449462802	-0.013750930432905078
3.316645807259073	0.20312282782655006	-0.013089565767194274
3.341677096370464	0.19998846811530174	-0.012478663483201032
3.366708385481852	0.19699479823596966	-0.011913167312392422
3.391739674593241	0.1941318035168456	-0.011388637987205028
3.416770963704632	0.19139040118030648	-0.010901165309846101
3.4418022528160197	0.18876233542495557	-0.010447294455917007
3.4668335419274103	0.18624008619578875	-0.010023963947018164
3.4918648310387983	0.1838167896324781	-0.009628453233726878
3.5168961201501876	0.18148616851082372	-0.00925833822889064
3.5419274092615756	0.17924247126058224	-0.008911453446055477
3.566958698372966	0.17708041836475352	-0.008585859647913691
3.591989987484357	0.1749951551295713	-0.008279816109253572
3.617021276595745	0.1729822099677213	-0.007991756758971853
3.642052565707134	0.1710374574652827	-0.007720269594691193
3.667083854818522	0.16915708561002724	-0.007464078867909415
3.6921151439299127	0.16733756664866245	-0.00722202962244662
3.7171464330413	0.16557563111636073	-0.006993074238195191
3.7421777221526913	0.16386824464585875	-0.006776260688905034
3.7672090112640806	0.16221258721757176	-0.006570722269393824
3.7922403003754686	0.1606060345581157	-0.006375668586083345
3.817271589486859	0.1590461414337611	-0.006190377636667592
3.8423028785982467	0.15753062661871534	-0.006014188831236018
3.867334167709638	0.15605735934667686	-0.005846496829289819
3.8923654568210253	0.15462434707859365	-0.005686746085591358
3.917396745932415	0.15322972444058558	-0.005534426013311152
3.9424280350438057	0.1518717432041259	-0.005389066686005652
3.967459324155193	0.15054876319621407	-0.005250235010987846
3.9924906132665843	0.14925924404081664	-0.005117531315989453
4.017521902377972	0.14800173764459282	-0.0049905862989373375
4.042553191489361	0.1467748813501149	-0.004869058297408467
4.06758448060075	0.1455773916886841	-0.004752630840080697
4.09261576971214	0.14440805867258089	-0.004641010447414618
4.117647058823531	0.14326574057336589	-0.004533924653018749
4.142678347934918	0.14214935913877555	-0.004431120220772982
4.167709637046308	0.14105789520595735	-0.004332361535904602
4.192740926157697	0.13999038467336486	-0.004237429150903881
4.217772215269086	0.13894591479765375	-0.004146118469493933
4.2428035043804755	0.13792362078547224	-0.004058238553887601
4.267834793491865	0.13692268265317403	-0.003973611042315985
4.292866082603254	0.13594232233025577	-0.003892069165337461
4.317897371714643	0.1349818009847795	-0.0038134568507647657
4.342928660826033	0.13404041655122229	-0.003737627908207945
4.367959949937422	0.133117501443135	-0.0036644452852460556
4.392991239048811	0.13221242043471704	-0.0035937803881300537
4.418022528160199	0.1313245686969552	-0.003525512460700253
4.44305381727159	0.13045336997534512	-0.003459528015888341
4.468085106382979	0.12959827489744635	-0.003395720314778917
4.4931163954943685	0.128758759399615	-0.0033339888887387037
4.518147684605758	0.12793432326325	-0.0032742391005933184
4.543178973717145	0.1271244887517674	-0.0032163817412482615
4.568210262828536	0.12632879934031477	-0.0031603326585204834
4.593241551939924	0.12554681853095134	-0.0031060124152748982
4.618272841051315	0.12477812874666225	-0.0030533459742514294
4.643304130162704	0.12402233029815873	-0.003002262407227875
4.668335419274092	0.12327904041793553	-0.002952694626394543
4.693366708385483	0.12254789235653506	-0.0029045791360231233
4.71839799749687	0.12182853453639367	-0.002857855802696304
4.7434292866082615	0.12112062975903287	-0.0028124676425292814
4.768460575719649	0.1204238544617142	-0.002768360623962172
4.793491864831038	0.11973789801999019	-0.0027254834848341953
4.818523153942429	0.11906246209287966	-0.002683787562569695
4.843554443053817	0.11839726000765582	-0.0026432266364124503
4.868585732165208	0.11774201618147667	-0.0026037567807408917
4.8936170212765955	0.11709646557730888	-0.002565336228583431
4.918648310387985	0.11646035319179046	-0.0025279252445308256
4.943679599499372	0.11583343357286682	-0.0024914860063132197
4.968710888610763	0.11521547036519483	-0.0024559824943728215
4.9937421777221545	0.11460623588146707	-0.0024213803888209337
5.018773466833542	0.11400551069794396	-0.0023876469732199536
5.043804755944931	0.11341308327261179	-0.002354751044678295
5.068836045056319	0.11282874958450152	-0.002322662829788982
5.09386733416771	0.11225231279280828	-0.002291353905981449
5.118898623279097	0.1116835829145544	-0.0022607971278915786
5.1439299123904885	0.11112237651962475	-0.0022309665583869513
5.168961201501878	0.11056851644209144	-0.0022018374039137786
5.193992490613265	0.11002183150681705	-0.002173385953858407
5.219023779724656	0.10948215627039998	-0.002145589523640804
5.244055068836044	0.10894933077558959	-0.002118426401279538
5.269086357947435	0.10842320031835669	-0.002091875797187999
5.2941176470588225	0.10790361522686548	-0.002065917796980308
5.319148936170212	0.10739043065163816	-0.002040533317082099
5.344180225281603	0.10688350636625689	-0.0020157040629571205
5.36921151439299	0.10638270657798699	-0.001991412489774672
5.3942428035043815	0.1058878997477479	-0.0019676417653559917
5.419274092615769	0.10539895841889742	-0.0019443757352497785
5.444305381727158	0.10491575905432543	-0.001921598889797857
5.469336670838548	0.10443818188139092	-0.0018992963330623153
5.494367959949937	0.10396611074426157	-0.0018774537534945682
5.519399249061328	0.1034994329632459	-0.001856057396235475
5.5444305381727155	0.1030380392007328	-0.0018350940369434813
5.569461827284105	0.10258182333337684	-0.0018145509570550067
5.594493116395494	0.10213068233019192	-0.0017944159203880645
5.619524405506883	0.10168451613623433	-0.0017746771510061968
5.644555694618273	0.10124322756157744	-0.0017553233122655945
5.669586983729662	0.100806722175298	-0.0017363434869735145
5.694618272841051	0.10037490820420995	-0.0017177271585909828
5.719649561952441	0.09994769643609876	-0.001699464193417306
5.74468085106383	0.09952500012722286	-0.001681544823698069
5.769712140175219	0.09910673491386324	-0.0016639596316021894
5.7947434292866085	0.09869281872771432	-0.0016466995340171668
5.819774718397996	0.09828317171492207	-0.0016297557681150062
5.844806007509387	0.09787771615858565	-0.001613119877644362
5.869837296620776	0.09747637640455016	-0.0015967836999073587
5.894868585732166	0.0970790787903271	-0.0015807393533821212
5.919899874843555	0.0966857515769888	-0.0015649792259546237
5.9449311639549425	0.09629632488389207	-0.0015494959637256923
5.9699624530663336	0.0959107306260928	-0.0015342824603611482
5.994993742177721	0.09552890245432366	-0.0015193318469551207
6.020025031289112	0.0951507756974102	-0.0015046374823783149
6.0450563204005014	0.09477628730701182	-0.001490192944084874
6.07008760951189	0.09440537580457609	-0.0014759920193529587
6.09511889862328	0.09403798123040416	-0.0014620286969357717
6.120150187734667	0.09367404509472825	-0.0014482971591011041
6.145181476846059	0.09331351033070853	-0.0014347917740387805
6.170212765957445	0.0929563212492619	-0.0014215070886166735
6.195244055068836	0.09260242349563755	-0.0014084378214669789
6.2202753441802265	0.09225176400766262	-0.001395578856385661
6.245306633291613	0.09190429097558067	-0.0013829252360288355
6.270337922403005	0.09155995380341285	-0.0013704721558908815
6.295369211514392	0.09121870307177449	-0.001358214958549941
6.320400500625783	0.09088049050208169	-0.0013461491281672126
6.3454317897371695	0.09054526892208875	-0.001334270285227338
6.37046307884856	0.09021299223269662	-0.0013225741815077548
6.395494367959952	0.08988361537597916	-0.001311056695265704
6.420525657071338	0.08955709430437375	-0.0012997138266321075
6.445556946182729	0.08923338595098637	-0.0012885416932021635
6.470588235294116	0.0889124482009655	-0.0012775365258131132
6.495619524405506	0.08859423986389735	-0.0012666946645000432
6.520650813516895	0.08827872064718192	-0.001256012554621213
6.545682102628285	0.08796585113034722	-0.001245486743144747
6.570713391739676	0.08765559274026428	-0.0012351138750890424
6.5957446808510625	0.08734790772722478	-0.001224890690109612
6.620775969962453	0.08704275914184653	-0.0012148140192254752
6.645807259073841	0.08674011081277352	-0.0012048807816786007
6.670838548185231	0.08643992732513744	-0.0011950879819201863
6.695869837296622	0.08614217399975123	-0.0011854327067179523
6.720901126408009	0.08584681687300463	-0.001175912122378876
6.745932415519399	0.08555382267743411	-0.0011665234720820983
6.770963704630788	0.08526315882294098	-0.001157264073317027
6.795994993742178	0.08497479337863156	-0.0011481313154218583
6.821026282853566	0.08468869505525581	-0.0011391226572180465
6.8460575719649555	0.08440483318822066	-0.001130235624736418
6.871088861076346	0.08412317772115654	-0.0011214678090308862
6.896120150187734	0.0838436991900153	-0.0011128168640758965
6.921151439299124	0.08356636870767968	-0.0011042805047439266
6.946182728410513	0.08329115794906486	-0.0010958565048595707
6.971214017521902	0.08301803913669337	-0.0010875426953268668
6.996245306633291	0.08274698502672606	-0.0010793369623267272
7.0212765957446805	0.08247796889543167	-0.0010712372455814567
7.046307884856071	0.0822109645260792	-0.0010632415366835053
7.071339173967459	0.0819459461962371	-0.0010553478774857298
7.0963704630788484	0.08168288866546469	-0.001047554358550569
7.121401752190238	0.08142176716338154	-0.001039859117655666
7.146433041301627	0.08116255737810085	-0.0010322603383535805
7.171464330413016	0.08090523544501402	-0.0010247562485833507
7.196495619524406	0.08064977793591359	-0.0010173451193317572
7.221526908635795	0.08039616184844274	-0.0010100252633422607
7.246558197747184	0.08014436459585961	-0.0010027950338696587
7.2715894868585735	0.07989436399710534	-0.0009956528234786061
7.296620775969963	0.07964613826716538	-0.00098859706288423
7.321652065081352	0.07939966600771353	-0.0009816262198331467
7.3466833541927405	0.07915492619802925	-0.0009747387980232616
7.371714643304131	0.07891189818617848	-0.000967933336060816
7.39674593241552	0.07867056168044934	-0.0009612084064532042
7.421777221526909	0.07843089674103348	-0.0009545626146361483
7.446808510638299	0.07819288377194528	-0.0009479945980338947
7.471839799749687	0.07795650351317046	-0.0009415030251511379
7.496871088861077	0.0777217370330366	-0.0009350865946954423
7.521902377972466	0.0774885657207981	-0.0009287440347289942
7.546933667083856	0.0772569712794284	-0.0009224741018485426
7.571964956195245	0.07702693571861287	-0.0009162755803924707
7.5969962453066335	0.0767984413479351	-0.000910147281673951
7.622027534418024	0.07657147077025113	-0.000904088043239209
7.647058823529412	0.07634600687524491	-0.0008980967281499468
7.672090112640802	0.07612203283315913	-0.0008921722242890189
7.697121401752189	0.07589953208869626	-0.000886313443688503
7.72215269086358	0.07567848835508337	-0.0008805193218793216
7.74718397997497	0.07545888560829692	-0.0008747888172616382
7.772215269086359	0.07524070808144086	-0.0008691209104952454
7.797246558197749	0.07502394025927436	-0.0008635146039092277
7.8222778473091354	0.07480856687288406	-0.0008579689209301956
7.8473091364205265	0.07459457289449602	-0.0008524829055284127
7.872340425531913	0.0743819435324237	-0.0008470556216811842
7.897371714643305	0.07417066422614692	-0.0008416861528528689
7.922403003754695	0.07396072064151865	-0.0008363736014909446
7.947434292866082	0.07375209866609486	-0.0008311170885375357
7.972465581977473	0.07354478440458415	-0.0008259157529558673
7.99749687108886	0.07333876417441362	-0.0008207687512711266
8.022528160200253	0.07313402450140694	-0.0008156752571252053
8.047559449311638	0.0729305521155719	-0.0008106344608448711
8.072590738423028	0.07272833394699334	-0.0008056455690228653
8.09762202753442	0.07252735712182935	-0.0008007078041115149
8.122653316645806	0.07232760895840679	-0.0007958204040284093
8.147684605757199	0.07212907696341322	-0.0007909826217737228
8.172715894868585	0.07193174882818355	-0.0007861937250588156
8.197747183979974	0.07173561242507671	-0.00078145299594569
8.222778473091363	0.07154065580394164	-0.0007767597304969734
8.247809762202753	0.07134686718866873	-0.000772113238436049
8.272841051314145	0.0711542349738246	-0.0007675128428170043
8.297872340425531	0.07096274772136833	-0.000762957879704074
8.32290362953692	0.07077239415744561	-0.0007584476978602472
8.34793491864831	0.07058316316926012	-0.0007539816584447598
8.3729662077597	0.07039504380201864	-0.0007495591347191567
8.397997496871088	0.07020802525594845	-0.0007451795117616594
8.423028785982478	0.07002209688338508	-0.0007408421861895592
8.448060075093867	0.06983724818592785	-0.0007365465658893812
8.473091364205256	0.06965346881166203	-0.0007322920697545638
8.498122653316646	0.06947074855244517	-0.0007280781274304161
8.523153942428035	0.06928907734125632	-0.0007239041790661164
8.548185231539424	0.06910844524960588	-0.0007197696750735287
8.573216520650814	0.06892884248500505	-0.0007156740758926222
8.598247809762203	0.06875025938849261	-0.0007116168517632824
8.623279098873592	0.06857268643221795	-0.0007075974825033139
8.648310387984981	0.06839611421707864	-0.0007036154572924415
8.67334167709637	0.06822053347041111	-0.0006996702744621209
8.69837296620776	0.06804593504373284	-0.0006957614412909784
8.72340425531915	0.06787230991053507	-0.0006918884738057072
8.748435544430539	0.06769964916412427	-0.0006880508965872501
8.773466833541928	0.06752794401551143	-0.0006842482425821065
8.798498122653317	0.06735718579134765	-0.0006804800529186085
8.823529411764707	0.06718736593190486	-0.0006767458767280133
8.848560700876096	0.0670184759891007	-0.0006730452709702661
8.873591989987485	0.06685050762456615	-0.0006693778002642934
8.898623279098874	0.06668345260775496	-0.0006657430367226884
8.92365456821026	0.0665173028140937	-0.0006621405597906607
8.948685857321653	0.06635205022317141	-0.0006585699560891162
8.973717146433042	0.06618768691696812	-0.0006550308192617568
8.998748435544432	0.06602420507812057	-0.0006515227498260629
9.023779724655821	0.06586159698822491	-0.0006480453550280626
9.048811013767207	0.06569985502617512	-0.0006445982487007653
9.0738423028786	0.06553897166653613	-0.0006411810511261528
9.098873591989985	0.06537893947795118	-0.0006377933889006352
9.123904881101378	0.06521975112158183	-0.0006344348948038505
9.148936170212767	0.06506139934958098	-0.0006311052076707375
9.173967459324153	0.06490387700359665	-0.0006278039722667628
9.198998748435546	0.06474717701330691	-0.0006245308391662264
9.224030037546932	0.06459129239498491	-0.0006212854646335604
9.249061326658325	0.06443621625009255	-0.0006180675105075167
9.27409261576971	0.06428194176390349	-0.0006148766440881891
9.2991239048811	0.06412846220415316	-0.0006117125380267619
9.324155193992492	0.0639757709197166	-0.0006085748702179324
9.349186483103878	0.06382386133931248	-0.000605463323694918
9.374217772215271	0.06367272697023292	-0.0006023775865269742
9.399249061326657	0.06352236139709892	-0.000599317351719372
9.424280350438046	0.06337275828063993	-0.000596282317115738
9.449311639549435	0.06322391135649803	-0.0005932721853027215
9.474342928660825	0.06307581443405519	-0.0005902866635169029
9.499374217772218	0.06292846139528363	-0.000587325463553892
9.524405506883603	0.06278184619361872	-0.0005843883016795573
9.549436795994993	0.06263596285285346	-0.0005814748985433201
9.574468085106382	0.062490805466054566	-0.0005785849790934682
9.599499374217771	0.0623463681944995	-0.0005757182724944286
9.62453066332916	0.06220264526663361	-0.0005728745120459449
9.64956195244055	0.06205963097704746	-0.0005700534351041144
9.67459324155194	0.061917319685473524	-0.0005672547830042298
9.699624530663328	0.061775705815801926	-0.0005644783009853812
9.724655819774718	0.06163478385511477	-0.0005617237381167699
9.749687108886107	0.06149454835273866	-0.0005589908472256888
9.774718397997496	0.061354993919315017	-0.0005562793848271266
9.799749687108886	0.06121611522588764	-0.0005535891110549537
9.824780976220275	0.06107790700300743	-0.0005509197895946462
9.849812265331664	0.06094036403985353	-0.0005482711876175096
9.874843554443054	0.060803481183370825	-0.0005456430757163652
9.899874843554443	0.060667253337423246	-0.0005430352278426568
9.924906132665832	0.06053167546196262	-0.000540447421244946
9.949937421777221	0.060396742572212725	-0.000537879436408757
9.97496871088861	0.06026244973786808	-0.0005353310569977388
10.0	0.06012879208230741	-0.0005328020697961098
