-10.0	-0.09820017159653917	-0.0013998846253977604
-9.97496871088861	-0.09855171429684653	-0.001410189381284818
-9.949937421777221	-0.0989058485811446	-0.001420610449681068
-9.924906132665832	-0.0992626037405937	-0.0014311496112593834
-9.899874843554443	-0.09962200951531702	-0.0014418086812448203
-9.874843554443054	-0.09998409610312128	-0.001452589510228595
-9.849812265331664	-0.10034889416842278	-0.0014634939850046717
-9.824780976220275	-0.10071643485138516	-0.0014745240294296673
-9.799749687108886	-0.10108674977727404	-0.001485681605306829
-9.774718397997496	-0.10145987106603517	-0.0014969687132948648
-9.749687108886107	-0.10183583134210207	-0.0015083873938424258
-9.724655819774718	-0.10221466374443983	-0.0015199397281490798
-9.699624530663328	-0.10259640193683157	-0.0015316278391536418
-9.67459324155194	-0.10298108011841477	-0.0015434538925507624
-9.64956195244055	-0.10336873303447419	-0.0015554200978366954
-9.62453066332916	-0.10375939598749924	-0.0015675287093852236
-9.599499374217771	-0.10415310484851295	-0.0015797820275547402
-9.574468085106382	-0.10454989606868095	-0.0015921823998275228
-9.549436795994993	-0.10494980669120799	-0.0016047322219822858
-9.524405506883603	-0.10535287436353084	-0.0016174339393011307
-9.499374217772216	-0.10575913734981622	-0.0016302900478120529
-9.474342928660825	-0.10616863454377273	-0.001643303095568229
-9.449311639549435	-0.10658140548178568	-0.00165647568396531
-9.424280350438046	-0.1069974903563852	-0.0016698104690980654
-9.399249061326657	-0.10741693003005692	-0.001683310163157694
-9.37421777221527	-0.10783976604940576	-0.001696977535871233
-9.349186483103878	-0.10826604065968366	-0.001710815415984521
-9.32415519399249	-0.10869579681969158	-0.0017248266927902248
-9.2991239048811	-0.10912907821706828	-0.0017390143177025408
-9.274092615769712	-0.10956592928397638	-0.001753381305880166
-9.249061326658325	-0.11000639521319922	-0.0017679307378993092
-9.224030037546934	-0.11045052197465996	-0.0017826657614784574
-9.198998748435546	-0.11089835633237678	-0.0017975895932567888
-9.173967459324155	-0.11134994586186789	-0.0018127055206281534
-9.148936170212767	-0.11180533896801917	-0.0018280169036325952
-9.123904881101378	-0.11226458490343103	-0.0018435271769075426
-9.098873591989987	-0.11272773378725721	-0.0018592398517007964
-9.0738423028786	-0.11319483662455328	-0.0018751585179476035
-9.048811013767208	-0.11366594532614976	-0.0018912868464141686
-9.023779724655821	-0.11414111272906677	-0.001907628590910027
-8.998748435544432	-0.11462039261748849	-0.0019241875905718832
-8.973717146433042	-0.1151038397443142	-0.0019409677722215188
-8.948685857321653	-0.11559150985330585	-0.0019579731528005973
-8.923654568210262	-0.1160834597018508	-0.001975207841885229
-8.898623279098874	-0.11657974708436013	-0.0019926760442833045
-8.873591989987485	-0.11708043085632382	-0.0020103820627177882
-8.848560700876096	-0.11758557095904384	-0.0020283303005991862
-8.823529411764707	-0.11809522844506831	-0.0020465252648906715
-8.798498122653317	-0.11860946550434981	-0.002064971569069406
-8.773466833541928	-0.11912834549115242	-0.002083673936187799
-8.748435544430539	-0.11965193295173242	-0.002102637202038596
-8.72340425531915	-0.12018029365281949	-0.002121866318427855
-8.69837296620776	-0.12071349461092482	-0.002141366356560071
-8.67334167709637	-0.12125160412250557	-0.0021611425105398678
-8.648310387984981	-0.12179469179501407	-0.0021812001009949033
-8.623279098873592	-0.12234282857886329	-0.0022015445788248302
-8.598247809762203	-0.12289608680034016	-0.0022221815290813687
-8.573216520650814	-0.1234545401954994	-0.0022431166749847997
-8.548185231539424	-0.12401826394507341	-0.0022643558820823993
-8.523153942428035	-0.12458733471043305	-0.0022859051625546273
-8.498122653316646	-0.1251618306706375	-0.002307770679675102
-8.473091364205256	-0.12574183156061144	-0.0023299587524307406
-8.448060075093867	-0.1263274187104907	-0.0023524758603086747
-8.423028785982478	-0.126918675086178	-0.002375328648256914
-8.397997496871088	-0.12751568533115298	-0.002398523931826022
-8.3729662077597	-0.12811853580958255	-0.0024220687024994582
-8.34793491864831	-0.12872731465077844	-0.0024459701332205474
-8.32290362953692	-0.12934211179505295	-0.002470235584124494
-8.297872340425531	-0.12996301904102345	-0.0024948726084841797
-8.272841051314144	-0.13059013009442075	-0.002519888958879
-8.247809762202753	-0.13122354061845712	-0.002545292593596378
-8.222778473091363	-0.1318633482858128	-0.0025710916832760704
-8.197747183979974	-0.13250965283230315	-0.002597294617807974
-8.172715894868585	-0.13316255611228936	-0.0026239100134945186
-8.147684605757197	-0.13382216215590084	-0.0026509467204894293
-8.122653316645806	-0.13448857722813834	-0.0026784138305251588
-8.097622027534417	-0.13516190988993101	-0.002706320684941909
-8.072590738423028	-0.13584227106122418	-0.002734676883031894
-8.047559449311638	-0.13652977408617661	-0.002763492290713078
-8.02252816020025	-0.13722453480055175	-0.002792777049547471
-7.9974968710888605	-0.13792667160138897	-0.0028225415861197678
-7.972465581977473	-0.13863630551904627	-0.002852796621792959
-7.947434292866082	-0.13935356029171106	-0.00288355318285847
-7.922403003754694	-0.14007856244247596	-0.002914822611099177
-7.897371714643305	-0.14081144135908738	-0.0029466165747848152
-7.872340425531914	-0.1415523293764737	-0.002978947080120125
-7.8473091364205265	-0.1423013618621681	-0.0030118264831673334
-7.8222778473091354	-0.14305867730474775	-0.0030452675022657177
-7.797246558197748	-0.1438244174054116	-0.0030792832309720786
-7.772215269086359	-0.14459872717283256	-0.0031138871515475368
-7.7471839799749675	-0.1453817550214186	-0.003149093149017146
-7.72215269086358	-0.1461736528731295	-0.0031849155258305553
-7.697121401752189	-0.14697457626300198	-0.003221369017153387
-7.672090112640801	-0.1477846844485397	-0.0032584688068206386
-7.647058823529412	-0.14860414052313928	-0.0032962305439853284
-7.622027534418023	-0.14943311153372457	-0.0033346703604973165
-7.596996245306634	-0.1502717686027766	-0.0033738048890493786
-7.571964956195245	-0.1511202870549516	-0.003413651282129661
-7.546933667083856	-0.15197884654849098	-0.003454227231821936
-7.5219023779724665	-0.1528476312116385	-0.0034955509904975183
-7.496871088861077	-0.153726829784289	-0.0035376413924452363
-7.471839799749688	-0.15461663576510665	-0.003580517876488643
-7.446808510638299	-0.1555172475643614	-0.0036242005096425427
-7.421777221526909	-0.1564288686627471	-0.0036687100118640566
-7.39674593241552	-0.1573517077764575	-0.003714067781956785
-7.371714643304131	-0.1582859790288113	-0.0037602959246901568
-7.346683354192741	-0.15923190212873436	-0.0038074172791998963
-7.321652065081352	-0.16018970255642098	-0.0038554554487395818
-7.296620775969963	-0.16115961175651805	-0.0039044348318576024
-7.2715894868585735	-0.16214186733918964	-0.003954380655078503
-7.246558197747184	-0.16313671328944426	-0.00400531900717264
-7.221526908635795	-0.1641444001851248	-0.004057276875103426
-7.196495619524406	-0.16516518542398514	-0.0041102821817471215
-7.171464330413016	-0.16619933346030186	-0.0041643638254862765
-7.146433041301627	-0.16724711605149278	-0.00421955172178442
-7.121401752190238	-0.16830881251524493	-0.004275876846856698
-7.0963704630788484	-0.1693847099976788	-0.0043333712835586504
-7.071339173967459	-0.17047510375311095	-0.004392068269623439
-7.04630788485607	-0.17158029743600667	-0.004452002248386546
-7.0212765957446805	-0.17270060340575183	-0.0045132089221463145
-6.996245306633291	-0.17383634304490797	-0.004575725308318758
-6.971214017521902	-0.17498784709165727	-0.004639589798555918
-6.946182728410513	-0.17615545598718454	-0.004704842221008684
-6.921151439299123	-0.17733952023879018	-0.004771523905927562
-6.896120150187734	-0.17854040079957637	-0.0048396777548084
-6.871088861076345	-0.17975846946560078	-0.004909348313304741
-6.8460575719649555	-0.18099410929144802	-0.004980581848144125
-6.821026282853566	-0.18224771502522946	-0.005053426428302794
-6.795994993742177	-0.1835196935640843	-0.005127932010711549
-6.770963704630788	-0.18481046443132562	-0.005204150530785422
-6.745932415519399	-0.1861204602764474	-0.005282135998091347
-6.720901126408009	-0.1874501273992877	-0.0053619445974912305
-6.69586983729662	-0.18879992629972797	-0.0054436347961230435
-6.670838548185231	-0.19017033225440083	-0.0055272674566099736
-6.645807259073841	-0.19156183592197462	-0.005612905956917153
-6.620775969962453	-0.19297494397869006	-0.005700616317307716
-6.595744680851063	-0.19441017978593778	-0.005790467334884962
-6.570713391739676	-0.195868084091786	-0.0058825307262450974
-6.545682102628285	-0.19734921576850287	-0.005976881278806684
-6.520650813516897	-0.19885415258825448	-0.006073597011427392
-6.495619524405506	-0.20038349203932118	-0.006172759344968146
-6.470588235294117	-0.201937852185329	-0.006274453283517447
-6.445556946182729	-0.2035178725701848	-0.006378767607047469
-6.420525657071338	-0.20512421517158613	-0.006485795076336556
-6.395494367959951	-0.20675756540619047	-0.006595632651062263
-6.37046307884856	-0.20841863318975948	-0.006708381722045226
-6.34543178973717	-0.2101081540558279	-0.0068241483587065084
-6.320400500625783	-0.21182689033672644	-0.006943043572892749
-6.295369211514392	-0.21357563241106636	-0.007065183600322396
-6.270337922403004	-0.2153552000221096	-0.007190690201015863
-6.245306633291613	-0.217166443671796	-0.007319690980192732
-6.2202753441802265	-0.21901024609555536	-0.007452319731250171
-6.195244055068836	-0.2208875238234533	-0.007588716802582896
-6.170212765957448	-0.22279922883364067	-0.007729029490163383
-6.145181476846059	-0.22474635030457202	-0.00787341245797827
-6.120150187734667	-0.22672991647296856	-0.008022028188609833
-6.09511889862328	-0.2287509966050781	-0.008175047466466379
-6.070087609511891	-0.23081070308940943	-0.008332649896402141
-6.0450563204005014	-0.23291019365979176	-0.008495024460728601
-6.020025031289112	-0.2350506737583699	-0.00866237011791021
-5.994993742177721	-0.23723339904895374	-0.008834896446558363
-5.9699624530663336	-0.2394596780920431	-0.00901282433869468
-5.9449311639549425	-0.24173087519383749	-0.009196386746651429
-5.919899874843555	-0.24404841344261402	-0.00938582948841731
-5.894868585732166	-0.24641377794706557	-0.009581412116729146
-5.869837296620776	-0.24882851929248376	-0.00978340885775622
-5.844806007509387	-0.2512942572321376	-0.009992109625836501
-5.819774718397998	-0.25381268463278184	-0.01020782112140614
-5.7947434292866085	-0.2563855716950012	-0.01043086802002846
-5.769712140175219	-0.25901477047104443	-0.010661594261284706
-5.74468085106383	-0.26170221970496405	-0.010900364447249684
-5.719649561952441	-0.2644499500222713	-0.011147565361354445
-5.694618272841051	-0.26726008949897534	-0.011403607619652154
-5.669586983729662	-0.2701348696428258	-0.011668927467870812
-5.644555694618273	-0.2730766318228645	-0.011943988739178922
-5.619524405506883	-0.2760878341870509	-0.012229284989333055
-5.594493116395494	-0.279171059111806	-0.012525341827847938
-5.569461827284105	-0.2823290212318748	-0.01283271946606404
-5.5444305381727155	-0.2855645761040067	-0.013152015505523428
-5.519399249061326	-0.2888807295636531	-0.013483867992947533
-5.494367959949937	-0.29228064784028607	-0.013828958771392879
-5.469336670838549	-0.29576766850411823	-0.01418801716090497
-5.444305381727158	-0.29934531232509265	-0.014561824006268749
-5.419274092615769	-0.3030172961340987	-0.014951216134350256
-5.3942428035043815	-0.3067875467866463	-0.015357091269140958
-5.36921151439299	-0.3106602163408188	-0.01578041345906667
-5.344180225281603	-0.3146396985744413	-0.016222219078550558
-5.319148936170212	-0.31873064698129394	-0.016683623474387815
-5.2941176470588225	-0.32293799440305565	-0.017165828337388514
-5.269086357947435	-0.32726697447290093	-0.01767012989121741
-5.244055068836044	-0.3317231450685311	-0.018197928003669313
-5.219023779724656	-0.3363124139974072	-0.0187507363411073
-5.193992490613266	-0.34104106716552873	-0.01933019370485164
-5.168961201501876	-0.34591579951380547	-0.019938076709412292
-5.1439299123904885	-0.3509437490436748	-0.020576313987192753
-5.1188986232791	-0.3561325342968237	-0.021247002133341363
-5.09386733416771	-0.3614902957037068	-0.021952423638638342
-5.06883604505632	-0.36702574127312343	-0.02269506709870674
-5.043804755944931	-0.3727481971617552	-0.02347765003567173
-5.018773466833542	-0.3786676637398919	-0.02430314472519893
-4.993742177722154	-0.3847948778595057	-0.025174807489499414
-4.968710888610763	-0.3911413821356811	-0.026096211997717653
-4.943679599499373	-0.3977196021748925	-0.027071287211983777
-4.918648310387985	-0.40454293282715076	-0.028104360733883123
-4.893617021276597	-0.41162583470756076	-0.029200208446610598
-4.868585732165207	-0.41898394243127146	-0.030364111518198657
-4.843554443053817	-0.42663418624007343	-0.031601922037925084
-4.818523153942427	-0.43459492897622437	-0.03292013881014409
-4.793491864831038	-0.44288612068825817	-0.03432599513852471
-4.768460575719651	-0.4515294735454023	-0.03582756081328533
-4.7434292866082615	-0.46054866020501345	-0.03743386098271766
-4.71839799749687	-0.46996953933750046	-0.03915501517157612
-4.69336670838548	-0.4798204126857005	-0.04100240043311638
-4.668335419274092	-0.4901323188455408	-0.04298884352816687
-4.643304130162704	-0.5009393699329934	-0.04512884816520445
-4.618272841051315	-0.512279138487259	-0.0474388647778468
-4.593241551939924	-0.5241931033995751	-0.04993761215025876
-4.568210262828536	-0.5367271654105559	-0.052646462546274926
-4.543178973717147	-0.5499322448606361	-0.05558990501484241
-4.518147684605758	-0.5638649770001047	-0.05879610544900838
-4.4931163954943685	-0.5785885233817735	-0.06229758706222904
-4.468085106382977	-0.5941735218114469	-0.06613206161701476
-4.44305381727159	-0.6106992021917913	-0.07034345055289562
-4.418022528160201	-0.6282547015723786	-0.07498314688716912
-4.392991239048811	-0.6469406190586282	-0.08011158448888325
-4.367959949937422	-0.6668708602151897	-0.08580020259187915
-4.342928660826031	-0.6881748315218225	-0.09213392241401776
-4.317897371714643	-0.7110000585742783	-0.09921429265763565
-4.292866082603254	-0.7355153172232686	-0.1071635161006401
-4.267834793491865	-0.7619143845569459	-0.11612964724868557
-4.2428035043804755	-0.790420535715527	-0.12629336122124685
-4.217772215269086	-0.8212919307126851	-0.13787685189198753
-4.192740926157699	-0.8548280475990491	-0.15115564589349204
-4.167709637046308	-0.8913773136665841	-0.16647445387821513
-4.142678347934918	-0.9313460431201449	-0.18426867633908584
-4.117647058823529	-0.9752086641698855	-0.20509392418487948
-4.09261576971214	-1.023518924356377	-0.22966703909000527
-4.067584480600752	-1.0769211281099815	-0.25892381787083546
-4.042553191489361	-1.1361591405174047	-0.2941012911766296
-4.017521902377972	-1.2020781887176597	-0.336856488379341
-3.9924906132665825	-1.2756089791389587	-0.3894398744251581
-3.967459324155193	-1.3577123654852568	-0.454950992223439
-3.9424280350438052	-1.4492395635436728	-0.537716925276402
-3.917396745932415	-1.550614786139018	-0.6438493720160972
-3.8923654568210257	-1.6611476779868832	-0.782042434097052
-3.867334167709638	-1.777581437482218	-0.9646275118414103
-3.8423028785982494	-1.8911017984369762	-1.208659634848367
-3.8172715894868587	-1.9814551153764541	-1.535942689806264
-3.7922403003754686	-2.0066387798415324	-1.968367385139848
-3.7672090112640793	-1.8901281929088525	-2.5094559367646614
-3.7421777221526913	-1.524368493788375	-3.0996332491075727
-3.717146433041303	-0.8401474410609167	-3.564514897321978
-3.6921151439299127	0.05340513439450616	-3.6719553260540136
-3.6670838548185225	0.8670202380696596	-3.3558202599184113
-3.6420525657071328	1.3853289220539402	-2.7978230873737338
-3.617021276595745	1.6078323021729306	-2.2200509123873555
-3.5919899874843564	1.6383666205638627	-1.7338670663832494
-3.566958698372966	1.5714890614184098	-1.3588766454933512
-3.541927409261576	1.4644977227455025	-1.078372648196444
-3.5168961201501876	1.3465635869546746	-0.8693755947887816
-3.4918648310387996	1.2310413784959444	-0.7123865238959901
-3.46683354192741	1.1233537402993148	-0.592909491944181
-3.4418022528160197	1.0251724446470876	-0.5006415633961825
-3.4167709637046295	0.9364844253988124	-0.4283439457472154
-3.391739674593241	0.8565808526823446	-0.37091469983813435
-3.366708385481853	0.7845199088124657	-0.324722526869353
-3.341677096370464	0.7193361281055825	-0.2871499161445212
-3.3166458072590737	0.6601286353732643	-0.2562842597237254
-3.291614518147683	0.6060922090694021	-0.2307089405814345
-3.2665832290362946	0.5565220809863034	-0.20936100656208328
-3.2415519399249066	0.510807403196033	-0.191433175728523
-3.2165206508135173	0.4684205265323486	-0.1763055493277654
-3.191489361702127	0.4289054213654937	-0.16349743303953404
-3.166458072590739	0.3918667030619317	-0.15263293041093962
-3.14142678347935	0.35695981705087676	-0.1434160891083434
-3.11639549436796	0.3238825082059586	-0.13561276084119966
-3.091364205256571	0.2923675059573801	-0.12903724373154998
-3.0663329161451807	0.26217627967778473	-0.12354237966794715
-3.0413016270337927	0.23309369770925834	-0.11901218567237677
-3.0162703379224034	0.20492342733000413	-0.11535637578616854
-2.991239048811014	0.17748392671236424	-0.11250632243190256
-2.966207759699625	0.15060489600827337	-0.11041214232460607
-2.941176470588234	0.12412406957752453	-0.10904069081468376
-2.916145181476846	0.09788424348835309	-0.10837432296875585
-2.891113892365457	0.07173044116762269	-0.10841033883814401
-2.8660826032540676	0.04550712529931027	-0.10916108103898109
-2.8410513141426783	0.019055365797904913	-0.1106547005655623
-2.816020025031289	-0.007790127944115512	-0.11293665690203686
-2.790988735919901	-0.035204207047561845	-0.11607207662334336
-2.7659574468085104	-0.06337481912402337	-0.12014916770771786
-2.740926157697121	-0.09250699253909384	-0.1252839840646818
-2.715894868585732	-0.1228273885789744	-0.13162696971220592
-2.6908635794743425	-0.15458954195723834	-0.1393719045512795
-2.6658322903629545	-0.18807989378667186	-0.1487681541560456
-2.6408010012515644	-0.22362466650820348	-0.1601375414177042
-2.615769712140175	-0.26159749532009147	-0.17389778173144757
-2.5907384230287853	-0.30242743209810874	-0.19059537122845524
-2.565707133917396	-0.34660630953506555	-0.21095227076213569
-2.540675844806008	-0.3946931609398278	-0.23593296832041794
-2.515644555694618	-0.4473107542309228	-0.2668419504518156
-2.4906132665832286	-0.505123914681121	-0.3054668460306185
-2.4655819774718406	-0.5687782591164876	-0.35429012739614957
-2.440550688360452	-0.6387551301621965	-0.4168022065597594
-2.4155193992490616	-0.7150512059795826	-0.4979577177402538
-2.3904881101376714	-0.796494119036262	-0.6048093472819042
-2.365456821026282	-0.8793137223635775	-0.7472747980098043
-2.340425531914894	-0.9542540053304227	-0.9386690493268245
-2.3153942428035057	-1.0011430496192335	-1.194591705956603
-2.2903629536921155	-0.9804851726079521	-1.5260680633601094
-2.2653316645807253	-0.8275269984364948	-1.9186803240485197
-2.2403003754693356	-0.4724342654548363	-2.2947344928937494
-2.2152690863579476	0.08114781836276397	-2.502339736760059
-2.190237797246559	0.6835908718411844	-2.4213113684260774
-2.165206508135169	1.140081578208697	-2.1012703063623337
-2.140175219023779	1.3806859303902952	-1.7003639008311848
-2.1151439299123904	1.4542180198672097	-1.3347547271299334
-2.0901126408010025	1.4334033477630856	-1.0431868297306328
-2.0650813516896127	1.369458505498528	-0.8226374682274084
-2.0400500625782225	1.2903681650140484	-0.6581562427807928
-2.0150187734668323	1.2095884194081354	-0.5350186351519792
-1.989987484355444	1.1329561822449765	-0.44174541037680026
-1.9649561952440555	1.062612500772186	-0.3700460680715092
-1.939924906132667	0.9989939906564508	-0.31407705917050976
-1.914893617021277	0.9417987160906535	-0.26973004795880157
-1.8898623279098858	0.8904433291198928	-0.2340954542692537
-1.8648310387984974	0.844273889237573	-0.20508830477632572
-1.839799749687109	0.8026585500416262	-0.1811941361676217
-1.8147684605757206	0.7650240819751715	-0.16129735542006965
-1.7897371714643304	0.7308661790214633	-0.1445647697434322
-1.764705882352942	0.6997480325989571	-0.1303658077415907
-1.7396745932415527	0.6712941459399451	-0.11821723131985347
-1.7146433041301625	0.6451826922257574	-0.10774433363210499
-1.6896120150187741	0.6211379207115306	-0.09865335576119372
-1.664580725907384	0.5989232365567219	-0.09071162938614577
-1.6395494367959955	0.5783351578673128	-0.08373310584798609
-1.6145181476846062	0.5591981581059363	-0.07756768666086158
-1.589486858573217	0.5413603189704628	-0.07209326905003853
-1.5644555694618276	0.5246896904765277	-0.06720975298926961
-1.5394242803504374	0.5090712522847876	-0.06283448100717477
-1.514392991239049	0.49440437874505405	-0.05889873557054905
-1.4893617021276597	0.4806007225177873	-0.05534502490649248
-1.4643304130162704	0.4675824445700717	-0.0521249621889192
-1.4392991239048811	0.4552807303251289	-0.04919759529041883
-1.4142678347934918	0.44363454221848864	-0.04652808157659342
-1.3892365456821025	0.43258956778354574	-0.04408662906248248
-1.3642052565707132	0.4220973297624823	-0.041847644762102114
-1.339173967459324	0.4121144308010271	-0.03978904537234168
-1.3141426783479346	0.4026019102387812	-0.03789169601812693
-1.2891113892365453	0.39352469454021244	-0.03613895068042373
-1.264080100125157	0.3848511261912323	-0.03451627386241275
-1.2390488110137667	0.3765525585532664	-0.03301092754231608
-1.2140175219023774	0.3686030063374267	-0.031611710887854125
-1.1889862327909881	0.360978843130951	-0.03030874283811172
-1.1639549436795988	0.35365853885363	-0.029093279691581462
-1.1389236545682104	0.3466224312055994	-0.027957561419900714
-1.1138923654568202	0.3398525261396492	-0.02689468166320479
-1.0888610763454318	0.333332323191224	-0.025898477335578117
-1.0638297872340434	0.32704666215977524	-0.02496343453826086
-1.0387984981226523	0.32098158818205647	-0.02408460808977696
-1.013767209011264	0.3151242326921233	-0.02325755247074146
-0.9887359198998737	0.3094627081410821	-0.02247826237338538
-0.9637046307884853	0.30398601466566083	-0.02174312136227362
-0.9386733416770969	0.29868395715937185	-0.021048857409115843
-0.9136420525657085	0.2935470714224989	-0.020392504273333455
-0.8886107634543183	0.28856655825455096	-0.019771367870797096
-0.8635794743429273	0.28373422451125335	-0.019182996913534613
-0.8385481852315388	0.2790424302824964	-0.018625157219313206
-0.8135168961201504	0.2744840414620841	-0.01809580918676281
-0.788485607008762	0.27005238707820983	-0.017593088013232748
-0.7634543178973718	0.2657412208385798	-0.01711528630240738
-0.7384230287859816	0.26154468641944617	-0.016660838770104366
-0.7133917396745932	0.25745728609765944	-0.016228308812805316
-0.6883604505632039	0.2534738523956315	-0.015816376757455085
-0.6633291614518155	0.24958952249219862	-0.015423829665349229
-0.6382978723404253	0.2457997152700148	-0.015049552616165925
-0.6132665832290352	0.24210011106661333	-0.014692521434105148
-0.5882352941176467	0.2384866345558603	-0.014351796768959531
-0.5632040050062583	0.2349554418401098	-0.014026519080950275
-0.5381727158948699	0.23150291382840735	-0.013715902710678332
-0.5131414267834788	0.22812565842797014	-0.013419223140500626
-0.48811013767208866	0.22482051880700266	-0.013135782496182517
-0.46307884856070025	0.22158455827233622	-0.012864831532815365
-0.43804755944931184	0.21841493925268532	-0.012605474494000977
-0.41301627033792343	0.21530867500258374	-0.012356745170891768
-0.38798498122653324	0.21226259034776873	-0.012117977564646646
-0.36295369211514483	0.20927373268530675	-0.01188897331667793
-0.33792240300375376	0.2063396316310978	-0.011669660274950025
-0.31289111389236535	0.20345811665527308	-0.011459814152039973
-0.28785982478097694	0.20062710816516396	-0.011259077828281628
-0.26282853566958675	0.19784455645540458	-0.011067054952297147
-0.23779724655819834	0.19510844949835948	-0.010883361983257253
-0.21276595744680904	0.19241682833467733	-0.010707644476054863
-0.18773466833541974	0.18976779544495567	-0.010539578593729127
-0.16270337922403044	0.1871595169929725	-0.010378868437288719
-0.13767209011264026	0.1845902216442862	-0.010225242856936727
-0.11264080100125184	0.1820581977598108	-0.010078452702748097
-0.08760951188986255	0.17956178991417465	-0.009938268629019392
-0.06257822277847325	0.17709939519945866	-0.009804479359608235
-0.03754693366708395	0.17466945952727997	-0.00967689030126082
-0.01251564455569465	0.17227047402225612	-0.009555322414879696
0.01251564455569465	0.16990097154266556	-0.009439611280613516
0.03754693366708395	0.16755952333701535	-0.009329606312726044
0.06257822277847325	0.16524473583253	-0.009225170094173273
0.08760951188986255	0.16295524754579238	-0.009126177810199584
0.11264080100125184	0.16068972610330168	-0.00903251676652491
0.13767209011264114	0.15844686535883146	-0.008944085981912835
0.16270337922403044	0.15622538259431615	-0.008860795847807494
0.18773466833541974	0.15402401579115083	-0.008782567849773767
0.21276595744680726	0.15184152095904782	-0.008709334346970167
0.23779724655819834	0.14967666950984815	-0.008641038407019958
0.26282853566958764	0.1475282456638912	-0.008577633694547669
0.28785982478097694	0.14539504387666094	-0.008519084412397165
0.31289111389236623	0.14327586627346567	-0.008465365295199336
0.33792240300375376	0.14116952007983097	-0.008416461655549408
0.36295369211514483	0.13907481503511074	-0.008372369483613818
0.38798498122653235	0.13699056077654193	-0.008333095601534737
0.41301627033792343	0.1349155641805561	-0.008298657874552641
0.43804755944931273	0.13284862664765756	-0.008269085481338187
0.46307884856070025	0.13078854131650813	-0.008244419246625653
0.4881101376720913	0.12873409019208626	-0.008224712039884233
0.5131414267834788	0.12668404117184187	-0.00821002924446177
0.5381727158948699	0.1246371449526602	-0.008200449302401415
0.5632040050062574	0.12259213180017615	-0.008196064340979088
0.5882352941176467	0.12054770816047783	-0.008196980887953589
0.6132665832290378	0.118502553092543	-0.008203320683580075
0.6382978723404253	0.11645531449777877	-0.008215221598630843
0.6633291614518164	0.11440460512079242	-0.008232838669018762
0.6883604505632039	0.11234899829296102	-0.00825634525915506
0.7133917396745932	0.11028702338742458	-0.00828593436792667
0.7384230287859808	0.10821716095079928	-0.00832182009318567
0.7634543178973718	0.10613783747307591	-0.008364239272949232
0.7884856070087629	0.1040474197528217	-0.008413453324164277
0.8135168961201504	0.10194420880981447	-0.008469750302959276
0.8385481852315397	0.09982643329154724	-0.008533447213859284
0.8635794743429273	0.0976922423135194	-0.00860489259956762
0.8886107634543183	0.09553969766574619	-0.008684469447724299
0.9136420525657059	0.09336676530934064	-0.008772598456662766
0.9386733416770969	0.09117130607713611	-0.008869741708757007
0.9637046307884862	0.08895106548095617	-0.008976406807662604
0.9887359198998737	0.08670366251499247	-0.009093151544833944
1.0137672090112648	0.08442657732958422	-0.009220589171414552
1.0387984981226523	0.08211713763209798	-0.009359394364281848
1.0638297872340434	0.07977250365117695	-0.009510309990086781
1.088861076345431	0.07738965147688025	-0.009674154789059867
1.1138923654568202	0.07496535456149837	-0.009851832121775405
1.1389236545682113	0.07249616313345342	-0.010044339947731169
1.1639549436795988	0.06997838123871457	-0.010252782235459588
1.18898623279099	0.06740804107957246	-0.010478382041111728
1.2140175219023774	0.06478087426810551	-0.010722496537520687
1.2390488110137667	0.06209227954964519	-0.01098663433050971
1.264080100125156	0.05933728647815473	-0.01127247546599345
1.2891113892365453	0.05651051443826342	-0.011581894613197561
1.3141426783479364	0.05360612630495527	-0.011916988009859748
1.339173967459324	0.05061777590803922	-0.012280104879409105
1.3642052565707132	0.04753854832021513	-0.012673884184062654
1.3892365456821025	0.0443608918094701	-0.013101297769561834
1.4142678347934918	0.04107654008205221	-0.013565701197348509
1.4392991239048811	0.03767642318321979	-0.014070893862002668
1.4643304130162704	0.034150565109147865	-0.014621190373698691
1.4893617021276597	0.03048796580214168	-0.015221505671047377
1.514392991239049	0.026676464736899455	-0.015877456950621902
1.5394242803504383	0.02270258273835711	-0.016595486298132383
1.5644555694618276	0.018551337977232185	-0.017383008939858523
1.589486858573217	0.014206031237492506	-0.018248593379384836
1.6145181476846044	0.009647994503245827	-0.019202181450473445
1.6395494367959955	0.004856295625234097	-0.02025535864914616
1.6645807259073848	-0.00019260975598908714	-0.021421688211407205
1.6896120150187741	-0.005525289797299687	-0.02271712656477904
1.7146433041301634	-0.011171824697172983	-0.024160543408631125
1.739674593241551	-0.017166387636879887	-0.025774377351312713
1.764705882352942	-0.023547937938909053	-0.02758546858969663
1.7897371714643295	-0.030361050070958323	-0.029626124780309883
1.8147684605757206	-0.037656906820460384	-0.03193549681844883
1.83979974968711	-0.045494490029090034	-0.034561370386024456
1.8648310387984974	-0.05394200711298966	-0.037562520868681615
1.8898623279098885	-0.06307859485229037	-0.041011839681484225
1.914893617021276	-0.07299634077587971	-0.04500052854720326
1.939924906132667	-0.08380265114057284	-0.049643789356734636
1.9649561952440546	-0.09562296152901756	-0.05508863358747576
1.989987484355444	-0.10860370868420936	-0.06152473251323658
2.015018773466835	-0.12291531504190586	-0.06919968373879974
2.0400500625782225	-0.1387545897435719	-0.07844076875619314
2.065081351689613	-0.15634523802844025	-0.08968635471751756
2.090112640801001	-0.175933718666061	-0.10353174635551063
2.1151439299123904	-0.19777471712896771	-0.12079676543919332
2.1401752190237784	-0.22209438167140827	-0.14262579758553615
2.165206508135169	-0.24900679560585723	-0.17063507780796003
2.1902377972465596	-0.2783329535059433	-0.20712372494157813
2.2152690863579476	-0.30921841610819467	-0.2553531839758928
2.240300375469337	-0.3393453743678877	-0.31983645858308085
2.265331664580725	-0.3633819741594201	-0.4063513344004994
2.2903629536921155	-0.3702589065648221	-0.5207262420315915
2.315394242803503	-0.33977151119580834	-0.6640006137669561
2.340425531914894	-0.24339996172504919	-0.8206316002449601
2.3654568210262834	-0.06245863865752334	-0.9446682426613339
2.3904881101376714	0.17475105413708647	-0.9743608354006121
2.415519399249062	0.39165554381908163	-0.8913695058099409
2.4405506883604495	0.5304955782533403	-0.7434394351780351
2.4655819774718406	0.5906027958960971	-0.5897393477240221
2.490613266583228	0.5994513930200865	-0.4601861839453772
2.515644555694618	0.5822485326889681	-0.3601659872271057
2.5406758448060085	0.5543114308022873	-0.2852920829616736
2.565707133917396	0.5234499672384554	-0.22946062148624013
2.590738423028787	0.4932446082277432	-0.18747941284191985
2.6157697121401746	0.4651529962797209	-0.1554850720569361
2.6408010012515644	0.43962849475433213	-0.1307307283581498
2.665832290362953	0.4166731676620804	-0.11128609791419096
2.6908635794743425	0.3961025887774073	-0.0957904918239372
2.7158948685857336	0.37766978900584064	-0.08327521176549639
2.740926157697121	0.36112136728156236	-0.07304171840054208
2.765957446808511	0.34622118542136526	-0.06457924818269797
2.7909887359198997	0.3327587574866726	-0.05750908996567035
2.816020025031289	0.32055060781088296	-0.05154661787094419
2.841051314142678	0.30943859472247215	-0.0464751439309876
2.8660826032540676	0.29928711329712987	-0.042127688969198045
2.8911138923654573	0.28998007005766613	-0.038374110384015135
2.916145181476846	0.28141802268776517	-0.03511189590326396
2.9411764705882355	0.27351563512100074	-0.03225949683804229
2.9662077596996244	0.2661994834029725	-0.029751442254722066
2.991239048811014	0.25940619620795563	-0.02753471727581375
3.0162703379224016	0.25308089359595	-0.025566049260771512
3.0413016270337927	0.24717588229091197	-0.023809853392008997
3.066332916145182	0.24164956728088924	-0.02223666236779373
3.091364205256571	0.2364655438186386	-0.02082191515518742
3.1163954943679606	0.23159183896045044	-0.01954501465107522
3.141426783479348	0.227000276708309	-0.018388588593974065
3.166458072590739	0.2226659452390406	-0.01733790544386482
3.1914893617021267	0.2185667484997576	-0.016380409395587058
3.2165206508135173	0.2146830276308136	-0.015505347696156403
3.241551939924907	0.21099724030682906	-0.014703470010327109
3.2665832290362946	0.20749368824061448	-0.013966784420253038
3.2916145181476857	0.20415828485156468	-0.013288358240703754
3.316645807259073	0.20097835652929602	-0.012662154522965345
3.341677096370464	0.19794247208525423	-0.012082897150937962
3.366708385481852	0.19504029593019984	-0.01154595897566513
3.391739674593241	0.19226246128522023	-0.011047268614857119
3.416770963704632	0.1896004603620295	-0.010583232453041668
3.4418022528160197	0.18704654896191816	-0.010150669082555623
3.4668335419274103	0.1845936633637888	-0.009746753974998834
3.4918648310387983	0.18223534771784303	-0.009368972603662686
3.5168961201501876	0.1799656904467879	-0.009015080577257664
3.5419274092615756	0.17777926839232194	-0.008683069614681207
3.566958698372966	0.17567109764021788	-0.008371138405250904
3.591989987484357	0.17363659011996235	-0.008077667570741616
3.617021276595745	0.17167151521054114	-0.007801198083868483
3.642052565707134	0.16977196569741596	-0.007540412609627453
3.667083854818522	0.1679343275209091	-0.00729411932661966
3.6921151439299127	0.16615525283626476	-0.007061237859418515
3.7171464330413	0.16443163597320018	-0.006840787013536622
3.7421777221526913	0.16276059193987602	-0.006631874054242198
3.7672090112640806	0.16113943716467843	-0.006433685311447283
3.7922403003754686	0.15956567221039303	-0.006245477926789039
3.817271589486859	0.15803696623048663	-0.006066572587173684
3.8423028785982467	0.15655114296722877	-0.005896347112499783
3.867334167709638	0.1551061681171002	-0.005734230784873287
3.8923654568210253	0.1537001379110344	-0.005579699323055515
3.917396745932415	0.15233126877603603	-0.0054322704196971185
3.9424280350438057	0.1509978879611375	-0.005291499770561103
3.967459324155193	0.14969842502482555	-0.0051569775347874835
3.9924906132665843	0.1484314040933635	-0.005028325173605893
4.017521902377972	0.14719543681010674	-0.004905192622004336
4.042553191489361	0.145989215905186	-0.004787255753914955
4.06758448060075	0.14481150932303508	-0.004674214106651183
4.09261576971214	0.14366115485230257	-0.004565788834760265
4.117647058823531	0.14253705520887755	-0.0044617208672594125
4.142678347934918	0.14143817352818433	-0.004361769245496739
4.167709637046308	0.14036352922766243	-0.004265709621700529
4.192740926157697	0.13931219420454596	-0.0041733329007201765
4.217772215269086	0.13828328933774514	-0.0040844440095740625
4.2428035043804755	0.13727598126589982	-0.003998860781253189
4.267834793491865	0.13628947941655783	-0.003916412940823041
4.292866082603254	0.13532303326398462	-0.0038369411832546033
4.317897371714643	0.13437592979538016	-0.0037602963336272224
4.342928660826033	0.13344749116728927	-0.003686338581405462
4.367959949937422	0.1325370725357859	-0.003614936781420033
4.392991239048811	0.13164406004560594	-0.003545967814997065
4.418022528160199	0.13076786896482917	-0.003479316005395465
4.44305381727159	0.12990794195298172	-0.0034148725823419596
4.468085106382979	0.12906374745157206	-0.0033525351910088682
4.4931163954943685	0.12823477818708867	-0.003292207441269757
4.518147684605758	0.12742054977740824	-0.0032337984935021666
4.543178973717145	0.12662059943338128	-0.003177222677590452
4.568210262828536	0.1258344847481011	-0.0031223991421225777
4.593241551939924	0.12506178256703138	-0.00306925153107742
4.618272841051315	0.12430208793276068	-0.0030177076855680473
4.643304130162704	0.12355501309870184	-0.002967699368446571
4.668335419274092	0.1228201866065349	-0.002919162009789532
4.693366708385483	0.12209725242264088	-0.0028720344714740706
4.71839799749687	0.12138586912917189	-0.00282625882922567
4.7434292866082615	0.12068570916576393	-0.0027817801706709893
4.768460575719649	0.11999645811823345	-0.002738546408066554
4.793491864831038	0.1193178140508914	-0.002696508104496596
4.818523153942429	0.1186494868793867	-0.002655618312444125
4.843554443053817	0.11799119778123411	-0.002615832423738338
4.868585732165208	0.11734267864140843	-0.0025771080299709847
4.8936170212765955	0.11670367153059466	-0.0025394047925550146
4.918648310387985	0.11607392821386667	-0.002502684321671278
4.943679599499372	0.11545320968774386	-0.002466910063415069
4.968710888610763	0.11484128574372746	-0.0024320471945133916
4.9937421777221545	0.11423793455656434	-0.0023980625240378273
5.018773466833542	0.11364294229561603	-0.002364924401586377
5.043804755944931	0.1130561027578314	-0.0023326026314519654
5.068836045056319	0.11247721702093333	-0.0023010683923353416
5.09386733416771	0.11190609311552768	-0.0022702941621964433
5.118898623279097	0.11134254571494016	-0.002240253647871584
5.1439299123904885	0.11078639584166883	-0.002210921719113744
5.168961201501878	0.11023747058942134	-0.002182274346740963
5.193992490613265	0.10969560285977689	-0.0021542885446026137
5.219023779724656	0.10916063111258067	-0.0021269423150963767
5.244055068836044	0.1086323991292408	-0.002100214597989533
5.269086357947435	0.1081107557881521	-0.002074085222317175
5.2941176470588225	0.10759555485152819	-0.0020485348611475984
5.319148936170212	0.10708665476296661	-0.0020235449890208305
5.344180225281603	0.10658391845512168	-0.001999097841881153
5.36921151439299	0.10608721316689766	-0.001975176379337685
5.3942428035043815	0.10559641026961508	-0.0019517642490995022
5.419274092615769	0.1051113851016393	-0.0019288457534430929
5.444305381727158	0.10463201681099096	-0.0019064058175802152
5.469336670838548	0.10415818820549264	-0.001884429959803943
5.494367959949937	0.10368978561003017	-0.0018629042632993093
5.519399249061328	0.10322669873053728	-0.0018418153495131599
5.5444305381727155	0.10276882052433442	-0.001821150352985248
5.569461827284105	0.10231604707647668	-0.0018008968975494425
5.594493116395494	0.1018682774817869	-0.001781043073820353
5.619524405506883	0.10142541373226946	-0.0017615774178864213
5.644555694618273	0.10098736060961921	-0.0017424888911360258
5.669586983729662	0.10055402558255713	-0.001723766861148101
5.694618272841051	0.10012531870874	-0.001705401083583417
5.719649561952441	0.09970115254100698	-0.0016873816850169329
5.74468085106383	0.09928144203773961	-0.001669699146655617
5.769712140175219	0.09886610447712489	-0.0016523442888897826
5.7947434292866085	0.09845505937512308	-0.0016353082566294141
5.819774718397996	0.09804822840695418	-0.0016185825053800977
5.844806007509387	0.09764553533192621	-0.0016021587880161083
5.869837296620776	0.09724690592144061	-0.001586029142210958
5.894868585732166	0.09685226789001636	-0.0015701858784881706
5.919899874843555	0.09646155082918702	-0.0015546215688574888
5.9449311639549425	0.09607468614412953	-0.0015393290360038354
5.9699624530663336	0.09569160699289371	-0.001524301342998423
5.994993742177721	0.09531224822810772	-0.0015095317835033136
6.020025031289112	0.09493654634104143	-0.0014950138724424337
6.0450563204005014	0.09456443940791659	-0.001480741337113802
6.07008760951189	0.09419586703835803	-0.0014667081087191432
6.09511889862328	0.09383077032588627	-0.0014529083142885944
6.120150187734667	0.09346909180035724	-0.0014393362689794937
6.145181476846059	0.0931107753822589	-0.0014259864687294855
6.170212765957445	0.09275576633878088	-0.0014128535832454024
6.195244055068836	0.0924040112415758	-0.001399932449310375
6.2202753441802265	0.09205545792613665	-0.0013872180643927602
6.245306633291613	0.09171005545271772	-0.0013747055805413255
6.270337922403005	0.09136775406872992	-0.0013623902985520782
6.295369211514392	0.09102850517254661	-0.0013502676623929812
6.320400500625783	0.09069226127865612	-0.0013383332538734931
6.3454317897371695	0.09035897598410428	-0.001326582787546736
6.37046307884856	0.09002860393616932	-0.0013150121058326386
6.395494367959952	0.08970110080121729	-0.0013036171743511836
6.420525657071338	0.08937642323468678	-0.0012923940774553886
6.445556946182729	0.0890545288521549	-0.001281339013954269
6.470588235294116	0.0887353762014397	-0.0012704482930165845
6.495619524405506	0.08841892473569413	-0.0012597183302465995
6.520650813516895	0.08810513478745159	-0.0012491456439236576
6.545682102628285	0.08779396754358243	-0.0012387268513977148
6.570713391739676	0.08748538502112452	-0.001228458665633477
6.5957446808510625	0.08717935004395198	-0.0012183378918961228
6.620775969962453	0.08687582622024771	-0.0012083614245719859
6.645807259073841	0.0865747779207475	-0.0011985262441179326
6.670838548185231	0.08627617025772434	-0.0011888294141334545
6.695869837296622	0.0859799690646838	-0.001179268078549857
6.720901126408009	0.08568614087674165	-0.0011698394589311754
6.745932415519399	0.08539465291165696	-0.0011605408518817412
6.770963704630788	0.08510547305149557	-0.0011513696265555964
6.795994993742178	0.08481856982489806	-0.00114232322226315
6.821026282853566	0.08453391238992997	-0.0011333991461707626
6.8460575719649555	0.08425147051749078	-0.001124594971089109
6.871088861076346	0.08397121457526127	-0.0011159083333464141
6.896120150187734	0.08369311551216772	-0.0011073369307428274
6.921151439299124	0.08341714484334374	-0.0010988785205823866
6.946182728410513	0.08314327463557138	-0.0010905309177792232
6.971214017521902	0.08287147749318266	-0.0010822919930347727
6.996245306633291	0.08260172654440519	-0.0010741596710829708
7.0212765957446805	0.08233399542813491	-0.0010661319290005114
7.046307884856071	0.08206825828112028	-0.0010582067945794126
7.071339173967459	0.08180448972554308	-0.001050382344759258
7.0963704630788484	0.08154266485698088	-0.0010426567041165985
7.121401752190238	0.0812827592327379	-0.0010350280434091434
7.146433041301627	0.08102474886053052	-0.0010274945781724436
7.171464330413016	0.080768610187515	-0.001020054567366911
7.196495619524406	0.08051432008964489	-0.0010127063120730989
7.221526908635795	0.08026185586134697	-0.0010054481542332717
7.246558197747184	0.08001119520550368	-0.0009982784754373787
7.2715894868585735	0.07976231622373212	-0.0009911956957516371
7.296620775969963	0.07951519740694869	-0.0009841982725880072
7.321652065081352	0.07926981762620969	-0.0009772846996129226
7.3466833541927405	0.07902615612381825	-0.0009704535056937146
7.371714643304131	0.07878419250468847	-0.0009637032538812288
7.39674593241552	0.07854390672795805	-0.0009570325404272184
7.421777221526909	0.07830527909884083	-0.0009504399938351381
7.446808510638299	0.07806829026071117	-0.0009439242739430434
7.471839799749687	0.07783292118741247	-0.0009374840710373452
7.496871088861077	0.07759915317578209	-0.000931118104996227
7.521902377972466	0.07736696783838576	-0.000924825124461588
7.546933667083856	0.07713634709645423	-0.0009186039060384138
7.571964956195245	0.0769072731730158	-0.0009124532535205418
7.5969962453066335	0.07667972858621795	-0.0009063719971418097
7.622027534418024	0.07645369614283237	-0.0009003589928516378
7.647058823529412	0.07622915893193685	-0.000894413121614131
7.672090112640802	0.07600610031876884	-0.0008885332887298128
7.697121401752189	0.07578450393874485	-0.0008827184231791642
7.72215269086358	0.07556435369164041	-0.0008769674769871463
7.74718397997497	0.07534563373592587	-0.0008712794246079546
7.772215269086359	0.0751283284832523	-0.0008656532623292435
7.797246558197749	0.07491242259308352	-0.0008600880076951262
7.8222778473091354	0.07469790096746946	-0.0008545826989472655
7.8473091364205265	0.07448474874595609	-0.0008491363944834001
7.872340425531913	0.0742729513006283	-0.0008437481723326867
7.897371714643305	0.07406249423128093	-0.000838417129647246
7.922403003754695	0.07385336336071466	-0.0008331423822093531
7.947434292866082	0.07364554473015245	-0.0008279230639536993
7.972465581977473	0.07343902459477299	-0.0008227583265042071
7.99749687108886	0.07323378941935796	-0.0008176473387248886
8.022528160200253	0.0730298258740489	-0.0008125892862842433
8.047559449311638	0.07282712083021144	-0.0008075833712327487
8.072590738423028	0.07262566135640242	-0.0008026288115929568
8.09762202753442	0.0724254347144381	-0.0007977248409618028
8.122653316645806	0.07222642835555974	-0.000792870708124675
8.147684605757199	0.07202862991669343	-0.0007880656766808534
8.172715894868585	0.07183202721680249	-0.0007833090246799491
8.197747183979974	0.07163660825332832	-0.0007786000442689368
8.222778473091363	0.0714423611987185	-0.0007739380413494623
8.247809762202753	0.07124927439703846	-0.0007693223352450537
8.272841051314145	0.07105733636066505	-0.000764752258377914
8.297872340425531	0.07086653576705962	-0.0007602271559549848
8.32290362953692	0.07067686145561754	-0.0007557463856629565
8.34793491864831	0.0704883024245933	-0.000751309317371954
8.3729662077597	0.07030084782809794	-0.000746915332847592
8.397997496871088	0.07011448697316724	-0.0007425638254711383
8.423028785982478	0.06992920931689875	-0.0007382541999675204
8.448060075093867	0.0697450044636554	-0.0007339858721409187
8.473091364205256	0.06956186216233429	-0.0007297582686177045
8.498122653316646	0.06937977230369843	-0.0007255708265964857
8.523153942428035	0.06919872491777	-0.0007214229936050345
8.548185231539424	0.06901871017128335	-0.0007173142272638767
8.573216520650814	0.06883971836519591	-0.0007132439950563335
8.598247809762203	0.06866173993225583	-0.0007092117741048108
8.623279098873592	0.06848476543462444	-0.0007052170509531401
8.648310387984981	0.0683087855615523	-0.0007012593213547842
8.67334167709637	0.06813379112710728	-0.0006973380900667196
8.69837296620776	0.0679597730679533	-0.0006934528706488267
8.72340425531915	0.06778672244117835	-0.0006896031852686114
8.748435544430539	0.06761463042217071	-0.0006857885645110994
8.773466833541928	0.06744348830254165	-0.0006820085471937397
8.798498122653317	0.06727328748809382	-0.0006782626801861694
8.823529411764707	0.06710401949683395	-0.0006745505182346894
8.848560700876096	0.06693567595702878	-0.0006708716237913087
8.873591989987485	0.06676824860530278	-0.0006672255668472204
8.898623279098874	0.06660172928477724	-0.0006636119247705773
8.92365456821026	0.06643610994324896	-0.000660030282148436
8.948685857321653	0.06627138263140786	-0.0006564802306327463
8.973717146433042	0.06610753950109283	-0.0006529613687902728
8.998748435544432	0.0659445728035839	-0.0006494733019563174
9.023779724655821	0.06578247488793106	-0.0006460156420921476
9.048811013767207	0.06562123819931776	-0.0006425880076460124
9.0738423028786	0.06546085527745862	-0.0006391900234176406
9.098873591989985	0.06530131875503097	-0.0006358213204261318
9.123904881101378	0.0651426213561381	-0.0006324815357811198
9.148936170212767	0.06498475589480518	-0.000629170312557144
9.173967459324153	0.06482771527350528	-0.0006258872996711064
9.198998748435546	0.06467149248171604	-0.0006226321517627462
9.224030037546932	0.06451608059450581	-0.0006194045290780438
9.249061326658325	0.06436147277114812	-0.0006162040973554566
9.27409261576971	0.06420766225376465	-0.0006130305277149302
9.2991239048811	0.06405464236599509	-0.0006098834965495806
9.324155193992492	0.06390240651169411	-0.0006067626854199969
9.349186483103878	0.06375094817365415	-0.0006036677809510749
9.374217772215271	0.0636002609123534	-0.0006005984747313137
9.399249061326657	0.06345033836472927	-0.0005975544632145186
9.424280350438046	0.06330117424297524	-0.0005945354476238241
9.449311639549435	0.0631527623333621	-0.0005915411338579933
9.474342928660825	0.06300509649508183	-0.0005885712323999167
9.499374217772218	0.0628581706591142	-0.0005856254582272575
9.524405506883603	0.06271197882711547	-0.0005827035307251848
9.549436795994993	0.06256651507032832	-0.000579805173601131
9.574468085106382	0.06242177352851314	-0.0005769301148015326
9.599499374217771	0.062277748408899714	-0.0005740780864304859
9.62453066332916	0.06213443398515884	-0.0005712488246702766
9.64956195244055	0.061991824596393734	-0.0005684420697037287
9.67459324155194	0.061849914646150514	-0.0005656575656383255
9.699624530663328	0.061708698601447336	-0.0005628950604320566
9.724655819774718	0.061568170991821894	-0.0005601543058209431
9.749687108886107	0.06142832640839681	-0.0005574350572481992
9.774718397997496	0.06128915950296246	-0.0005547370737949858
9.799749687108886	0.06115066498707689	-0.0005520601181127143
9.824780976220275	0.06101283763118241	-0.0005494039563568638
9.849812265331664	0.060875672263738585	-0.0005467683581222647
9.874843554443054	0.06073916377037112	-0.0005441530963798212
9.899874843554443	0.06060330709303644	-0.0005415579474146259
9.924906132665832	0.06046809722920147	-0.0005389826907654379
9.949937421777221	0.060333529231038366	-0.0005364271091654845
9.97496871088861	0.06019959820463393	-0.0005338909884845571
10.0	0.06006629930921317	-0.0005313741176723652
