-10.0	-0.09814879493025944	-0.0013979882954521733
-9.97496871088861	-0.09849986026185503	-0.0014082661437810051
-9.949937421777221	-0.09885351039457695	-0.001418659800317561
-9.924906132665832	-0.09920977449231909	-0.0014291710340835625
-9.899874843554443	-0.09956868216499533	-0.00143980164833416
-9.874843554443054	-0.09993026347717941	-0.0014505534813618538
-9.849812265331664	-0.10029454895694825	-0.0014614284073226629
-9.824780976220275	-0.10066156960493361	-0.001472428337085237
-9.799749687108886	-0.10103135690358837	-0.0014835552191036563
-9.774718397997496	-0.10140394282667341	-0.0014948110403146724
-9.749687108886107	-0.10177935984897105	-0.0015061978270601902
-9.724655819774718	-0.10215764095623144	-0.0015177176460357943
-9.699624530663328	-0.10253881965535872	-0.0015293726052661846
-9.67459324155194	-0.10292292998484365	-0.001541164855108386
-9.64956195244055	-0.1033100065254494	-0.0015530965892836545
-9.62453066332916	-0.10370008441115845	-0.0015651700459390207
-9.599499374217771	-0.10409319934038735	-0.0015773875087394546
-9.574468085106382	-0.10448938758747757	-0.001589751307991665
-9.549436795994993	-0.10488868601447025	-0.0016022638218006013
-9.524405506883603	-0.10529113208317326	-0.00161492747725974
-9.499374217772216	-0.10569676386752866	-0.0016277447516763062
-9.474342928660825	-0.10610562006629043	-0.0016407181738326082
-9.449311639549435	-0.10651774001601988	-0.001653850325284704
-9.424280350438046	-0.10693316370441024	-0.001667143841699693
-9.399249061326657	-0.10735193178394853	-0.00168060141423294
-9.37421777221527	-0.1077740855859257	-0.0016942257909466113
-9.349186483103878	-0.10819966713480508	-0.001708019778270964
-9.32415519399249	-0.10862871916296003	-0.0017219862425098401
-9.2991239048811	-0.10906128512579255	-0.001736128111391968
-9.274092615769712	-0.1094974092172429	-0.0017504483756696015
-9.249061326658325	-0.10993713638570447	-0.0017649500907662386
-9.224030037546934	-0.11038051235035413	-0.0017796363784750996
-9.198998748435546	-0.1108275836179119	-0.0017945104287101917
-9.173967459324155	-0.11127839749984375	-0.0018095755013118556
-9.148936170212767	-0.11173300213002002	-0.0018248349279087021
-9.123904881101378	-0.11219144648284492	-0.0018402921138380279
-9.098873591989987	-0.11265378039187102	-0.0018559505401267743
-9.0738423028786	-0.11312005456891458	-0.0018718137655352686
-9.048811013767208	-0.11359032062368764	-0.0018878854286660332
-9.023779724655821	-0.11406463108396252	-0.0019041692501400368
-8.998748435544432	-0.11454303941628705	-0.0019206690348429036
-8.973717146433042	-0.11502560004726708	-0.0019373886742436461
-8.948685857321653	-0.1155123683854353	-0.001954332148788643
-8.923654568210262	-0.1160034008437251	-0.001971503530373675
-8.898623279098874	-0.11649875486256911	-0.001988906984896939
-8.873591989987485	-0.11699848893364363	-0.0020065467748961383
-8.848560700876096	-0.117502662624279	-0.0020244272622727886
-8.823529411764707	-0.11801133660255904	-0.002042552911107124
-8.798498122653317	-0.11852457266313181	-0.002060928290567041
-8.773466833541928	-0.11904243375375599	-0.002079558077914718
-8.748435544430539	-0.11956498400260705	-0.002098447061614703
-8.72340425531915	-0.1200922887463694	-0.002117600144547401
-8.69837296620776	-0.12062441455914051	-0.002137022347332101
-8.67334167709637	-0.12116142928217563	-0.002156718811763857
-8.648310387984981	-0.121703402054501	-0.002176694804368696
-8.623279098873592	-0.1222504033444259	-0.00219695572008189
-8.598247809762203	-0.1228025049819848	-0.0022175070860541764
-8.573216520650814	-0.12335978019234162	-0.002238354565591091
-8.548185231539424	-0.12392230363019009	-0.0022595039622307607
-8.523153942428035	-0.12449015141518495	-0.0022809612239657936
-8.498122653316646	-0.1250634011684405	-0.002302732447615126
-8.473091364205256	-0.1256421320501348	-0.0023248238833519885
-8.448060075093867	-0.1262264247982584	-0.0023472419393944163
-8.423028785982478	-0.12681636176854907	-0.002369993186865043
-8.397997496871088	-0.12741202697565548	-0.0023930843648272233
-8.3729662077597	-0.12801350613557383	-0.002416522385504886
-8.34793491864831	-0.12862088670940475	-0.0024403143396938298
-8.32290362953692	-0.1292342579484782	-0.0024644675023725916
-8.297872340425531	-0.12985371094089712	-0.0024889893385213646
-8.272841051314144	-0.1304793386595523	-0.00251388750915789
-8.247809762202753	-0.1311112360116639	-0.002539169877599647
-8.222778473091363	-0.13174949988990567	-0.0025648445159621295
-8.197747183979974	-0.13239422922517322	-0.002590919711903526
-8.172715894868585	-0.13304552504105704	-0.002617403975626534
-8.147684605757197	-0.1337034905100864	-0.0026443060471486703
-8.122653316645806	-0.13436823101181175	-0.002671634903852948
-8.097622027534417	-0.13503985419279596	-0.002699399768331385
-8.072590738423028	-0.13571847002858953	-0.002727610116534509
-8.047559449311638	-0.13640419088776642	-0.0027562756862405916
-8.02252816020025	-0.13709713159810108	-0.002785406485859113
-7.9974968710888605	-0.1377974095149726	-0.002815012803583716
-7.972465581977473	-0.13850514459208202	-0.0028451052169106
-7.947434292866082	-0.13922045945457837	-0.0028756946025393216
-7.922403003754694	-0.1399434794746865	-0.0029067921466735935
-7.897371714643305	-0.1406743328499415	-0.002938409355740907
-7.872340425531914	-0.14141315068413268	-0.002970558067550498
-7.8473091364205265	-0.1421600670710694	-0.0030032504629104524
-7.8222778473091354	-0.1429152191812854	-0.0030364990777257666
-7.797246558197748	-0.14367874735180106	-0.0030703168156002852
-7.772215269086359	-0.14445079517907386	-0.0031047169609668738
-7.7471839799749675	-0.14523150961526798	-0.003139713192771288
-7.72215269086358	-0.1460210410679849	-0.003175319598736778
-7.697121401752189	-0.14681954350360144	-0.003211550690237911
-7.672090112640801	-0.14762717455436752	-0.0032484214178135793
-7.647058823529412	-0.148444095629429	-0.003285947187351052
-7.622027534418023	-0.14927047202994098	-0.003324143876974486
-7.596996245306634	-0.15010647306845265	-0.003363027854673389
-7.571964956195245	-0.15095227219274976	-0.0034026159967084977
-7.546933667083856	-0.15180804711435106	-0.0034429257068346133
-7.5219023779724665	-0.1526739799418654	-0.003483974936382376
-7.496871088861077	-0.15355025731942715	-0.0035257822052432576
-7.471839799749688	-0.15443707057043696	-0.003568366623804742
-7.446808510638299	-0.15533461584684977	-0.0036117479158854094
-7.421777221526909	-0.15624309428426117	-0.003655946442722568
-7.39674593241552	-0.15716271216305933	-0.003700983228068288
-7.371714643304131	-0.15809368107592178	-0.003746879984452986
-7.346683354192741	-0.15903621810195284	-0.003793659140679359
-7.321652065081352	-0.159990545987772	-0.0038413438706132626
-7.296620775969963	-0.16095689333588153	-0.003889958123342242
-7.2715894868585735	-0.1619354948006582	-0.003939526654776802
-7.246558197747184	-0.1629265912923346	-0.003990075060774187
-7.221526908635795	-0.1639304301893537	-0.004041629811869446
-7.196495619524406	-0.16494726555950362	-0.004094218289703934
-7.171464330413016	-0.1659773583902605	-0.004147868825247132
-7.146433041301627	-0.16702097682879374	-0.004202610738913864
-7.121401752190238	-0.16807839643211064	-0.00425847438268549
-7.0963704630788484	-0.16914990042784814	-0.00431549118435089
-7.071339173967459	-0.17023577998624634	-0.004373693693990478
-7.04630788485607	-0.1713363345038701	-0.00443311563283477
-7.0212765957446805	-0.17245187189967806	-0.004493791944637712
-6.996245306633291	-0.17358270892407557	-0.004555758849714429
-6.971214017521902	-0.1747291714816216	-0.004619053901803149
-6.946182728410513	-0.175891594968105	-0.004683716047921979
-6.921151439299123	-0.1770703246227444	-0.004749785691402876
-6.896120150187734	-0.17826571589631457	-0.004817304758297873
-6.871088861076345	-0.17947813483604952	-0.004886316767366111
-6.8460575719649555	-0.18070795848822654	-0.004956866903865005
-6.821026282853566	-0.18195557531939038	-0.005029002097384637
-6.795994993742177	-0.1832213856572379	-0.005102771103981571
-6.770963704630788	-0.18450580215224724	-0.005178224592886751
-6.745932415519399	-0.1858092502612059	-0.005255415238082104
-6.720901126408009	-0.1871321687538643	-0.005334397815061991
-6.69586983729662	-0.18847501024402258	-0.005415229303119058
-6.670838548185231	-0.1898382417464441	-0.005497968993519326
-6.645807259073841	-0.19122234526107848	-0.005582678603958676
-6.620775969962453	-0.19262781838617793	-0.005669422399722652
-6.595744680851063	-0.19405517496199653	-0.0057582673220037866
-6.570713391739676	-0.19550494574687405	-0.0058492831238654685
-6.545682102628285	-0.1969776791276319	-0.005942542514379636
-6.520650813516897	-0.19847394186633788	-0.006038121311506609
-6.495619524405506	-0.19999431988564317	-0.0061360986043307785
-6.470588235294117	-0.20153941909504347	-0.006236556925314226
-6.445556946182729	-0.20310986626058877	-0.006339582433284417
-6.420525657071338	-0.20470630992074096	-0.006445265107929685
-6.395494367959951	-0.20632942135127233	-0.006553698956639935
-6.37046307884856	-0.20797989558231517	-0.006664982234599615
-6.34543178973717	-0.20965845247088727	-0.006779217679115078
-6.320400500625783	-0.2113658378324777	-0.00689651275924222
-6.295369211514392	-0.21310282463553445	-0.007016979941870281
-6.270337922403004	-0.2148702142629872	-0.007140736975517423
-6.245306633291613	-0.21666883784525867	-0.007267907193202978
-6.2202753441802265	-0.2184995576695459	-0.007398619835880173
-6.195244055068836	-0.22036326867054196	-0.00753301039804562
-6.170212765957448	-0.22226090000815202	-0.007671220997285096
-6.145181476846059	-0.22419341673821644	-0.007813400769675538
-6.120150187734667	-0.22616182158271794	-0.007959706293137081
-6.09511889862328	-0.22816715680647948	-0.008110302041022933
-6.070087609511891	-0.23021050620793165	-0.008265360868447855
-6.0450563204005014	-0.23229299723214147	-0.008425064534090823
-6.020025031289112	-0.23441580321498953	-0.008589604260468899
-5.994993742177721	-0.23658014576811698	-0.008759181335966518
-5.9699624530663336	-0.23878729731508555	-0.008934007762224224
-5.9449311639549425	-0.24103858379009233	-0.009114306950845242
-5.919899874843555	-0.2433353875115532	-0.00930031447377093
-5.894868585732166	-0.2456791502439667	-0.009492278872114564
-5.869837296620776	-0.24807137646263688	-0.009690462528728397
-5.844806007509387	-0.2505136368371599	-0.009895142610322214
-5.819774718397998	-0.2530075719510051	-0.01010661208555609
-5.7947434292866085	-0.25555489627612044	-0.010325180826205926
-5.769712140175219	-0.25815740242323926	-0.010551176799256051
-5.74468085106383	-0.26081696569051	-0.010784947358619299
-5.719649561952441	-0.2635355489352124	-0.01102686064613371
-5.694618272841051	-0.26631520779570583	-0.011277307112550075
-5.669586983729662	-0.26915809629338766	-0.011536701170421755
-5.644555694618273	-0.27206647284737356	-0.011805482992156262
-5.619524405506883	-0.2750427067378626	-0.012084120468007371
-5.594493116395494	-0.2780892850577797	-0.012373111340502113
-5.569461827284105	-0.2812088201963244	-0.01267298553373648
-5.5444305381727155	-0.284404057902566	-0.012984307698169929
-5.519399249061326	-0.2876778859822643	-0.013307679994039626
-5.494367959949937	-0.29103334368673417	-0.013643745139344845
-5.469336670838549	-0.2944736318588884	-0.013993189751571095
-5.444305381727158	-0.2980021239086923	-0.014356748015993043
-5.419274092615769	-0.30162237769821787	-0.014735205717583421
-5.3942428035043815	-0.3053381484254759	-0.01512940467834729
-5.36921151439299	-0.3091534026062923	-0.015540247647388903
-5.344180225281603	-0.31307233326491846	-0.015968703697319966
-5.319148936170212	-0.3170993764569806	-0.016415814187866442
-5.2941176470588225	-0.321239229262964	-0.01688269936587945
-5.269086357947435	-0.3254968694070415	-0.01737056568060263
-5.244055068836044	-0.3298775766748782	-0.01788071390420382
-5.219023779724656	-0.3343869563255031	-0.018414548160519056
-5.193992490613266	-0.3390309647168221	-0.018973585979995482
-5.168961201501876	-0.3438159373922754	-0.01955946951633153
-5.1439299123904885	-0.3487486199081774	-0.02017397808076529
-5.1188986232791	-0.35383620171796765	-0.02081904217389154
-5.09386733416771	-0.35908635347179463	-0.02149675922296548
-5.06883604505632	-0.3645072681384482	-0.022209411265677798
-5.043804755944931	-0.3701077064127256	-0.022959484860333612
-5.018773466833542	-0.37589704693616877	-0.023749693548426366
-4.993742177722154	-0.3818853419342751	-0.024583003250218612
-4.968710888610763	-0.3880833789606267	-0.025462661038905737
-4.943679599499373	-0.39450274954005043	-0.026392227816433186
-4.918648310387985	-0.4011559256216332	-0.02737561550677516
-4.893617021276597	-0.4080563448912799	-0.028417129493810565
-4.868585732165207	-0.41521850615640876	-0.029521517165029182
-4.843554443053817	-0.4226580762069514	-0.030694023584380472
-4.818523153942427	-0.43039200978271547	-0.03194045551418337
-4.793491864831038	-0.43843868454420487	-0.03326725524538292
-4.768460575719651	-0.4468180532605899	-0.03468158598800592
-4.7434292866082615	-0.45555181580486503	-0.036191430932678195
-4.71839799749687	-0.46466361399491507	-0.037805708536455686
-4.69336670838548	-0.4741792528556575	-0.039534407133713104
-4.668335419274092	-0.4841269525206732	-0.04138874265345309
-4.643304130162704	-0.4945376357653118	-0.04338134407449045
-4.618272841051315	-0.5054452570963253	-0.045526472316927497
-4.593241551939924	-0.5168871804517932	-0.04784027961431992
-4.568210262828536	-0.528904613934465	-0.05034111811795343
-4.543178973717147	-0.5415431116676178	-0.053049908661578826
-4.518147684605758	-0.5548531548947759	-0.055990583407260604
-4.4931163954943685	-0.5688908269300321	-0.05919061969641696
-4.468085106382977	-0.5837185996118188	-0.06268168710977183
-4.44305381727159	-0.5994062526532855	-0.06650043585769176
-4.418022528160201	-0.6160319518808558	-0.07068946267587468
-4.392991239048811	-0.6336835180083238	-0.07529850108043541
-4.367959949937422	-0.6524599245454735	-0.08038589710547896
-4.342928660826031	-0.6724730719638914	-0.08602045086493473
-4.317897371714643	-0.6938498956434884	-0.09228373038342677
-4.292866082603254	-0.7167348777054078	-0.09927299990680816
-4.267834793491865	-0.7412930478363057	-0.10710495436117563
-4.2428035043804755	-0.7677135756512408	-0.11592052068249219
-4.217772215269086	-0.7962140765556381	-0.12589108412350042
-4.192740926157699	-0.827045772919823	-0.1372266364270814
-4.167709637046308	-0.8604996689861452	-0.15018654268685974
-4.142678347934918	-0.8969139033260942	-0.16509391496639036
-4.117647058823529	-0.936682420489474	-0.18235500986530812
-4.09261576971214	-0.9802650209028286	-0.20248570667336913
-4.067584480600752	-1.0281986398213632	-0.22614808618710153
-4.042553191489361	-1.081109242633521	-0.2542015966013022
-4.017521902377972	-1.1397227464673458	-0.2877755432577972
-3.9924906132665825	-1.2048713661941945	-0.3283731093614275
-3.967459324155193	-1.2774876763146523	-0.37802245708659205
-3.9424280350438052	-1.3585702935053725	-0.4394985635995471
-3.917396745932415	-1.4490878657790296	-0.5166512388851406
-3.8923654568210257	-1.5497524740029172	-0.6148901220043133
-3.867334167709638	-1.6605198289352379	-0.7418910695864703
-3.8423028785982494	-1.7795223362422943	-0.9085759887837629
-3.8172715894868587	-1.900842875472843	-1.1302934483517755
-3.7922403003754686	-2.0100184900098443	-1.427618512107366
-3.7672090112640793	-2.075603814955853	-1.824555881967693
-3.7421777221526913	-2.0361844693188993	-2.337732821811151
-3.717146433041303	-1.7915384314326732	-2.9437890209895174
-3.6921151439299127	-1.2349409617307792	-3.520989532766214
-3.6670838548185225	-0.3755000655627117	-3.8345337605251424
-3.6420525657071328	0.5530690744743731	-3.702929095828121
-3.617021276595745	1.2527893043019762	-3.2074159799209343
-3.5919899874843564	1.620390694348432	-2.5917957524631907
-3.566958698372966	1.7328294015231624	-2.0324652970661923
-3.541927409261576	1.7016787587883286	-1.5872923044399545
-3.5168961201501876	1.6049812398200163	-1.2509892219052756
-3.4918648310387996	1.4852514285947356	-1.0004709913248935
-3.46683354192741	1.3628939906145046	-0.8131690509496791
-3.4418022528160197	1.2467408293977824	-0.6715287778577101
-3.4167709637046295	1.1400154533881237	-0.5628827083475262
-3.391739674593241	1.043356762779253	-0.4783051497016394
-3.366708385481853	0.9562848194449988	-0.41152179601105965
-3.341677096370464	0.877894273617439	-0.3580897218593699
-3.3166458072590737	0.8071739283052844	-0.3148259442711827
-3.291614518147683	0.7431470198843354	-0.27941945213410796
-3.2665832290362946	0.6849262730700971	-0.2501691557566779
-3.2415519399249066	0.63172918614588	-0.2258060691906329
-3.2165206508135173	0.5828755281644574	-0.20537151686038727
-3.191489361702127	0.5377776286986315	-0.18813274512144101
-3.166458072590739	0.4959284683701584	-0.17352372384679807
-3.14142678347935	0.45688984651762476	-0.16110310082565932
-3.11639549436796	0.4202815681849161	-0.15052398028355407
-3.091364205256571	0.38577195126937736	-0.1415119574854261
-3.0663329161451807	0.35306965769065213	-0.1338489942662428
-3.0413016270337927	0.3219167257794633	-0.12736148276839818
-3.0162703379224034	0.29208263719727656	-0.12191135472263881
-2.991239048811014	0.2633592464468729	-0.11738943920588829
-2.966207759699625	0.23555641226405108	-0.11371050931318447
-2.941176470588234	0.20849818692545075	-0.11080962410225408
-2.916145181476846	0.18201943649368454	-0.10863949047418164
-2.891113892365457	0.15596277984880563	-0.10716865635874487
-2.8660826032540676	0.13017574604276744	-0.10638041266373671
-2.8410513141426783	0.10450805774894546	-0.10627233477172249
-2.816020025031289	0.07880895334482901	-0.10685644091178402
-2.790988735919901	0.05292446156690611	-0.10815998954646674
-2.7659574468085104	0.02669454089220683	-0.11022698585880103
-2.740926157697121	-5.000885972746352e-5	-0.11312052390595474
-2.715894868585732	-0.02749096213016073	-0.11692616281237254
-2.6908635794743425	-0.05582651772961211	-0.12175663179914946
-2.6658322903629545	-0.0852756968462468	-0.12775829332664218
-2.6408010012515644	-0.11608340105739547	-0.1351199862652599
-2.615769712140175	-0.14852622248610878	-0.14408515252910462
-2.5907384230287853	-0.18291903716679897	-0.15496856865724873
-2.565707133917396	-0.21962226601920248	-0.16817963301408972
-2.540675844806008	-0.25904936732426853	-0.18425511694677515
-2.515644555694618	-0.30167345398941686	-0.20390575843773653
-2.4906132665832286	-0.3480305527474255	-0.2280833437541885
-2.4655819774718406	-0.3987142155782507	-0.2580784073394419
-2.440550688360452	-0.45435045858151274	-0.29566394353223285
-2.4155193992490616	-0.5155302168742165	-0.3433080939277667
-2.3904881101376714	-0.5826521283684987	-0.40448831467864743
-2.365456821026282	-0.6555779729902899	-0.48414677672012485
-2.340425531914894	-0.7328998592021461	-0.5893133665321243
-2.3153942428035057	-0.8104172357905128	-0.7298248074642042
-2.2903629536921155	-0.8780852853804013	-0.91868906096711
-2.2653316645807253	-0.9144020558369583	-1.1704637691183273
-2.2403003754693356	-0.8782672907177048	-1.4931357600638515
-2.2152690863579476	-0.7055245764091134	-1.865368790352391
-2.190237797246559	-0.3361837342414776	-2.2004849510861897
-2.165206508135169	0.20374615397483933	-2.3506305866215316
-2.140175219023779	0.7539765933008435	-2.225876743163025
-2.1151439299123904	1.1447236275161607	-1.9014087468266059
-2.0901126408010025	1.3361566895293444	-1.5264811016837614
-2.0650813516896127	1.3839722083193688	-1.1958010569333386
-2.0400500625782225	1.3540228734027278	-0.9357233751118565
-2.0150187734668323	1.289844721404752	-0.7398935428026007
-1.989987484355444	1.2145562220265733	-0.5938756456828757
-1.9649561952440555	1.1390719542964591	-0.4843639843091001
-1.939924906132667	1.068023372414875	-0.40119483790498817
-1.914893617021277	1.0030241878777184	-0.33707866464691993
-1.8898623279098858	0.9443092906835289	-0.28688558998666536
-1.8648310387984974	0.8915255420048922	-0.24700611275985776
-1.839799749687109	0.8441045354602387	-0.21487906222976405
-1.8147684605757206	0.8014334233368574	-0.18866476484477646
-1.7897371714643304	0.7629290245585134	-0.16702354295671126
-1.764705882352942	0.72806605512711	-0.1489660500078182
-1.7396745932415527	0.6963840570153413	-0.1337515660243074
-1.7146433041301625	0.6674849078415075	-0.12081819382364543
-1.6896120150187741	0.6410266218804673	-0.1097343753360902
-1.664580725907384	0.6167161341929924	-0.10016478598852717
-1.6395494367959955	0.5943022799414852	-0.09184603396069027
-1.6145181476846062	0.5735694596695712	-0.08456912668989455
-1.589486858573217	0.5543321363395993	-0.07816666586140099
-1.5644555694618276	0.5364301519974704	-0.0725033868133695
-1.5394242803504374	0.5197247864284189	-0.06746909160375049
-1.514392991239049	0.5040954594586883	-0.06297331491129865
-1.4893617021276597	0.48943697866243985	-0.05894125812829628
-1.4643304130162704	0.4756572431547434	-0.05531066127351317
-1.4392991239048811	0.46267532600473066	-0.0520293752857536
-1.4142678347934918	0.45041986981711774	-0.04905346228469411
-1.3892365456821025	0.4388277410092133	-0.04634569736882961
-1.3642052565707132	0.4278428978394039	-0.04387437836889779
-1.339173967459324	0.4174154352792433	-0.0416123736703169
-1.3141426783479346	0.4075007764854065	-0.03953635547039359
-1.2891113892365453	0.39805898609930995	-0.03762617850939924
-1.264080100125157	0.3890541850690321	-0.035864373703696835
-1.2390488110137667	0.3804540503239795	-0.034235733121613036
-1.2140175219023774	0.37222938558891927	-0.032726968020937185
-1.1889862327909881	0.3643537520279013	-0.03132642566921093
-1.1639549436795988	0.35680314936550106	-0.030023853724371517
-1.1389236545682104	0.3495557397283795	-0.028810203303315185
-1.1138923654568202	0.34259160775384595	-0.02767746368477167
-1.0888610763454318	0.33589255157977094	-0.02661852300967677
-1.0638297872340434	0.32944190020674485	-0.025627050452950367
-1.0387984981226523	0.3232243534449282	-0.02469739621709786
-1.013767209011264	0.3172258412535128	-0.02382450639463155
-0.9887359198998737	0.311433399773488	-0.023003850304420717
-0.9637046307884853	0.3058350617633696	-0.022231358358850366
-0.9386733416770969	0.3004197594880261	-0.021503368889530618
-0.9136420525657085	0.2951772383956616	-0.020816582670156732
-0.8886107634543183	0.29009798015841415	-0.020168024144118786
-0.8635794743429273	0.2851731338584891	-0.019555008608849282
-0.8385481852315388	0.2803944542856632	-0.018975114847011282
-0.8135168961201504	0.27575424648843105	-0.01842616294853955
-0.788485607008762	0.2712453159136382	-0.017906197366688574
-0.7634543178973718	0.26686092372022635	-0.017413475637576947
-0.7384230287859816	0.2625947472425501	-0.016946463727493154
-0.7133917396745932	0.258440846269304	-0.016503839742372482
-0.6883604505632039	0.25439363712731244	-0.016084508848475457
-0.6633291614518155	0.25044787920607986	-0.015687633794657867
-0.6382978723404253	0.2465986839714086	-0.015312687236113745
-0.6132665832290352	0.2428415676545227	-0.014959532975723194
-0.5882352941176467	0.2391725913631066	-0.014628538614552475
-0.5632040050062583	0.23558867524787946	-0.014320696271312227
-0.5381727158948699	0.23208823989640642	-0.014037634094897245
-0.5131414267834788	0.22867235848760198	-0.013781123071734323
-0.48811013767208866	0.22534624582686322	-0.013551064860453085
-0.46307884856070025	0.2221190930741535	-0.013340473504104697
-0.43804755944931184	0.2189966236830383	-0.013129219480983898
-0.41301627033792343	0.2159648294922266	-0.012889367324340421
-0.38798498122653324	0.2129877757475047	-0.01261071195885318
-0.36295369211514483	0.21003625083357577	-0.0123126436490345
-0.33792240300375376	0.20710629000605643	-0.01202107063768168
-0.31289111389236535	0.2042073207036577	-0.011749413236025345
-0.28785982478097694	0.20134830152331973	-0.011499999867043635
-0.26282853566958675	0.1985339544161429	-0.011270616743139224
-0.23779724655819834	0.19576571270597698	-0.011058212450182724
-0.21276595744680904	0.19304317355415432	-0.010860134794122194
-0.18773466833541974	0.19036504551706354	-0.010674340053394486
-0.16270337922403044	0.18772965223398586	-0.010499304179651543
-0.13767209011264026	0.18513517958415593	-0.010333889245267689
-0.11264080100125184	0.18257979181126624	-0.010177232014081224
-0.08760951188986255	0.180061683648863	-0.01002866326021487
-0.06257822277847325	0.17757910173198288	-0.009887652096096662
-0.03754693366708395	0.175130351437022	-0.009753768080452497
-0.01251564455569465	0.1727137969368444	-0.009626655383283786
0.01251564455569465	0.1703278582264803	-0.009506015007638298
0.03754693366708395	0.16797100692453096	-0.00939159239604438
0.06257822277847325	0.16564176170620715	-0.009283168663554312
0.08760951188986255	0.16333868375967497	-0.009180554302300217
0.11264080100125184	0.161060372430365	-0.00908358459437521
0.13767209011264114	0.1588054611079521	-0.008992116224153537
0.16270337922403044	0.15657261335885633	-0.008906024747008478
0.18773466833541974	0.15436051928405414	-0.008825202680487941
0.21276595744680726	0.15216789207305875	-0.00874955805655349
0.23779724655819834	0.14999346472273278	-0.008679013322302932
0.26282853566958764	0.14783598689043537	-0.008613504509859177
0.28785982478097694	0.14569422185299896	-0.008552980619072406
0.31289111389236623	0.14356694354531746	-0.008497403172757462
0.33792240300375376	0.14145293365444372	-0.008446745915604318
0.36295369211514483	0.13935097874689756	-0.008400994636136463
0.38798498122653235	0.13725986740830726	-0.00836014709714028
0.41301627033792343	0.13517838737553053	-0.008324213064519333
0.43804755944931273	0.13310532264208452	-0.00829321442800319
0.46307884856070025	0.13103945051802612	-0.008267185409880308
0.4881101376720913	0.12897953862545383	-0.00824617286015703
0.5131414267834788	0.1269243418105154	-0.008230236638431412
0.5381727158948699	0.12487259895223857	-0.008219450084432062
0.5632040050062574	0.122823029647675	-0.008213900580698742
0.5882352941176467	0.12077433075171301	-0.008213690212343333
0.6132665832290378	0.11872517274852709	-0.008218936530285308
0.6382978723404253	0.11667419592991352	-0.008229773425853714
0.6633291614518164	0.1146200063537387	-0.008246352126233385
0.6883604505632039	0.11256117155335202	-0.008268842321949075
0.7133917396745932	0.11049621596603264	-0.00829743343947156
0.7384230287859808	0.10842361604535711	-0.008332336074139824
0.7634543178973718	0.10634179501866974	-0.008373783600974445
0.7884856070087629	0.10424911724661186	-0.008422033983665084
0.8135168961201504	0.10214388213678671	-0.008477371805115586
0.8385481852315397	0.10002431755805846	-0.008540110546498756
0.8635794743429273	0.0978885726955672	-0.008610595145898977
0.8886107634543183	0.0957347102791718	-0.008689204872410601
0.9136420525657059	0.09356069810956985	-0.008776356557139185
0.9386733416770969	0.09136439979658574	-0.008872508229073886
0.9637046307884862	0.08914356461289098	-0.008978163211443933
0.9887359198998737	0.08689581635343084	-0.009093874743163179
1.0137672090112648	0.0846186410758357	-0.009220251200570732
1.0387984981226523	0.08230937357969673	-0.009357962007221407
1.0638297872340434	0.07996518246238474	-0.009507744334367473
1.088861076345431	0.07758305356560555	-0.009670410712492843
1.1138923654568202	0.07515977159945944	-0.009846857695421063
1.1389236545682113	0.07269189969875682	-0.010038075743864202
1.1639549436795988	0.07017575662879619	-0.0102451605257445
1.18898623279099	0.06760739131372893	-0.010469325867360078
1.2140175219023774	0.06498255430873598	-0.010711918633930088
1.2390488110137667	0.062296665775940244	-0.010974435872067227
1.264080100125156	0.059544779451459695	-0.011258544612579531
1.2891113892365453	0.056721542004885814	-0.011566104812618301
1.3141426783479364	0.05382114708999909	-0.011899196015268372
1.339173967459324	0.0508372832632044	-0.012260148426971458
1.3642052565707132	0.047763074799729174	-0.012651579264785094
1.3892365456821025	0.04459101426183866	-0.013076435414296959
1.4142678347934918	0.04131288546162665	-0.013538043675295186
1.4392991239048811	0.03791967520533089	-0.014040170169433737
1.4643304130162704	0.03440147189651897	-0.014587090859748759
1.4893617021276597	0.030747348699466062	-0.015183675609269658
1.514392991239049	0.026945228506061653	-0.015835488816134887
1.5394242803504383	0.02298172739031705	-0.016548910447104315
1.5644555694618276	0.018841972549972275	-0.01733128230618958
1.589486858573217	0.014509389894985514	-0.018191085696426502
1.6145181476846044	0.009965455411022783	-0.019138158364789253
1.6395494367959955	0.005189403157322053	-0.02018396090663656
1.6645807259073848	0.0001578811979749406	-0.02134190584678754
1.6896120150187741	-0.005155455150851501	-0.022627766689729416
1.7146433041301634	-0.010780425721548803	-0.02406018973825598
1.739674593241551	-0.016750899362378474	-0.025661338984527632
1.764705882352942	-0.023105478527425338	-0.027457714696765587
1.7897371714643295	-0.029888317909422285	-0.0294812006474799
1.8147684605757206	-0.037150105095803326	-0.031770415003883175
1.83979974968711	-0.04494923628155775	-0.0343724683264911
1.8648310387984974	-0.053353224959011375	-0.03734527280059404
1.8898623279098885	-0.0624403849465045	-0.04076060568079204
1.914893617021276	-0.07230182841985039	-0.044708216045368857
1.939924906132667	-0.08304380929667415	-0.04930139140225522
1.9649561952440546	-0.09479041146185739	-0.05468459143091251
1.989987484355444	-0.10768650821146426	-0.06104404470715597
2.015018773466835	-0.12190076078218015	-0.06862264499969059
2.0400500625782225	-0.13762809354786898	-0.07774116176997171
2.065081351689613	-0.15509040675779956	-0.08882882548922547
2.090112640801001	-0.17453290723143391	-0.10246795275707767
2.1151439299123904	-0.1962106134055055	-0.11945968179338441
2.1401752190237784	-0.22035377804124665	-0.14092128275779445
2.165206508135169	-0.24708893770464746	-0.16842954625561785
2.1902377972465596	-0.2762674019397152	-0.20422687081119514
2.2152690863579476	-0.3071024273175647	-0.2514965510227725
2.240300375469337	-0.3374199082103442	-0.314656563226512
2.265331664580725	-0.3621767330366822	-0.3994122694839199
2.2903629536921155	-0.37082627308459004	-0.5116873762854667
2.315394242803503	-0.3438894905017751	-0.6531597024431977
2.340425531914894	-0.25312868157248464	-0.8100023722668441
2.3654568210262834	-0.07799228419471903	-0.938530179033966
2.3904881101376714	0.1575110681610013	-0.9764443749635027
2.415519399249062	0.37848283758663703	-0.9004659961714466
2.4405506883604495	0.5235511372756165	-0.7549403525500304
2.4655819774718406	0.5884830217812179	-0.6002353497437672
2.490613266583228	0.6000455591480349	-0.4685520410289388
2.515644555694618	0.5840790501813574	-0.36649159168721257
2.5406758448060085	0.5565745710889504	-0.29000885026230416
2.565707133917396	0.5257602724078907	-0.23299175123216215
2.590738423028787	0.49543516509083674	-0.1901542772566546
2.6157697121401746	0.4671627138734483	-0.1575413777348509
2.6408010012515644	0.44144503787642425	-0.13233597656152962
2.665832290362953	0.41830531051547815	-0.11255804472402453
2.6908635794743425	0.39756713722687553	-0.09681253850402137
2.7158948685857336	0.3789855515432902	-0.08410712984387828
2.740926157697121	0.3623065055516478	-0.07372693086842094
2.765957446808511	0.3472921712887306	-0.06514974719704462
2.7909887359198997	0.3337300798999091	-0.057988773775286925
2.816020025031289	0.3214348151334807	-0.051953576592419524
2.841051314142678	0.31024647304300834	-0.046823243737124945
2.8660826032540676	0.3000279062266288	-0.042427683999358146
2.8911138923654573	0.29066169699411604	-0.03863443325775797
2.916145181476846	0.28204727766362736	-0.03533922688509716
2.9411764705882355	0.27409836042920066	-0.03245917867057515
2.9662077596996244	0.26674071778494135	-0.029927786062716427
2.991239048811014	0.2599102997619831	-0.027691230664200917
3.0162703379224016	0.25355165237383487	-0.02570560819459364
3.0413016270337927	0.24761659562617674	-0.023934833007089477
3.066332916145182	0.24206312064890573	-0.02234903746275782
3.091364205256571	0.2368544696730637	-0.020923338077325448
3.1163954943679606	0.23195836761893368	-0.01963687616671269
3.141426783479348	0.2273463790164994	-0.018472065836287854
3.166458072590739	0.22299336844130307	-0.017413999963019275
3.1914893617021267	0.21887704649044026	-0.016449977566887732
3.2165206508135173	0.21497758654828666	-0.01556912518276679
3.241551939924907	0.21127730025849906	-0.014762091566955677
3.2665832290362946	0.20776036180493185	-0.014020800020796278
3.2916145181476857	0.20441257288725012	-0.013338246286517669
3.316645807259073	0.20122116172784138	-0.012708332718317486
3.341677096370464	0.19817461062617064	-0.012125731503358064
3.366708385481852	0.195262507536145	-0.011585771280650628
3.391739674593241	0.19247541792331108	-0.011084342708936188
3.416770963704632	0.18980477379611888	-0.010617819460880883
3.4418022528160197	0.1872427773266073	-0.010182991838449732
3.4668335419274103	0.18478231690302188	-0.009777010763604469
3.4918648310387983	0.1824168938079392	-0.00939734033692896
3.5168961201501876	0.18014055800477824	-0.009041717502431055
3.5419274092615756	0.1779478517547374	-0.008708117630710029
3.566958698372966	0.17583375998441325	-0.008394725050889382
3.591989987484357	0.1737936664891822	-0.008099907736392752
3.617021276595745	0.17182331519484484	-0.007822195490122297
3.642052565707134	0.16991877581496106	-0.0075602610880928
3.667083854818522	0.16807641333769407	-0.007312903932661439
3.6921151439299127	0.16629286085703765	-0.0070790358415216085
3.7171464330413	0.16456499533168295	-0.006857668660007272
3.7421777221526913	0.1628899159125935	-0.0066479034346559555
3.7672090112640806	0.16126492452939956	-0.006448920927524775
3.7922403003754686	0.15968750846739882	-0.0062599732851191
3.817271589486859	0.1581553247024935	-0.006080376704321795
3.8423028785982467	0.15666618579175262	-0.005909504961469296
3.867334167709638	0.15521804714329643	-0.005746783690571926
3.8923654568210253	0.15380899551153893	-0.005591685313315223
3.917396745932415	0.1524372385830357	-0.005443724537465098
3.9424280350438057	0.15110109553477455	-0.005302454352094005
3.967459324155193	0.14979898846106832	-0.005167462458014999
3.9924906132665843	0.14852943457763323	-0.005038368080264641
4.017521902377972	0.1472910391222164	-0.004914819116661381
4.042553191489361	0.14608248888050784	-0.004796489582589288
4.06758448060075	0.14490254627425678	-0.004683077317389693
4.09261576971214	0.14375004395564248	-0.004574301922222973
4.117647058823531	0.14262387985820402	-0.00446990290310928
4.142678347934918	0.1415230126601068	-0.004369637996165774
4.167709637046308	0.1404464576203334	-0.004273281654910863
4.192740926157697	0.13939328275262117	-0.004180623681971647
4.217772215269086	0.13836260530569347	-0.004091467989664978
4.2428035043804755	0.13735358852162738	-0.004005631475775033
4.267834793491865	0.13636543864710915	-0.003922943002460254
4.292866082603254	0.13539740217490753	-0.0038432424676249875
4.317897371714643	0.13444876329518068	-0.0037663799593149676
4.342928660826033	0.13351884153826413	-0.0036922149847656506
4.367959949937422	0.13260698959239353	-0.0036206157666693597
4.392991239048811	0.1317125912814262	-0.003551458600049154
4.418022528160199	0.13083505968906134	-0.003484627263849625
4.44305381727159	0.12997383541734178	-0.0034200124819905135
4.468085106382979	0.1291283849683695	-0.00335751142918964
4.4931163954943685	0.12829819923919225	-0.0032970272773562214
4.518147684605758	0.12748279212074515	-0.0032384687787935847
4.543178973717145	0.126681699192556	-0.003181749882837543
4.568210262828536	0.12589447650566926	-0.003126789382900549
4.593241551939924	0.1251206994469156	-0.0030735105911970217
4.618272841051315	0.12435996167825394	-0.0030218410386965277
4.643304130162704	0.1236118741454651	-0.0029717121980936297
4.668335419274092	0.12287606415096136	-0.002923059227798407
4.693366708385483	0.1221521744859281	-0.0028758207351444968
4.71839799749687	0.1214398626174138	-0.0028299385571834944
4.7434292866082615	0.12073879992635	-0.0027853575575884737
4.768460575719649	0.12004867099281799	-0.00274202543832778
4.793491864831038	0.1193691729251754	-0.002699892564893741
4.818523153942429	0.11870001472993491	-0.002658911803982601
4.843554443053817	0.11804091671953204	-0.002619038372621777
4.868585732165208	0.11739160995534884	-0.0025802296978307587
4.8936170212765955	0.11675183572356745	-0.0025424452859832765
4.918648310387985	0.1161213450416132	-0.002505646601111378
4.943679599499372	0.11549989819312453	-0.002469796951458552
4.968710888610763	0.11488726428953963	-0.002434861383648569
4.9937421777221545	0.114283220856538	-0.0024008065838911183
5.018773466833542	0.11368755344370504	-0.002367600785694156
5.043804755944931	0.11310005525590913	-0.0023352136835975115
5.068836045056319	0.11252052680499414	-0.0023036163524826478
5.09386733416771	0.11194877558048784	-0.00227278117205005
5.118898623279097	0.11138461573812594	-0.0022426817560892384
5.1439299123904885	0.11082786780507187	-0.0022132928861965475
5.168961201501878	0.11027835840079768	-0.0021845904496237134
5.193992490613265	0.10973591997265898	-0.0021565513809652524
5.219023779724656	0.10920039054526792	-0.002129153607415828
5.244055068836044	0.10867161348282953	-0.0021023759973497315
5.269086357947435	0.10814943726366143	-0.0020761983119937117
5.2941176470588225	0.10763371526617492	-0.0020506011599821655
5.319148936170212	0.1071243055656383	-0.0020255659545995067
5.344180225281603	0.10662107074109414	-0.0020010748735295133
5.36921151439299	0.10612387769183995	-0.001977110820944773
5.3942428035043815	0.10563259746292217	-0.001953657391781796
5.419274092615769	0.10514710507913022	-0.001930698838058805
5.444305381727158	0.10466727938700779	-0.0019082200371035112
5.469336670838548	0.10419300290443306	-0.0018862064615679712
5.494367959949937	0.10372416167734505	-0.0018646441511163147
5.519399249061328	0.10326064514322184	-0.0018435196856793582
5.5444305381727155	0.1028023460009407	-0.0018228201601776098
5.569461827284105	0.10234916008667228	-0.0018025331606210306
5.594493116395494	0.10190098625548477	-0.0017826467415004096
5.619524405506883	0.1014577262683507	-0.0017631494043909672
5.644555694618273	0.10101928468427036	-0.001744030077694351
5.669586983729662	0.10058556875724169	-0.0017252780974501612
5.694618272841051	0.10015648833782335	-0.0017068831891528117
5.719649561952441	0.09973195577905204	-0.001688835450513839
5.74468085106383	0.09931188584648995	-0.0016711253351137563
5.769712140175219	0.0988961956321909	-0.0016537436368912399
5.7947434292866085	0.09848480447238638	-0.0016366814754208707
5.819774718397996	0.09807763386870362	-0.001619930281933822
5.844806007509387	0.09767460741273919	-0.001603481786038826
5.869837296620776	0.09727565071382156	-0.0015873280031035288
5.894868585732166	0.09688069132980483	-0.001571461222258813
5.919899874843555	0.0964896587007456	-0.001555873994991124
5.9449311639549425	0.0961024840853229	-0.0015405591242899624
5.9699624530663336	0.09571910049986815	-0.001525509654319787
5.994993742177721	0.09533944265988072	-0.0015107188605874883
6.020025031289112	0.09496344692391004	-0.001496180240578318
6.0450563204005014	0.09459105123969336	-0.0014818875048349012
6.07008760951189	0.09422219509244181	-0.001467834568455397
6.09511889862328	0.09385681945517604	-0.0014540155429884113
6.120150187734667	0.09349486674101568	-0.0014404247287035476
6.145181476846059	0.09313628075733252	-0.0014270566072177436
6.170212765957445	0.09278100666168362	-0.0014139058344587662
6.195244055068836	0.09242899091944122	-0.001400967233948234
6.2202753441802265	0.09208018126304547	-0.00138823579038769
6.245306633291613	0.0917345266528056	-0.0013757066435320783
6.270337922403005	0.09139197723918088	-0.0013633750823359657
6.295369211514392	0.09105248432647703	-0.0013512365393586725
6.320400500625783	0.09071600033789401	-0.0013392865854152014
6.3454317897371695	0.0903824787818684	-0.0013275209244607124
6.37046307884856	0.09005187421965202	-0.0013159353886968341
6.395494367959952	0.08972414223407575	-0.0013045259338889076
6.420525657071338	0.0893992393994459	-0.0012932886348837277
6.445556946182729	0.0890771232525259	-0.0012822196813180044
6.470588235294116	0.08875775226455769	-0.0012713153735082988
6.495619524405506	0.08844108581427808	-0.001260572118513624
6.520650813516895	0.08812708416188997	-0.0012499864263624894
6.545682102628285	0.08781570842394715	-0.0012395549064364792
6.570713391739676	0.08750692054911667	-0.0012292742640030037
6.5957446808510625	0.08720068329478158	-0.0012191412968901537
6.620775969962453	0.08689696020445017	-0.0012091528922970162
6.645807259073841	0.08659571558593974	-0.0011993060237331667
6.670838548185231	0.08629691449030231	-0.0011895977480813119
6.695869837296622	0.08600052269146413	-0.0011800252027774686
6.720901126408009	0.08570650666654948	-0.0011705856031032687
6.745932415519399	0.08541483357686196	-0.0011612762395852958
6.770963704630788	0.08512547124949826	-0.0011520944754966423
6.795994993742178	0.08483838815956822	-0.0011430377444560473
6.821026282853566	0.08455355341299896	-0.001134103548120302
6.8460575719649555	0.08427093672989976	-0.001125289453965734
6.871088861076346	0.08399050842846648	-0.0011165930931548748
6.896120150187734	0.08371223940940495	-0.0011080121584845415
6.921151439299124	0.08343610114085315	-0.0010995444024117797
6.946182728410513	0.08316206564378428	-0.0010911876351543056
6.971214017521902	0.08289010547787162	-0.0010829397228621946
6.996245306633291	0.08262019372779875	-0.0010747985858577925
7.0212765957446805	0.0823523039899983	-0.0010667621969409063
7.046307884856071	0.08208641035980331	-0.0010588285797565138
7.071339173967459	0.08182248741899634	-0.0010509958072223552
7.0963704630788484	0.08156051022374138	-0.0010432620000138692
7.121401752190238	0.0813004542928854	-0.001035625325104107
7.146433041301627	0.08104229559661534	-0.00102808399435631
7.171464330413016	0.08078601054545839	-0.0010206362631669916
7.196495619524406	0.08053157597961311	-0.0010132804291574386
7.221526908635795	0.08027896915859961	-0.0010060148309116522
7.246558197747184	0.08002816775121754	-0.0009988378467588378
7.2715894868585735	0.07977914982580116	-0.0009917478935986448
7.296620775969963	0.07953189384076101	-0.000984743425767428
7.321652065081352	0.07928637863540229	-0.0009778229339438911
7.3466833541927405	0.07904258342101032	-0.0009709849440925444
7.371714643304131	0.07880048777219398	-0.000964228016443471
7.39674593241552	0.07856007161847824	-0.0009575507445069784
7.421777221526909	0.07832131523613729	-0.0009509517541217572
7.446808510638299	0.0780841992402603	-0.0009444297025352467
7.471839799749687	0.07784870457704164	-0.0009379832775149495
7.496871088861077	0.07761481251628842	-0.000931611196489505
7.521902377972466	0.07738250464413783	-0.0009253122057183716
7.546933667083856	0.07715176285597745	-0.0009190850794890285
7.571964956195245	0.07692256934956186	-0.0009129286193406457
7.5969962453066335	0.07669490661831892	-0.0009068416533132198
7.622027534418024	0.07646875744483984	-0.0009008230352212175
7.647058823529412	0.07624410489454678	-0.0008948716439508051
7.672090112640802	0.07602093230953233	-0.0008889863827797868
7.697121401752189	0.0757992233025655	-0.0008831661787194048
7.72215269086358	0.07557896175125854	-0.0008774099818771924
7.74718397997497	0.07536013179239004	-0.0008717167648401157
7.772215269086359	0.07514271781637846	-0.0008660855220772421
7.797246558197749	0.07492670446190249	-0.0008605152693612449
7.8222778473091354	0.07471207661066259	-0.000855005043208046
7.8473091364205265	0.07449881938227988	-0.0008495539003339487
7.872340425531913	0.07428691812932808	-0.0008441609171296353
7.897371714643305	0.07407635843249408	-0.0008388251891504124
7.922403003754695	0.07386712609586361	-0.0008335458306221516
7.947434292866082	0.07365920714232768	-0.0008283219739623382
7.972465581977473	0.07345258780910656	-0.0008231527693157213
7.99749687108886	0.07324725454338765	-0.0008180373841040426
8.022528160200253	0.07304319399807323	-0.000812975002589345
8.047559449311638	0.07284039302763601	-0.0008079648254504119
8.072590738423028	0.0726388386840777	-0.0008030060693718472
8.09762202753442	0.07243851821298891	-0.0007980979666454009
8.122653316645806	0.07223941904970674	-0.0007932397647830901
8.147684605757199	0.07204152881556669	-0.0007884307261417204
8.172715894868585	0.07184483531424768	-0.0007836701275584378
8.197747183979974	0.07164932652820533	-0.0007789572599969034
8.222778473091363	0.07145499061519299	-0.0007742914282037724
8.247809762202753	0.07126181590486647	-0.0007696719503751016
8.272841051314145	0.07106979089547091	-0.0007650981578323673
8.297872340425531	0.07087890425060708	-0.0007605693947077777
8.32290362953692	0.07068914479607477	-0.0007560850176385572
8.34793491864831	0.07050050151679157	-0.0007516443954699276
8.3729662077597	0.07031296355378423	-0.0007472469089664844
8.397997496871088	0.07012652020125104	-0.0007428919505317015
8.423028785982478	0.06994116090369311	-0.0007385789239352986
8.448060075093867	0.06975687525311251	-0.0007343072440482183
8.473091364205256	0.06957365298627555	-0.0007300763365849647
8.498122653316646	0.06939148398203938	-0.0007258856378530715
8.523153942428035	0.06921035825874011	-0.0007217345945094665
8.548185231539424	0.06903026597164072	-0.0007176226633235192
8.573216520650814	0.0688511974104373	-0.0007135493109465538
8.598247809762203	0.06867314299682187	-0.0007095140136876299
8.623279098873592	0.06849609328210031	-0.0007055162572953873
8.648310387984981	0.06832003894486392	-0.0007015555367457715
8.67334167709637	0.06814497078871315	-0.0006976313560354528
8.69837296620776	0.06797087974003212	-0.0006937432279807636
8.72340425531915	0.06779775684581253	-0.0006898906740219845
8.748435544430539	0.06762559327152583	-0.0006860732240328123
8.773466833541928	0.06745438029904201	-0.0006822904161348542
8.798498122653317	0.06728410932459422	-0.0006785417965169923
8.823529411764707	0.06711477185678781	-0.0006748269192594719
8.848560700876096	0.06694635951465237	-0.0006711453461625707
8.873591989987485	0.06677886402573635	-0.0006674966465797096
8.898623279098874	0.06661227722424233	-0.0006638803972548744
8.92365456821026	0.06644659104920259	-0.0006602961821642165
8.948685857321653	0.06628179754269337	-0.0006567435923617082
8.973717146433042	0.0661178888480875	-0.0006532222258287408
8.998748435544432	0.06595485720834367	-0.0006497316873275324
9.023779724655821	0.06579269496433189	-0.000646271588258251
9.048811013767207	0.06563139455319432	-0.0006428415465197331
9.0738423028786	0.06547094850674001	-0.0006394411863736942
9.098873591989985	0.06531134944987356	-0.0006360701383123395
9.123904881101378	0.0651525900990558	-0.0006327280389292558
9.148936170212767	0.0649946632607968	-0.0006294145307935174
9.173967459324153	0.06483756183017955	-0.0006261292623268874
9.198998748435546	0.06468127878941389	-0.0006228718876840413
9.224030037546932	0.06452580720642025	-0.0006196420666357296
9.249061326658325	0.06437114023344163	-0.000616439464454776
9.27409261576971	0.06421727110568437	-0.0006132637518048606
9.2991239048811	0.06406419313998547	-0.0006101146046319781
9.324155193992492	0.06391189973350747	-0.0006069917040585232
9.349186483103878	0.06376038436245898	-0.0006038947362799143
9.374217772215271	0.06360964058084059	-0.0006008233924636837
9.399249061326657	0.06345966201921606	-0.0005977773686509815
9.424280350438046	0.06331044238350733	-0.0005947563656604033
9.449311639549435	0.06316197545381366	-0.000591760088994102
9.474342928660825	0.0630142550832535	-0.0005887882487461017
9.499374217772218	0.0628672751968293	-0.0005858405595127633
9.524405506883603	0.06272102979031424	-0.0005829167403053454
9.549436795994993	0.06257551292916046	-0.0005800165144645904
9.574468085106382	0.062430718747428435	-0.0005771396095773004
9.599499374217771	0.06228664144673694	-0.0005742857573948325
9.62453066332916	0.062143275295233114	-0.0005714546937534721
9.64956195244055	0.06200061462658203	-0.0005686461584966288
9.67459324155194	0.06185865383897558	-0.0005658598953988093
9.699624530663328	0.061717387394160134	-0.0005630956520913194
9.724655819774718	0.061576809816482406	-0.0005603531799896491
9.749687108886107	0.0614369156919533	-0.0005576322342224962
9.774718397997496	0.061297699667329286	-0.0005549325735623863
9.799749687108886	0.061159156449210904	-0.0005522539603578479
9.824780976220275	0.061021280803157864	-0.0005495961604670995
9.849812265331664	0.060884067552820706	-0.0005469589431932136
9.874843554443054	0.06074751157908831	-0.0005443420812207148
9.899874843554443	0.06061160781925114	-0.00054174535055358
9.924906132665832	0.06047635126617968	-0.0005391685304545995
9.949937421777221	0.06034173696751804	-0.0005366114033860693
9.97496871088861	0.06020776002489195	-0.0005340737549517766
10.0	0.060074415593131245	-0.0005315553738402479
