-10.0	-0.09819762533958513	-0.0013998219569885811
-9.97496871088861	-0.09854915226688225	-0.001410125838423826
-9.949937421777221	-0.09890327055768523	-0.001420546015060361
-9.924906132665832	-0.09926000949878515	-0.0014310842671455524
-9.899874843554443	-0.0996193988258285	-0.0014417424094666218
-9.874843554443054	-0.09998146873203459	-0.0014525222921642172
-9.849812265331664	-0.10034624987711857	-0.0014634258015685752
-9.824780976220275	-0.10071377339642565	-0.0014744548610589844
-9.799749687108886	-0.10108407091028251	-0.0014856114319473103
-9.774718397997496	-0.10145717453357175	-0.0014968975143863467
-9.749687108886107	-0.1018331168855359	-0.0015083151483038094
-9.724655819774718	-0.10221193109981741	-0.0015198664143627992
-9.699624530663328	-0.10259365083474123	-0.0015315534349496008
-9.67459324155194	-0.10297831028384702	-0.0015433783751897206
-9.64956195244055	-0.10336594418667792	-0.0015553434439930847
-9.62453066332916	-0.10375658783983349	-0.001567450895129369
-9.599499374217771	-0.10415027710829437	-0.0015797030283344633
-9.574468085106382	-0.10454704843702632	-0.0015921021904491068
-9.549436795994993	-0.10494693886287217	-0.0016046507765907713
-9.524405506883603	-0.10534998602673973	-0.0016173512313599212
-9.499374217772216	-0.10575622818609433	-0.0016302060500818017
-9.474342928660825	-0.10616570422776568	-0.0016432177800849747
-9.449311639549435	-0.10657845368107707	-0.0016563890220178356
-9.424280350438046	-0.10699451673130764	-0.0016697224312044506
-9.399249061326657	-0.10741393423349732	-0.0016832207190410214
-9.37421777221527	-0.10783674772660445	-0.0016968866544344225
-9.349186483103878	-0.10826299944802696	-0.0017107230652842525
-9.32415519399249	-0.10869273234849797	-0.0017247328400099113
-9.2991239048811	-0.10912599010736761	-0.0017389189291243154
-9.274092615769712	-0.10956281714828216	-0.001753284346855843
-9.249061326658325	-0.11000325865527334	-0.0017678321728202726
-9.224030037546934	-0.11044736058927003	-0.0017825655537444397
-9.198998748435546	-0.11089516970504541	-0.0017974877052434855
-9.173967459324155	-0.11134673356861378	-0.0018126019136536315
-9.148936170212767	-0.11180210057508985	-0.0018279115379224412
-9.123904881101378	-0.1122613199670265	-0.0018434200115586968
-9.098873591989987	-0.11272444185324494	-0.001859130844644024
-9.0738423028786	-0.11319151722817306	-0.0018750476259085335
-9.048811013767208	-0.11366259799170925	-0.0018911740248728508
-9.023779724655821	-0.11413773696962651	-0.001907513794058934
-8.998748435544432	-0.11461698793453645	-0.0019240707712722988
-8.973717146433042	-0.11510040562742915	-0.0019408488819582365
-8.948685857321653	-0.11558804577980947	-0.001957852141634859
-8.923654568210262	-0.11607996513644761	-0.0019750846584058244
-8.898623279098874	-0.11657622147876535	-0.0019925506355557543
-8.873591989987485	-0.11707687364887823	-0.002010254374231523
-8.848560700876096	-0.11758198157431521	-0.002028200276212632
-8.823529411764707	-0.11809160629343908	-0.0020463928467741566
-8.798498122653317	-0.11860580998159023	-0.002064836697645778
-8.773466833541928	-0.11912465597797872	-0.0020835365500706617
-8.748435544430539	-0.11964820881334945	-0.0021024972379680524
-8.72340425531915	-0.12017653423844674	-0.002121723711203645
-8.69837296620776	-0.1207096992533061	-0.002141221038971986
-8.67334167709637	-0.12124777213740051	-0.0021609944132953136
-8.648310387984981	-0.12179082248067179	-0.0021810491526434886
-8.623279098873592	-0.12233892121547664	-0.00220139070567983
-8.598247809762203	-0.1228921406494802	-0.0022220246551379343
-8.573216520650814	-0.12345055449952932	-0.0022429567218347477
-8.548185231539424	-0.12401423792654069	-0.0022641927688254295
-8.523153942428035	-0.12458326757143937	-0.002285738805705792
-8.498122653316646	-0.125157721592185	-0.002307600993068366
-8.473091364205256	-0.12573767970192481	-0.002329785647118424
-8.448060075093867	-0.12632322320831382	-0.002352299244456598
-8.423028785982478	-0.12691443505404384	-0.0023751484270350303
-8.397997496871088	-0.12751139985862614	-0.0023983400072943232
-8.3729662077597	-0.1281142039614725	-0.002421880973488923
-8.34793491864831	-0.1287229354663233	-0.002445778495208891
-8.32290362953692	-0.12933768428707115	-0.002470039929106459
-8.297872340425531	-0.1299585421950331	-0.0024946728248361103
-8.272841051314144	-0.1305856028677245	-0.002519684931217404
-8.247809762202753	-0.1312189619391912	-0.0025450842026301795
-8.222778473091363	-0.13185871705195895	-0.0025708788056522515
-8.197747183979974	-0.13250496791066116	-0.002597077125950247
-8.172715894868585	-0.13315781633740917	-0.0026236877754347004
-8.147684605757197	-0.13381736632897165	-0.0026507195996911294
-8.122653316645806	-0.13448372411583343	-0.0026781816856994004
-8.097622027534417	-0.13515699822320562	-0.0027060833698542568
-8.072590738423028	-0.13583729953406484	-0.002734434246300658
-8.047559449311638	-0.13652474135429943	-0.0027632441755981265
-8.02252816020025	-0.13721943948004703	-0.0027925232937291624
-7.9974968710888605	-0.1379215122673102	-0.002822282021467478
-7.972465581977473	-0.13863108070394048	-0.0028525310741226596
-7.947434292866082	-0.13934826848408774	-0.0028832814716787756
-7.922403003754694	-0.14007320208521204	-0.002914544549345238
-7.897371714643305	-0.1408060108477647	-0.0029463319685394136
-7.872340425531914	-0.14154682705764576	-0.002978655728321267
-7.8473091364205265	-0.1422957860315533	-0.0030115281773016294
-7.8222778473091354	-0.14305302620534482	-0.0030449620260467373
-7.797246558197748	-0.14381868922553367	-0.003078970360002888
-7.772215269086359	-0.14459292004405605	-0.003113566652966523
-7.7471839799749675	-0.1453758670164424	-0.0031487647811262094
-7.72215269086358	-0.14616768200354022	-0.0031845790377046765
-7.697121401752189	-0.14696852047694045	-0.003221024148230525
-7.672090112640801	-0.14777854162826368	-0.0032581152864708364
-7.647058823529412	-0.14859790848247745	-0.0032958680910578656
-7.622027534418023	-0.14942678801541587	-0.00333429868284462
-7.596996245306634	-0.1502653512756891	-0.0033734236830263763
-7.571964956195245	-0.15111377351117494	-0.003413260232067139
-7.546933667083856	-0.1519722343002957	-0.003453826009472395
-7.5219023779724665	-0.15284091768829514	-0.003495139254451904
-7.496871088861077	-0.15372001232874	-0.0035372187875188288
-7.471839799749688	-0.15460971163048254	-0.00358008403307427
-7.446808510638299	-0.15551021391033407	-0.003623755043029164
-7.421777221526909	-0.15642172255171044	-0.003668252521518638
-7.39674593241552	-0.15734444616952664	-0.0037135978507672265
-7.371714643304131	-0.15827859878163064	-0.0037598131181669162
-7.346683354192741	-0.15922439998708346	-0.0038069211446337685
-7.321652065081352	-0.16018207515160832	-0.003854945514312915
-7.296620775969963	-0.16115185560054918	-0.0039039106057060817
-7.2715894868585735	-0.16213397881969915	-0.003953841624300379
-7.246558197747184	-0.16312868866437708	-0.004004764636782123
-7.221526908635795	-0.16413623557715282	-0.004056706606924677
-7.196495619524406	-0.165156876814645	-0.0041096954332450805
-7.171464330413016	-0.16619087668383656	-0.004163759988530231
-7.146433041301627	-0.16723850678838198	-0.004218930161340001
-7.121401752190238	-0.16830004628540376	-0.004275236899601624
-7.0963704630788484	-0.169375782153308	-0.004332712256417213
-7.071339173967459	-0.17046600947117616	-0.004391389438214368
-7.04630788485607	-0.1715710317103265	-0.004451302855378513
-7.0212765957446805	-0.17269116103866977	-0.004512488175514851
-6.996245306633291	-0.1738267186385251	-0.004574982379497981
-6.971214017521902	-0.17497803503859763	-0.004638823820477883
-6.946182728410513	-0.1761454504608661	-0.004704052286022701
-6.921151439299123	-0.1773293151831702	-0.0047707090635911815
-6.896120150187734	-0.17852998991833943	-0.004838837009541192
-6.871088861076345	-0.1797478462107546	-0.004908480621895215
-6.8460575719649555	-0.1809832668512904	-0.004979686117099518
-6.821026282853566	-0.1822366463116462	-0.0050525015110305105
-6.795994993742177	-0.18350839119913637	-0.005126976704520239
-6.770963704630788	-0.18479892073307969	-0.005203163573692707
-6.745932415519399	-0.1861086672440012	-0.00528111606542413
-6.720901126408009	-0.18743807669693813	-0.005360890298263429
-6.69586983729662	-0.18878760924022586	-0.005442544669174322
-6.670838548185231	-0.19015773978123193	-0.005526139966487714
-6.645807259073841	-0.19154895859060328	-0.00561173948948242
-6.620775969962453	-0.19296177193669428	-0.005699409175044373
-6.595744680851063	-0.19439670275196336	-0.005789217731889337
-6.570713391739676	-0.19585429133323745	-0.005881236782871687
-6.545682102628285	-0.19733509607788596	-0.005975541015943258
-6.520650813516897	-0.19883969425807665	-0.006072208344370599
-6.495619524405506	-0.20036868283544976	-0.006171320076868184
-6.470588235294117	-0.20192267931869898	-0.006272961098357588
-6.445556946182729	-0.20350232266673937	-0.006377220062121244
-6.420525657071338	-0.20510827424032393	-0.006484189594182031
-6.395494367959951	-0.2067412188051834	-0.006593966510809214
-6.37046307884856	-0.20840186558999374	-0.006706652050127012
-6.34543178973717	-0.21009094940270917	-0.0068223521188839785
-6.320400500625783	-0.21180923180907663	-0.0069411775555327
-6.295369211514392	-0.21355750237742493	-0.007063244410867696
-6.270337922403004	-0.21533657999413783	-0.007188674247578447
-6.245306633291613	-0.21714731425456366	-0.007317594460194112
-6.2202753441802265	-0.21899058693447193	-0.007450138617026917
-6.195244055068836	-0.22086731354758513	-0.00758644682586649
-6.170212765957448	-0.22277844499513166	-0.007726666125335038
-6.145181476846059	-0.22472496931386288	-0.00787095090398943
-6.120150187734667	-0.2267079135294805	-0.008019463349448275
-6.09511889862328	-0.22872834562299788	-0.008172373930035589
-6.070087609511891	-0.2307873766181802	-0.008329861911668388
-6.0450563204005014	-0.23288616279887733	-0.008492115912974921
-6.020025031289112	-0.23502590806582052	-0.008659334501920123
-5.994993742177721	-0.23720786644325742	-0.00883172683753329
-5.9699624530663336	-0.23943334474669872	-0.009009513360688493
-5.9449311639549425	-0.24170370542403097	-0.009192926538282211
-5.919899874843555	-0.24402036958332124	-0.009382211665590584
-5.894868585732166	-0.2463848202218386	-0.009577627732077702
-5.869837296620776	-0.24879860567210585	-0.009779448356469104
-5.844806007509387	-0.2512633432822495	-0.009987962797513112
-5.819774718397998	-0.253780723349495	-0.010203477047530336
-5.7947434292866085	-0.2563525133274116	-0.010426315016611166
-5.769712140175219	-0.25898056232945155	-0.010656819816171458
-5.74468085106383	-0.26166680595347425	-0.010895355151530603
-5.719649561952441	-0.2644132714543293	-0.01114230683424762
-5.694618272841051	-0.26722208329421127	-0.011398084426156214
-5.669586983729662	-0.2700954691034335	-0.011663123028397067
-5.644555694618273	-0.2730357660875369	-0.011937885230276802
-5.619524405506883	-0.27604542792027764	-0.012222863234512486
-5.594493116395494	-0.27912703216609946	-0.012518581177377256
-5.569461827284105	-0.2822832882802176	-0.01282559766447921
-5.5444305381727155	-0.2855170462395041	-0.013144508545421662
-5.519399249061326	-0.2888313058630339	-0.013475949953451964
-5.494367959949937	-0.29222922688749825	-0.01382060163946171
-5.469336670838549	-0.2957141398698327	-0.014179190633413706
-5.444305381727158	-0.2992895579974218	-0.014552495270512812
-5.419274092615769	-0.30295918989527654	-0.014941349624291202
-5.3942428035043815	-0.3067269535297736	-0.015346648394346013
-5.36921151439299	-0.3105969913200444	-0.015769352302859172
-5.344180225281603	-0.314573686581124	-0.016210494061388834
-5.319148936170212	-0.31866168143773616	-0.016671184977909623
-5.2941176470588225	-0.32286589636432034	-0.01715262228388334
-5.269086357947435	-0.327191551525983	-0.01765609727250264
-5.244055068836044	-0.3316441901167291	-0.018183004352428082
-5.219023779724656	-0.3362297039161119	-0.018734851136671126
-5.193992490613266	-0.34095436131376305	-0.019313269704150482
-5.168961201501876	-0.34582483808368203	-0.019920029192332146
-5.1439299123904885	-0.35084825122743407	-0.02055704990383368
-5.1188986232791	-0.35603219624821536	-0.021226419138603868
-5.09386733416771	-0.3613847882671138	-0.02193040899711934
-5.06883604505632	-0.366914707449917	-0.022671496439979698
-5.043804755944931	-0.37263124927881375	-0.02345238593656239
-5.018773466833542	-0.37854438027989656	-0.024276035091530524
-4.993742177722154	-0.3846647999064	-0.025145683704822695
-4.968710888610763	-0.39100400938137686	-0.026064886800580774
-4.943679599499373	-0.3975743884247176	-0.02703755225610918
-4.918648310387985	-0.4043892809314106	-0.028067983776922458
-4.893617021276597	-0.4114630908346203	-0.029160930102590563
-4.868585732165207	-0.4188113895833923	-0.030321641495907794
-4.843554443053817	-0.4264510368964017	-0.03155593477176179
-4.818523153942427	-0.43440031672727214	-0.03287026837063752
-4.793491864831038	-0.44267909070226813	-0.034271829285944605
-4.768460575719651	-0.45130897167830275	-0.03576863402830964
-4.7434292866082615	-0.4603135205312181	-0.03736964627153008
-4.71839799749687	-0.46971846983731863	-0.0390849143970796
-4.69336670838548	-0.47955197877500716	-0.0409257328666515
-4.668335419274092	-0.4898449243726541	-0.042904832243915086
-4.643304130162704	-0.5006312351939731	-0.045036603807995644
-4.618272841051315	-0.5119482747210267	-0.04733736611863457
-4.593241551939924	-0.523837283114562	-0.049825682694428094
-4.568210262828536	-0.5363438877602783	-0.05252274226795597
-4.543178973717147	-0.5495186951207595	-0.055452816041697744
-4.518147684605758	-0.5634179789968409	-0.05864381019775526
-4.4931163954943685	-0.578104483471783	-0.062127936899752795
-4.468085106382977	-0.5936483627055699	-0.0659425335598848
-4.44305381727159	-0.6101282845353626	-0.0701310687701582
-4.418022528160201	-0.6276327307273939	-0.07474438476844013
-4.392991239048811	-0.646261533958961	-0.07984224168444702
-4.367959949937422	-0.6661277004650966	-0.0854952495845894
-4.342928660826031	-0.6873595780603592	-0.09178730264404031
-4.317897371714643	-0.7101034422199767	-0.09881866869942622
-4.292866082603254	-0.734526588246835	-0.10670994145981014
-4.267834793491865	-0.7608210351449229	-0.11560713837106239
-4.2428035043804755	-0.7892079659043709	-0.12568833433820958
-4.217772215269086	-0.8199430473705887	-0.13717237492766024
-4.192740926157699	-0.8533227859091512	-0.15033043463139337
-4.167709637046308	-0.8896920725381677	-0.1655015105291783
-4.142678347934918	-0.9294530324572483	-0.18311342226992455
-4.117647058823529	-0.9730751777803558	-0.20371160853642123
-4.09261576971214	-1.0211065870397724	-0.22799909821046363
-4.067584480600752	-1.074185238146143	-0.2568926962558416
-4.042553191489361	-1.133048377641933	-0.2916029808151284
-4.017521902377972	-1.1985352605219801	-0.3337496517738259
-3.9924906132665825	-1.2715733959054183	-0.3855298204382173
-3.967459324155193	-1.3531277984341223	-0.44996590173044515
-3.9424280350438052	-1.444070853454657	-0.5312725739111223
-3.917396745932415	-1.5448850845033417	-0.6353975256034762
-3.8923654568210257	-1.6550173525386698	-0.7707987823041579
-3.867334167709638	-1.7715125523734154	-0.9494835357536757
-3.8423028785982494	-1.8861915774511782	-1.1881185772388145
-3.8172715894868587	-1.9800697344832376	-1.5082372774666357
-3.7922403003754686	-2.013425481796485	-1.9322314908091056
-3.7672090112640793	-1.9128455923545107	-2.4665682108400677
-3.7421777221526913	-1.5717517935560654	-3.0593810444537985
-3.717146433041303	-0.9121539749101873	-3.546163582633827
-3.6921151439299127	-0.02382754083450815	-3.691542821266836
-3.6670838548185225	0.8107399672794114	-3.4065670050709342
-3.6420525657071328	1.3590078995262442	-2.85796526833355
-3.617021276595745	1.6042061494400477	-2.2739707739102406
-3.5919899874843564	1.6472565264063617	-1.7766947565237707
-3.566958698372966	1.585880056237977	-1.3913383771651038
-3.541927409261576	1.4806122303831333	-1.1027026941219593
-3.5168961201501876	1.3626143182435335	-0.8877048694810584
-3.4918648310387996	1.2462755037661033	-0.7263627163852778
-3.46683354192741	1.137516457980725	-0.6037213043012517
-3.4418022528160197	1.0382361986042605	-0.5091284754120841
-3.4167709637046295	0.9485181049542196	-0.43509816766837345
-3.391739674593241	0.8676882105226797	-0.37635736991503926
-3.366708385481853	0.7948114249415195	-0.3291567497822032
-3.341677096370464	0.7289168762724492	-0.29079680695806487
-3.3166458072590737	0.6690937268261576	-0.2593073383468104
-3.291614518147683	0.6145257463643091	-0.23323072785023238
-3.2665832290362946	0.5644976589337928	-0.21147442441824466
-3.2415519399249066	0.5183892157729569	-0.19320946996260893
-3.2165206508135173	0.47566463756404176	-0.17779986367321945
-3.191489361702127	0.43586100098923447	-0.164752778608001
-3.166458072590739	0.39857715085768175	-0.1536830446736995
-3.14142678347935	0.3634637495337757	-0.1442875159556997
-3.11639549436796	0.33021461439991656	-0.13632637647688145
-3.091364205256571	0.29855928563338874	-0.12960938233067182
-3.0663329161451807	0.2682566823981243	-0.12398566515375083
-3.0413016270337927	0.2390896810251953	-0.11933614355165169
-3.0162703379224034	0.21086045131879597	-0.11556787651808327
-2.991239048811014	0.18338640049005972	-0.1126098918996239
-2.966207759699625	0.15649659039047778	-0.1104101633882424
-2.941176470588234	0.1300285088993571	-0.10893351112281562
-2.916145181476846	0.10382508883213416	-0.10816027711650296
-2.891113892365457	0.07773187692073988	-0.10808568677062229
-2.8660826032540676	0.05159426108984332	-0.1087198586357249
-2.8410513141426783	0.025254666436062917	-0.1100884719653342
-2.816020025031289	-0.0014503708618347974	-0.1122341506409281
-2.790988735919901	-0.028693346770177028	-0.11521867820047241
-2.7659574468085104	-0.05665925174680472	-0.11912622859931142
-2.740926157697121	-0.08554946264701212	-0.12406788981868477
-2.715894868585732	-0.11558618235648661	-0.13018788511704202
-2.6908635794743425	-0.14701754759776015	-0.1376720782707529
-2.6658322903629545	-0.18012351263675408	-0.14675961295063836
-2.6408010012515644	-0.2152225698336062	-0.15775892625674023
-2.615769712140175	-0.25267924934119446	-0.17106996083221918
-2.5907384230287853	-0.29291207482843334	-0.18721528646530358
-2.565707133917396	-0.336401090621189	-0.20688419971677194
-2.540675844806008	-0.3836929181336639	-0.2309959618009134
-2.515644555694618	-0.43539893630082227	-0.2607915572314892
-2.4906132665832286	-0.4921773579456486	-0.29796826216727057
-2.4655819774718406	-0.5546800835686633	-0.34487852089997595
-2.440550688360452	-0.6234247972385588	-0.4048242721249659
-2.4155193992490616	-0.6985104621607083	-0.4824874301420315
-2.3904881101376714	-0.7790072807223455	-0.584534207268565
-2.365456821026282	-0.8616787499735605	-0.7203696161725348
-2.340425531914894	-0.9383821201409461	-0.9027521040454414
-2.3153942428035057	-0.9911056065491741	-1.1470945386379958
-2.2903629536921155	-0.9839422693994745	-1.4659029208953138
-2.2653316645807253	-0.8559294747614961	-1.8506452030276874
-2.2403003754693356	-0.5349004446012183	-2.2356103887400454
-2.2152690863579476	-0.007087931209964529	-2.4772754051384127
-2.190237797246559	0.5988688603246453	-2.440445348683592
-2.165206508135169	1.0829573888999522	-2.1476708233412207
-2.140175219023779	1.3527948679912174	-1.7511586312442922
-2.1151439299123904	1.4456967438503268	-1.3780667016951929
-2.0901126408010025	1.4349543904039952	-1.07657635186187
-2.0650813516896127	1.3753967666784719	-0.847455513292242
-2.0400500625782225	1.2977722590023202	-0.6764764519420676
-2.0150187734668323	1.2170964084749643	-0.548631027123725
-1.989987484355444	1.1399912312729392	-0.45198463385527543
-1.9649561952440555	1.0689717660615283	-0.37785888446003607
-1.939924906132667	1.0046451476828202	-0.3201258622734906
-1.914893617021277	0.9467822142097637	-0.2744791588916955
-1.8898623279098858	0.8948263390392645	-0.23787332396664607
-1.8648310387984974	0.8481291796241381	-0.20813014417638154
-1.839799749687109	0.8060553148125665	-0.18367067060683945
-1.8147684605757206	0.7680244457941571	-0.1633342071947204
-1.7897371714643304	0.73352434321681	-0.14625561130966502
-1.764705882352942	0.7021105893407905	-0.13178137997217593
-1.7396745932415527	0.6734008516872099	-0.11941160101010535
-1.7146433041301625	0.6470673657807586	-0.10875929024107366
-1.6896120150187741	0.6228293151676969	-0.09952153983248441
-1.664580725907384	0.6004458242672901	-0.09145878606068159
-1.6395494367959955	0.5797098105801746	-0.08437972748589417
-1.6145181476846062	0.5604427240967668	-0.07813022378388665
-1.589486858573217	0.5424901071469032	-0.0725850326783225
-1.5644555694618276	0.5257178739657439	-0.06764159388011572
-1.5394242803504374	0.5100092039555565	-0.06321530588140138
-1.514392991239049	0.49526194995641193	-0.05923590301406573
-1.4893617021276597	0.4813864748668368	-0.05564465159589657
-1.4643304130162704	0.4683038428787847	-0.05239216166943759
-1.4392991239048811	0.45594430370913075	-0.049436665583453644
-1.4142678347934918	0.4442460188709581	-0.046742653646136965
-1.3892365456821025	0.4331539880889457	-0.044279785108254276
-1.3642052565707132	0.42261914151180374	-0.04202201308074285
-1.339173967459324	0.41259756958933663	-0.039946876894508064
-1.3141426783479346	0.40304986756289385	-0.0380349264209122
-1.2891113892365453	0.3939405756569721	-0.03626925107346007
-1.264080100125157	0.3852376994257772	-0.03463509236904067
-1.2390488110137667	0.37691229744547805	-0.03311952358494566
-1.2140175219023774	0.3689381257700838	-0.03171118359638508
-1.1889862327909881	0.3612913303839671	-0.030400054701066912
-1.1639549436795988	0.3539501803663272	-0.029177276338837557
-1.1389236545682104	0.3468948356961042	-0.02803498824695489
-1.1138923654568202	0.34010714462149555	-0.02696619786750663
-1.0888610763454318	0.33357046633749776	-0.025964667826446523
-1.0638297872340434	0.3272695153909486	-0.025024820096486787
-1.0387984981226523	0.321190224792057	-0.02414165408610704
-1.013767209011264	0.3153196252757698	-0.02331067640028615
-0.9887359198998737	0.3096457385428547	-0.022527840422868747
-0.9637046307884853	0.3041574826332947	-0.021789494197052027
-0.9386733416770969	0.29884458785475065	-0.021092335345892423
-0.9136420525657085	0.2936975219158309	-0.020433371992056373
-0.8886107634543183	0.28870742310525627	-0.019809888815720777
-0.8635794743429273	0.28386604052021813	-0.01921941754020309
-0.8385481852315388	0.27916568048592627	-0.018659711264013477
-0.8135168961201504	0.2745991584289552	-0.018128722172509406
-0.788485607008762	0.270159755575509	-0.017624582269324715
-0.7634543178973718	0.2658411799501275	-0.01714558687544388
-0.7384230287859816	0.26163753126357264	-0.016690180762525538
-0.7133917396745932	0.2575432694241743	-0.01625694693025838
-0.6883604505632039	0.25355318663125187	-0.01584459822125497
-0.6633291614518155	0.24966238340733235	-0.015451972203392774
-0.6382978723404253	0.24586624969475665	-0.015078030017637615
-0.6132665832290352	0.24216045368498032	-0.014721860031372911
-0.5882352941176467	0.2385409441397752	-0.014382686519997431
-0.5632040050062583	0.23500397781033822	-0.014059880088902403
-0.5381727158948699	0.2315461925986635	-0.01375295375894822
-0.5131414267834788	0.22816475113601947	-0.01346149077722419
-0.48811013767208866	0.22485753049509094	-0.013184866195020071
-0.46307884856070025	0.22162308609176465	-0.0129215610987036
-0.43804755944931184	0.21845962606328045	-0.012668314379762792
-0.41301627033792343	0.2153627984903978	-0.012420857549975016
-0.38798498122653324	0.21232540858583807	-0.012177377019775682
-0.36295369211514483	0.20934130264076212	-0.011940091098315397
-0.33792240300375376	0.20640784456206235	-0.011712108570195685
-0.31289111389236535	0.20352429083154838	-0.011494869218461178
-0.28785982478097694	0.20068991437110884	-0.01128834097638084
-0.26282853566958675	0.19790349459011813	-0.011091904154535294
-0.23779724655819834	0.1951634417038694	-0.01090484903031328
-0.21276595744680904	0.19246798806620047	-0.010726540646851045
-0.18773466833541974	0.18981531131552365	-0.010556445427197884
-0.16270337922403044	0.18720359786329224	-0.01039411787105601
-0.13767209011264026	0.18463107204081908	-0.010239181395655576
-0.11264080100125184	0.1820960078194867	-0.010091312290766943
-0.08760951188986255	0.17959673212400376	-0.009950227926489174
-0.06257822277847325	0.17713162420687117	-0.00981567842562349
-0.03754693366708395	0.1746991132417102	-0.00968744081596204
-0.01251564455569465	0.17229767516783445	-0.009565314883255493
0.01251564455569465	0.16992582927602357	-0.00944912017936342
0.03754693366708395	0.16758213476356193	-0.00933869382018901
0.06257822277847325	0.16526518735956963	-0.009233888832050998
0.08760951188986255	0.16297361605988508	-0.009134572887109463
0.11264080100125184	0.16070607998087472	-0.00904062732187747
0.13767209011264114	0.15846126532733953	-0.008951946367646816
0.16270337922403044	0.156237882463218	-0.00886843654447857
0.18773466833541974	0.15403466307110433	-0.008790016185546541
0.21276595744680726	0.15185035738573224	-0.008716615068805356
0.23779724655819834	0.14968373148652794	-0.008648174139921895
0.26282853566958764	0.14753356463461476	-0.008584645315268645
0.28785982478097694	0.14539864663999044	-0.00852599135724419
0.31289111389236623	0.143277775244911	-0.008472185816725156
0.33792240300375376	0.14116975350969438	-0.008423213039371096
0.36295369211514483	0.13907338718722656	-0.008379068234004144
0.38798498122653235	0.13698748207236822	-0.008339757602508172
0.41301627033792343	0.134910841312223	-0.008305298531733195
0.43804755944931273	0.13284226266285754	-0.008275719848819876
0.46307884856070025	0.1307805356775118	-0.008251062142224631
0.4881101376720913	0.12872443881065	-0.00823137815156794
0.5131414267834788	0.1266727364213328	-0.00821673323027661
0.5381727158948699	0.12462417565833458	-0.008207205885871208
0.5632040050062574	0.1225774832082033	-0.008202888403686336
0.5882352941176467	0.12053136188598974	-0.00820388756082581
0.6132665832290378	0.11848448704669902	-0.008210325438270188
0.6382978723404253	0.11643550279356055	-0.0082223403402941
0.6633291614518164	0.11438301795697672	-0.008240087831741906
0.6883604505632039	0.11232560181545344	-0.008263741905281475
0.7133917396745932	0.11026177952686594	-0.008293496292541036
0.7384230287859808	0.10819002723507688	-0.008329565935071679
0.7634543178973718	0.10610876681307506	-0.00837218863341373
0.7884856070087629	0.10401636019943471	-0.0084216268952316
0.8135168961201504	0.10191110327987704	-0.00847817000658246
0.8385481852315397	0.09979121925999	-0.008542136353973214
0.8635794743429273	0.09765485146859818	-0.008613876029027107
0.8886107634543183	0.0955000555237363	-0.008693773752433149
0.9136420525657059	0.09332479078454424	-0.008782252159514874
0.9386733416770969	0.09112691100243937	-0.008879775496386107
0.9637046307884862	0.08890415407347663	-0.008986853783444333
0.9887359198998737	0.08665413078055786	-0.00910404751211532
1.0137672090112648	0.084374312398866	-0.009231972951578328
1.0387984981226523	0.08206201702016043	-0.009371308155006315
1.0638297872340434	0.07971439443097597	-0.009522799770060158
1.088861076345431	0.07732840935581758	-0.009687270776482721
1.1138923654568202	0.07490082284847441	-0.009865629295272528
1.1389236545682113	0.07242817158191794	-0.010058878639842181
1.1639549436795988	0.06990674474893797	-0.010268128810743942
1.18898623279099	0.06733255824068313	-0.010494609673161048
1.2140175219023774	0.06470132571728439	-0.01073968610191105
1.2390488110137667	0.062008426122142205	-0.011004875434063227
1.264080100125156	0.05924886711737169	-0.011291867636798174
1.2891113892365453	0.05641724382989788	-0.01160254868084202
1.3141426783479364	0.05350769219293909	-0.011939027711509707
1.339173967459324	0.0505138360425212	-0.012303668734992626
1.3642052565707132	0.04742872697886223	-0.012699127693326404
1.3892365456821025	0.044244775822569596	-0.01312839599562385
1.4142678347934918	0.04095367427887789	-0.013594851816262096
1.4392991239048811	0.03754630516137619	-0.014102320776629654
1.4643304130162704	0.0340126392094985	-0.014655148014012714
1.4893617021276597	0.030341616148678807	-0.015258284133367807
1.514392991239049	0.02652100717255046	-0.015917388167246214
1.5394242803504383	0.022537255453034297	-0.01663895147911919
1.5644555694618276	0.01837529058191338	-0.017430447594012997
1.589486858573217	0.014018311985907889	-0.01830051430685855
1.6145181476846044	0.009447535298544793	-0.01925917621175092
1.6395494367959955	0.004641894370033817	-0.020318118164165754
1.6645807259073848	-0.0004223100048571238	-0.021491023341595094
1.6896120150187741	-0.005771825527095847	-0.022793993798806658
1.7146433041301634	-0.011436941293700986	-0.024246077136687333
1.739674593241551	-0.01745207437407509	-0.02586993071130593
1.764705882352942	-0.02385646979240985	-0.02769266555816525
1.7897371714643295	-0.03069503778882049	-0.029746927143069528
1.8147684605757206	-0.03801935695666106	-0.032072291012682136
1.83979974968711	-0.045888876925306354	-0.034717081138342265
1.8648310387984974	-0.05437235905089216	-0.037740761337238665
1.8898623279098885	-0.06354959668310822	-0.04121711186379463
1.914893617021276	-0.07351345504169426	-0.045238493685546784
1.939924906132667	-0.08437225858192546	-0.04992163696653894
1.9649561952440546	-0.09625251903028428	-0.05541559112915172
1.989987484355444	-0.10930191636405108	-0.0619127781100868
2.015018773466835	-0.12369227080572333	-0.06966455562095947
2.0400500625782225	-0.13962188204594808	-0.07900341335422063
2.065081351689613	-0.15731587133441588	-0.09037502965796938
2.090112640801001	-0.17702165126285907	-0.10438510761252971
2.1151439299123904	-0.1989935552939756	-0.12186843311622655
2.1401752190237784	-0.22345428741559115	-0.14399111268329778
2.165206508135169	-0.2505076560869055	-0.17240096643279984
2.1902377972465596	-0.27994978406743487	-0.2094424613657798
2.2152690863579476	-0.31087084794981157	-0.2584392515143396
2.240300375469337	-0.34083576259028486	-0.3239790220612364
2.265331664580725	-0.36427801319701436	-0.41189294740020355
2.2903629536921155	-0.3697075869636788	-0.5279203338997182
2.315394242803503	-0.33635191789519153	-0.6725626932672701
2.340425531914894	-0.23552853656696288	-0.8288829421064566
2.3654568210262834	-0.050149542008236986	-0.9492025500381962
2.3904881101376714	0.18811767246698607	-0.9724309734181015
2.415519399249062	0.40166653343168474	-0.8841675811379289
2.4405506883604495	0.5356888488368291	-0.7345729963249612
2.4655819774718406	0.5921574939609762	-0.5817394659827364
2.490613266583228	0.5989871365680492	-0.4538422643446202
2.515644555694618	0.5808738078538679	-0.3553794055398382
2.5406758448060085	0.5526233942158418	-0.28172569704214123
2.565707133917396	0.521733427836297	-0.2267913168213672
2.590738423028787	0.49162219870167384	-0.18545750486369258
2.6157697121401746	0.46366906444465383	-0.15393082979890502
2.6408010012515644	0.4382914104418492	-0.12951760452852829
2.665832290362953	0.4154757850242067	-0.11032512950164701
2.6908635794743425	0.3950319152746097	-0.09501865008161839
2.7158948685857336	0.37671143608360735	-0.08264730496436266
2.740926157697121	0.3602614998377337	-0.07252489944135418
2.765957446808511	0.34544728284845766	-0.06414930536328063
2.7909887359198997	0.3320598207451879	-0.05714792933872212
2.816020025031289	0.3199171193841702	-0.05124053787426405
2.841051314142678	0.3088623791434135	-0.04621363895742227
2.8660826032540676	0.2987611681231402	-0.04190260915409382
2.8911138923654573	0.28949839901858093	-0.03817906393486164
2.916145181476846	0.28097548410621864	-0.034941818562724616
2.9411764705882355	0.2731078097643461	-0.032110337941735956
2.9662077596996244	0.26582256180090563	-0.029619933126438725
2.991239048811014	0.2590568837280072	-0.02741819846411624
3.0162703379224016	0.25275633098621386	-0.02546234031063353
3.0413016270337927	0.24687357935919252	-0.02371715370305629
3.066332916145182	0.2413673475729925	-0.022153475010635176
3.091364205256571	0.236201498433717	-0.020746987811808313
3.1163954943679606	0.2313442879260228	-0.01947729344852511
3.141426783479348	0.22676773660019822	-0.018327181732794233
3.166458072590739	0.22244710196054746	-0.017282054330464005
3.1914893617021267	0.2183604343281349	-0.016329465569728373
3.2165206508135173	0.21448820180005035	-0.015458754267931207
3.241551939924907	0.21081297252803033	-0.014660746631526727
3.2665832290362946	0.20731914466931176	-0.013927515044859324
3.2916145181476857	0.20399271609926511	-0.013252181100679081
3.316645807259073	0.20082108738811438	-0.012628753874445
3.341677096370464	0.19779289269264272	-0.01205199644358676
3.366708385481852	0.19489785414813893	-0.011517315172461727
3.391739674593241	0.1921266561068394	-0.011020667446790195
3.416770963704632	0.18947083619016308	-0.010558484437434406
3.4418022528160197	0.18692269062993044	-0.01012760616813858
3.4668335419274103	0.18447519179021055	-0.009725226703768358
3.4918648310387983	0.18212191610382267	-0.009348847700740856
3.5168961201501876	0.17985698093977937	-0.00899623889672391
3.5419274092615756	0.17767498915137248	-0.008665404382668386
3.566958698372966	0.17557098024813622	-0.008354553712245319
3.591989987484357	0.17354038729591026	-0.008062077073575256
3.617021276595745	0.1715789987834927	-0.0077865238847876165
3.642052565707134	0.1696829248067142	-0.007526584285408539
3.667083854818522	0.16784856701500706	-0.0072810730852492355
3.6921151439299127	0.1660725918448348	-0.007048915805567111
3.7171464330413	0.1643519066312547	-0.006829136507102283
3.7421777221526913	0.16268363824547472	-0.006620847148746408
3.7672090112640806	0.16106511395428674	-0.0064232382611375234
3.7922403003754686	0.15949384423807855	-0.0062355707530197604
3.817271589486859	0.15796750733895032	-0.006057168696066317
3.8423028785982467	0.15648393534021804	-0.005887412957075006
3.867334167709638	0.1550411016040817	-0.005725735565847343
3.8923654568210253	0.1536371094161464	-0.005571614723330912
3.917396745932415	0.15227018170432852	-0.005424570368284525
3.9424280350438057	0.15093865171595783	-0.005284160232265844
3.967459324155193	0.14964095455094592	-0.005149976322499553
3.9924906132665843	0.14837561946108618	-0.005021641780461633
4.017521902377972	0.14714126283613926	-0.004898808071053482
4.042553191489361	0.14593658180656288	-0.004781152463238776
4.06758448060075	0.14476034840078586	-0.0046683757681445165
4.09261576971214	0.14361140420193566	-0.00456020030501924
4.117647058823531	0.1424886554550739	-0.004456368069213635
4.142678347934918	0.1413910685813788	-0.0043566390795943336
4.167709637046308	0.14031766606044144	-0.0042607898856010015
4.192740926157697	0.1392675226460101	-0.004168612216576818
4.217772215269086	0.13823976188417994	-0.004079911758097562
4.2428035043804755	0.13723355290626954	-0.00399450704184364
4.267834793491865	0.1362481074714894	-0.003912228437140676
4.292866082603254	0.1352826772370439	-0.0038329172336720946
4.317897371714643	0.13433655123556168	-0.0037564248060697686
4.342928660826033	0.13340905354174828	-0.003682611852140318
4.367959949937422	0.1324995411119352	-0.0036113476974057937
4.392991239048811	0.1316074017817852	-0.0035425096594456904
4.418022528160199	0.13073205240883004	-0.0034759824662376434
4.44305381727159	0.1298729371477792	-0.0034116577233195035
4.468085106382979	0.12902952584767327	-0.0033494334251470415
4.4931163954943685	0.12820131256096454	-0.003289213506508296
4.518147684605758	0.12738781415552208	-0.003230907430286594
4.543178973717145	0.12658856902137205	-0.0031744298082455693
4.568210262828536	0.12580313586471886	-0.0031197000518480076
4.593241551939924	0.12503109258245731	-0.0030666420504210875
4.618272841051315	0.12427203521097688	-0.003015183874247708
4.643304130162704	0.12352557694360414	-0.0029652575004022043
4.668335419274092	0.12279134721150875	-0.00291679855936076
4.693366708385483	0.12206899082334408	-0.002869746100606872
4.71839799749687	0.12135816715928854	-0.0028240423756217357
4.7434292866082615	0.12065854941551457	-0.0027796326368011793
4.768460575719649	0.11996982389544306	-0.0027364649509772038
4.793491864831038	0.11929168934443372	-0.0026944900263439625
4.818523153942429	0.11862385632483743	-0.0026536610516981365
4.843554443053817	0.11796604662857896	-0.0026139335470021113
4.868585732165208	0.11731799272466452	-0.002575265224367339
4.8936170212765955	0.11667943723921395	-0.002537615858635515
4.918648310387985	0.11605013246580143	-0.0025009471668072285
4.943679599499372	0.11542983990406222	-0.0024652226956333794
4.968710888610763	0.11481832982467616	-0.0024304077167434284
4.9937421777221545	0.11421538085898375	-0.002396469128738225
5.018773466833542	0.11362077961161884	-0.002363375365723409
5.043804755944931	0.11303432029466369	-0.002331096311803425
5.068836045056319	0.112455804381942	-0.0022996032210960485
5.09386733416771	0.11188504028216434	-0.0022688686428634364
5.118898623279097	0.11132184302973618	-0.0022388663513888355
5.1439299123904885	0.11076603399212082	-0.0022095712802578694
5.168961201501878	0.11021744059273128	-0.0021809594607308533
5.193992490613265	0.10967589604839412	-0.0021530079639172786
5.219023779724656	0.10914123912049725	-0.0021256948464865176
5.244055068836044	0.10861331387899477	-0.0020989990996694726
5.269086357947435	0.10809196947849664	-0.0020729006013248275
5.2941176470588225	0.10757705994572696	-0.002047380070861071
5.319148936170212	0.10706844397767865	-0.0020224190268211322
5.344180225281603	0.10656598474984152	-0.0019979997469512715
5.36921151439299	0.10606954973391877	-0.0019741052305890104
5.3942428035043815	0.10557901052448623	-0.0019507191632172462
5.419274092615769	0.10509424267408629	-0.001927825883042967
5.444305381727158	0.10461512553627741	-0.0019054103494691864
5.469336670838548	0.10414154211619492	-0.0018834581133384035
5.494367959949937	0.10367337892820411	-0.0018619552888344787
5.519399249061328	0.10321052586025442	-0.0018408885269379695
5.5444305381727155	0.10275287604456833	-0.0018202449903373648
5.569461827284105	0.10230032573431969	-0.0018000123297054619
5.594493116395494	0.10185277418598002	-0.001780178661256535
5.619524405506883	0.1014101235470284	-0.0017607325455056603
5.644555694618273	0.10097227874874118	-0.00174166296715704
5.669586983729662	0.10053914740379313	-0.0017229593160530993
5.694618272841051	0.10011063970841938	-0.0017046113691207498
5.719649561952441	0.09968666834890073	-0.0016866092732554705
5.74468085106383	0.09926714841215029	-0.0016689435290878083
5.769712140175219	0.09885199730019147	-0.0016516049755805587
5.7947434292866085	0.09844113464833024	-0.001634584775408269
5.819774718397996	0.09803448224683514	-0.0016178744010738686
5.844806007509387	0.09763196396595002	-0.0016014656217201257
5.869837296620776	0.09723350568407417	-0.001585350490596391
5.894868585732166	0.09683903521895333	-0.0015695213331435231
5.919899874843555	0.09644848226173447	-0.0015539707356623412
5.9449311639549425	0.09606177831374563	-0.0015386915345330368
5.9699624530663336	0.09567885662586838	-0.0015236768059550564
5.994993742177721	0.0952996521403802	-0.0015089198561788536
6.020025031289112	0.09492410143514725	-0.001494414212202619
6.0450563204005014	0.09455214267005879	-0.0014801536129088334
6.07008760951189	0.0941837155355962	-0.0014661320006168982
6.09511889862328	0.0938187612034381	-0.0014523435130296327
6.120150187734667	0.09345722227900748	-0.0014387824755526983
6.145181476846059	0.09309904275587036	-0.0014254433939672527
6.170212765957445	0.09274416797190353	-0.0014123209474373596
6.195244055068836	0.09239254456714867	-0.0013994099818346612
6.2202753441802265	0.09204412044327903	-0.001386705503363968
6.245306633291613	0.0916988447246053	-0.001374202672474241
6.270337922403005	0.09135666772055206	-0.0013618967980404228
6.295369211514392	0.0910175408895414	-0.0013497833318023922
6.320400500625783	0.09068141680421954	-0.0013378578630480228
6.3454317897371695	0.09034824911797043	-0.001326116113528199
6.37046307884856	0.0900179925326584	-0.0013145539325921662
6.395494367959952	0.08969060276754856	-0.0013031672925323825
6.420525657071338	0.08936603652935388	-0.001291952284128533
6.445556946182729	0.0890442514833603	-0.0012809051123809905
6.470588235294116	0.08872520622558654	-0.0012700220924245493
6.495619524405506	0.08840886025593228	-0.0012592996456136899
6.520650813516895	0.08809517395227628	-0.001248734295771207
6.545682102628285	0.08778410854548269	-0.0012383226655923573
6.570713391739676	0.08747562609527998	-0.001228061473197213
6.5957446808510625	0.08716968946697554	-0.0012179475288242089
6.620775969962453	0.08686626230897229	-0.0012079777316582772
6.645807259073841	0.08656530903105548	-0.0011981490667873473
6.670838548185231	0.08626679478341726	-0.00118845860228121
6.695869837296622	0.08597068543639134	-0.0011789034863871855
6.720901126408009	0.085676947560868	-0.00116948094483721
6.745932415519399	0.08538554840936315	-0.0011601882782612967
6.770963704630788	0.08509645589771632	-0.001151022859702579
6.795994993742178	0.08480963858739182	-0.0011419821322293387
6.821026282853566	0.08452506566836093	-0.0011330636066397303
6.8460575719649555	0.0842427069425414	-0.0011242648592550437
6.871088861076346	0.08396253280777431	-0.0011155835297976338
6.896120150187734	0.08368451424231661	-0.0011070173193497756
6.921151439299124	0.08340862278983024	-0.0010985639883899169
6.946182728410513	0.08313483054484935	-0.0010902213549029815
6.971214017521902	0.08286311013870706	-0.0010819872925615052
6.996245306633291	0.08259343472590541	-0.0010738597289745855
7.0212765957446805	0.08232577797091137	-0.0010658366440017336
7.046307884856071	0.08206011403536353	-0.00105791606812888
7.071339173967459	0.08179641756567463	-0.001050096080903912
7.0963704630788484	0.08153466368101471	-0.0010423748094292324
7.121401752190238	0.08127482796166227	-0.0010347504269089722
7.146433041301627	0.08101688643770896	-0.001027221151248574
7.171464330413016	0.08076081557810603	-0.0010197852437045887
7.196495619524406	0.08050659228003974	-0.0010124410075826186
7.221526908635795	0.08025419385862445	-0.0010051867869814415
7.246558197747184	0.08000359803690206	-0.0009980209655814337
7.2715894868585735	0.07975478293613687	-0.000990941965475503
7.296620775969963	0.07950772706639592	-0.00098394824604082
7.321652065081352	0.07926240931740448	-0.0009770383028497123
7.3466833541927405	0.07901880894966753	-0.000970210666618165
7.371714643304131	0.07877690558584782	-0.0009634639021904353
7.39674593241552	0.07853667920239205	-0.00095679660755836
7.421777221526909	0.07829811012139631	-0.0009502074129139894
7.446808510638299	0.07806117900270321	-0.0009436949797342563
7.471839799749687	0.07782586683622231	-0.0009372579998964294
7.496871088861077	0.07759215493446699	-0.0009308951948231632
7.521902377972466	0.07736002492530003	-0.0009246053146560109
7.546933667083856	0.07712945874488134	-0.0009183871374563068
7.571964956195245	0.07690043863081092	-0.0009122394684323805
7.5969962453066335	0.0766729471154609	-0.0009061611391921032
7.622027534418024	0.07644696701949028	-0.0009001510070198155
7.647058823529412	0.07622248144553652	-0.0008942079541767184
7.672090112640802	0.07599947377207823	-0.0008883308872238545
7.697121401752189	0.07577792764746365	-0.0008825187363668427
7.72215269086358	0.07555782698409917	-0.0008767704548215559
7.74718397997497	0.07533915595279346	-0.0008710850181999831
7.772215269086359	0.07512189897725158	-0.0008654614239155254
7.797246558197749	0.07490604072871483	-0.0008598986906070245
7.8222778473091354	0.07469156612074163	-0.0008543958575808475
7.8473091364205265	0.07447846030412482	-0.0008489519842703668
7.872340425531913	0.07426670866194177	-0.0008435661497122287
7.897371714643305	0.07405629680473208	-0.000838237452038782
7.922403003754695	0.07384721056580036	-0.0008329650079861297
7.947434292866082	0.07363943599663902	-0.0008277479524172143
7.972465581977473	0.07343295936246803	-0.00082258543785943
7.99749687108886	0.07322776713788817	-0.0008174766340562498
8.022528160200253	0.07302384600264387	-0.0008124207275323639
8.047559449311638	0.07282118283749316	-0.0008074169211718849
8.072590738423028	0.07261976472018014	-0.0008024644338091376
8.09762202753442	0.07241957892150881	-0.0007975624998316296
8.122653316645806	0.0722206129015136	-0.000792710368794768
8.147684605757199	0.07202285430572443	-0.0007879073050479164
8.172715894868585	0.07182629096152383	-0.0007831525873714352
8.197747183979974	0.07163091087459271	-0.0007784455086242923
8.222778473091363	0.07143670222544286	-0.0007737853754019318
8.247809762202753	0.07124365336603324	-0.0007691715077040223
8.272841051314145	0.07105175281646785	-0.0007646032386117746
8.297872340425531	0.07086098926177288	-0.0007600799139745088
8.32290362953692	0.07067135154875051	-0.0007556008921051518
8.34793491864831	0.07048282868290788	-0.000751165543484395
8.3729662077597	0.07029540982545829	-0.0007467732504732044
8.397997496871088	0.07010908429039323	-0.0007424234070334259
8.423028785982478	0.06992384154162297	-0.0007381154184562171
8.448060075093867	0.06973967119018377	-0.0007338487010980523
8.473091364205256	0.06955656299150997	-0.0007296226821240601
8.498122653316646	0.06937450684276922	-0.0007254367992584542
8.523153942428035	0.0691934927802588	-0.0007212905005418342
8.548185231539424	0.06901351097686179	-0.0007171832440951364
8.573216520650814	0.06883455173956116	-0.0007131144978900249
8.598247809762203	0.06865660550701021	-0.0007090837395255191
8.623279098873592	0.06847966284715801	-0.0007050904560106625
8.648310387984981	0.06830371445492824	-0.0007011341435530447
8.67334167709637	0.06812875114994993	-0.0006972143073529926
8.69837296620776	0.06795476387433892	-0.0006933304614032556
8.72340425531915	0.06778174369052846	-0.0006894821282940173
8.748435544430539	0.0676096817791478	-0.0006856688390230676
8.773466833541928	0.06743856943694751	-0.0006818901328109772
8.798498122653317	0.06726839807477016	-0.0006781455569211245
8.823529411764707	0.0670991592155653	-0.0006744346664844239
8.848560700876096	0.06693084449244759	-0.0006707570243286182
8.873591989987485	0.06676344564679688	-0.0006671122008119914
8.898623279098874	0.06659695452639927	-0.0006634997736613755
8.92365456821026	0.0664313630836279	-0.0006599193278143205
8.948685857321653	0.06626666337366258	-0.000656370455265299
8.973717146433042	0.0661028475527476	-0.0006528527549158399
8.998748435544432	0.06593990787648589	-0.0006493658324284552
9.023779724655821	0.06577783669816951	-0.0006459093000842663
9.048811013767207	0.06561662646714513	-0.0006424827766442121
9.0738423028786	0.06545626972721343	-0.0006390858872137346
9.098873591989985	0.06529675911506236	-0.0006357182631108506
9.123904881101378	0.06513808735873208	-0.0006323795417374911
9.148936170212767	0.0649802472761125	-0.0006290693664540427
9.173967459324153	0.06482323177347088	-0.0006257873864569709
9.198998748435546	0.06466703384401007	-0.0006225332566594552
9.224030037546932	0.0645116465664561	-0.0006193066375749493
9.249061326658325	0.06435706310367417	-0.000616107195203568
9.27409261576971	0.06420327670131311	-0.0006129346009212458
9.2991239048811	0.06405028068647647	-0.0006097885313715621
9.324155193992492	0.063898068466421	-0.0006066686683601826
9.349186483103878	0.06374663352728063	-0.0006035746987518283
9.374217772215271	0.06359596943281598	-0.0006005063143697017
9.399249061326657	0.06344606982318879	-0.0005974632118973186
9.424280350438046	0.06329692841376021	-0.0005944450927826535
9.449311639549435	0.06314853899391316	-0.0005914516631445601
9.474342928660825	0.06300089542589743	-0.0005884826336813864
9.499374217772218	0.06285399164369729	-0.0005855377195817335
9.524405506883603	0.06270782165192151	-0.0005826166404372998
9.549436795994993	0.0625623795247142	-0.0005797191201577445
9.574468085106382	0.06241765940468725	-0.0005768448868875342
9.599499374217771	0.062273655501872985	-0.0005739936729246985
9.62453066332916	0.06213036209269689	-0.0005711652146414597
9.64956195244055	0.06198777351896994	-0.0005683592524066767
9.67459324155194	0.061845884186899944	-0.0005655755305100596
9.699624530663328	0.061704688566121824	-0.0005628137970881075
9.724655819774718	0.061564181188745924	-0.0005600738040517222
9.749687108886107	0.06142435664842426	-0.000557355307015455
9.774718397997496	0.06128520959943429	-0.0005546580652283448
9.799749687108886	0.06114673475577958	-0.0005519818415063032
9.824780976220275	0.061008926890307416	-0.0005493264021660094
9.849812265331664	0.060871780833842405	-0.0005466915169602732
9.874843554443054	0.060735291474336296	-0.0005440769590148308
9.899874843554443	0.060599453756033254	-0.000541482504766533
9.924906132665832	0.06046426267865043	-0.0005389079339028942
9.949937421777221	0.06032971329657345	-0.0005363530293029637
9.97496871088861	0.0601958007180665	-0.0005338175769794888
10.0	0.06006252010449668	-0.000531301366022334
