-10.0	-0.050631989471951404	-0.0003946885946653302
-9.97496871088861	-0.050730966364592095	-0.00039623491142429506
-9.949937421777221	-0.05083033136438793	-0.00039779034401344964
-9.924906132665832	-0.0509300867611899	-0.0003993549643232203
-9.899874843554443	-0.05103023486292171	-0.0004009288449552122
-9.874843554443054	-0.051130777995758714	-0.00040251205923068264
-9.849812265331664	-0.05123171850430897	-0.0004041046811991345
-9.824780976220275	-0.05133305875179644	-0.00040570678564702696
-9.799749687108886	-0.05143480112024638	-0.0004073184481066111
-9.774718397997496	-0.05153694801067306	-0.00040893974486488796
-9.749687108886107	-0.051639501843269556	-0.00041057075297269306
-9.724655819774718	-0.051742465057599926	-0.00041221155025390906
-9.699624530663328	-0.05184584011279383	-0.0004138622153148085
-9.67459324155194	-0.0519496294877432	-0.0004155228275535288
-9.64956195244055	-0.052053835681301626	-0.0004171934671696822
-9.62453066332916	-0.05215846121248593	-0.00041887421517410105
-9.599499374217771	-0.05226350862068026	-0.00042056515339872316
-9.574468085106382	-0.05236898046584275	-0.00042226636450661795
-9.549436795994993	-0.05247487932871458	-0.0004239779320021556
-9.524405506883603	-0.05258120781103169	-0.0004256999402413223
-9.499374217772216	-0.052687968535739045	-0.00042743247444218367
-9.474342928660825	-0.0527951641472076	-0.00042917562069549935
-9.449311639549435	-0.05290279731145373	-0.0004309294659754888
-9.424280350438046	-0.053010870716361735	-0.00043269409815075555
-9.399249061326657	-0.05311938707190872	-0.0004344696059953665
-9.37421777221527	-0.053228349110392544	-0.00043625607920009575
-9.349186483103878	-0.05333775958666242	-0.00043805360838382876
-9.32415519399249	-0.05344762127835244	-0.00043986228510513347
-9.2991239048811	-0.05355793698611813	-0.00044168220187400253
-9.274092615769712	-0.053668709533875744	-0.0004435134521637644
-9.249061326658325	-0.05377994176904473	-0.0004453561304231719
-9.224030037546934	-0.05389163656279322	-0.00044721033208866676
-9.198998748435546	-0.054003796810286456	-0.00044907615359682484
-9.173967459324155	-0.05411642543093861	-0.0004509536923969869
-9.148936170212767	-0.054229525368667514	-0.00045284304696407415
-9.123904881101378	-0.05434309959215287	-0.00045474431681159533
-9.098873591989987	-0.05445715109509747	-0.0004566576025048463
-9.0738423028786	-0.05457168289649198	-0.00045858300567430655
-9.048811013767208	-0.05468669804088299	-0.0004605206290292359
-9.023779724655821	-0.05480219959864445	-0.0004624705763714735
-8.998748435544432	-0.05491819066625268	-0.000464432952609446
-8.973717146433042	-0.0550346743665648	-0.00046640786377238327
-8.948685857321653	-0.05515165384910083	-0.0004683954170247507
-8.923654568210262	-0.05526913229032942	-0.00047039572068089763
-8.898623279098874	-0.05538711289395713	-0.00047240888421992824
-8.873591989987485	-0.055505598891221745	-0.0004744350183007979
-8.848560700876096	-0.05562459354118901	-0.00047647423477763804
-8.823529411764707	-0.05574410013105358	-0.00047852664671531493
-8.798498122653317	-0.05586412197644364	-0.0004805923684052264
-8.773466833541928	-0.05598466242172966	-0.0004826715153813387
-8.748435544430539	-0.056105724840337136	-0.00048476420443647095
-8.72340425531915	-0.05622731263506332	-0.0004868705536388282
-8.69837296620776	-0.05634942923839838	-0.00048899068234879
-8.67334167709637	-0.056472078112850474	-0.0004911247112359577
-8.648310387984981	-0.05659526275127537	-0.0004932727622964658
-8.623279098873592	-0.0567189866772103	-0.0004954349588705605
-8.598247809762203	-0.05684325344521226	-0.0004976114256604535
-8.573216520650814	-0.05696806664120084	-0.0004998022887484513
-8.548185231539424	-0.057093429882805545	-0.0005020076756153694
-8.523153942428035	-0.0572193468197179	-0.0005042277151592337
-8.498122653316646	-0.05734582113404808	-0.0005064625377142753
-8.473091364205256	-0.05747285654068648	-0.000508712275070224
-8.448060075093867	-0.057600456787670035	-0.0005109770604919051
-8.423028785982478	-0.05772862565655355	-0.0005132570287391467
-8.397997496871088	-0.057857366962786066	-0.0005155523160870008
-8.3729662077597	-0.05798668455609215	-0.0005178630603462858
-8.34793491864831	-0.05811658232085863	-0.0005201894008844562
-8.32290362953692	-0.0582470641765263	-0.0005225314786468029
-8.297872340425531	-0.05837813407798725	-0.0005248894361779949
-8.272841051314144	-0.05850979601598733	-0.0005272634176439635
-8.247809762202753	-0.05864205401753442	-0.0005296535688541391
-8.222778473091363	-0.05877491214631204	-0.000532060037284045
-8.197747183979974	-0.05890837450309882	-0.0005344829720982556
-8.172715894868585	-0.05904244522619373	-0.0005369225241737265
-8.147684605757197	-0.05917712849184712	-0.0005393788461235014
-8.122653316645806	-0.05931242851469781	-0.0005418520923208053
-8.097622027534417	-0.059448349548216164	-0.0005443424189235271
-8.072590738423028	-0.059584895885153435	-0.0005468499838991061
-8.047559449311638	-0.05972207185799731	-0.0005493749470498222
-8.02252816020025	-0.05985988183943382	-0.0005519174700385008
-7.9974968710888605	-0.059998330242815805	-0.0005544777164146435
-7.972465581977473	-0.06013742152263787	-0.000557055851640984
-7.947434292866082	-0.060277160175018066	-0.0005596520431204879
-7.922403003754694	-0.060417550738186415	-0.0005622664602237954
-7.897371714643305	-0.06055859779298027	-0.0005648992743171229
-7.872340425531914	-0.060700305963346794	-0.000567550658790626
-7.8473091364205265	-0.0608426799168525	-0.0005702207890872354
-7.8222778473091354	-0.06098572436520016	-0.0005729098427319797
-7.797246558197748	-0.061129444064752916	-0.0005756179993617915
-7.772215269086359	-0.061273843817066194	-0.0005783454407558228
-7.7471839799749675	-0.06141892846942695	-0.0005810923508662644
-7.72215269086358	-0.06156470291540089	-0.0005838589158496893
-7.697121401752189	-0.06171117209538754	-0.0005866453240989264
-7.672090112640801	-0.06185834099718323	-0.0005894517662754726
-7.647058823529412	-0.06200621465655242	-0.0005922784353424591
-7.622027534418023	-0.062154798157807306	-0.0005951255265981798
-7.596996245306634	-0.06230409663439566	-0.0005979932377101898
-7.571964956195245	-0.0624541152694976	-0.0006008817687499922
-7.546933667083856	-0.06260485929663087	-0.0006037913222283197
-7.5219023779724665	-0.06275633400026502	-0.0006067221031310219
-7.496871088861077	-0.06290854471644472	-0.0006096743189555765
-7.471839799749688	-0.06306149683342233	-0.0006126481797482289
-7.446808510638299	-0.0632151957922995	-0.000615643898141779
-7.421777221526909	-0.06336964708767884	-0.000618661689394024
-7.39674593241552	-0.0635248562683247	-0.0006217017714268744
-7.371714643304131	-0.06368082893783424	-0.0006247643648661518
-7.346683354192741	-0.06383757075531828	-0.0006278496930820857
-7.321652065081352	-0.06399508743609254	-0.0006309579822305235
-7.296620775969963	-0.06415338475237903	-0.0006340894612948653
-7.2715894868585735	-0.06431246853401829	-0.0006372443621287416
-7.246558197747184	-0.06447234466919219	-0.000640422919499447
-7.221526908635795	-0.06463301910515772	-0.0006436253711321451
-7.196495619524406	-0.06479449784899194	-0.0006468519577548617
-7.171464330413016	-0.0649567869683483	-0.0006501029231442824
-7.146433041301627	-0.06511989259222448	-0.0006533785141723689
-7.121401752190238	-0.06528382091174188	-0.000656678980853814
-7.0963704630788484	-0.06544857818093727	-0.0006600045763943509
-7.071339173967459	-0.06561417071756649	-0.0006633555572399346
-7.04630788485607	-0.06578060490392051	-0.0006667321831268134
-7.0212765957446805	-0.06594788718765421	-0.0006701347171325101
-6.996245306633291	-0.06611602408262801	-0.0006735634257277313
-6.971214017521902	-0.06628502216976248	-0.0006770185788292228
-6.946182728410513	-0.06645488809790634	-0.0006805004498535943
-6.921151439299123	-0.06662562858471814	-0.0006840093157721308
-6.896120150187734	-0.06679725041756152	-0.0006875454571666124
-6.871088861076345	-0.06696976045441472	-0.0006911091582861646
-6.8460575719649555	-0.06714316562479437	-0.0006947007071051615
-6.821026282853566	-0.06731747293069389	-0.0006983203953822005
-6.795994993742177	-0.06749268944753674	-0.0007019685187201782
-6.770963704630788	-0.06766882232514482	-0.0007056453766274833
-6.745932415519399	-0.0678458787887223	-0.0007093512725803376
-6.720901126408009	-0.0680238661398552	-0.0007130865140863057
-6.69586983729662	-0.06820279175752686	-0.0007168514127489966
-6.670838548185231	-0.06838266309914992	-0.000720646284333991
-6.645807259073841	-0.0685634877016148	-0.0007244714488360142
-6.620775969962453	-0.06874527318235503	-0.0007283272305473808
-6.595744680851063	-0.0689280272404301	-0.0007322139581277467
-6.570713391739676	-0.06911175765762556	-0.0007361319646751865
-6.545682102628285	-0.06929647229957145	-0.0007400815877986375
-6.520650813516897	-0.06948217911687843	-0.0007440631696917279
-6.495619524405506	-0.06966888614629325	-0.0007480770572080312
-6.470588235294117	-0.0698566015118725	-0.0007521236019377686
-6.445556946182729	-0.07004533342617612	-0.0007562031602860003
-6.420525657071338	-0.07023509019148061	-0.0007603160935523332
-6.395494367959951	-0.07042588020101204	-0.0007644627680121791
-6.37046307884856	-0.07061771194019996	-0.0007686435549996036
-6.34543178973717	-0.07081059398795185	-0.0007728588309917923
-6.320400500625783	-0.07100453501794905	-0.0007771089776951823
-6.295369211514392	-0.07119954379996454	-0.0007813943821332875
-6.270337922403004	-0.07139562920120238	-0.0007857154367362572
-6.245306633291613	-0.07159280018766037	-0.0007900725394322149
-6.2202753441802265	-0.07179106582551525	-0.0007944660937404075
-6.195244055068836	-0.07199043528253175	-0.0007988965088662175
-6.170212765957448	-0.07219091782949523	-0.0008033641997980685
-6.145181476846059	-0.07239252284166908	-0.0008078695874062793
-6.120150187734667	-0.07259525980027694	-0.0008124130985439073
-6.09511889862328	-0.07279913829401027	-0.000816995166149621
-6.070087609511891	-0.07300416802056206	-0.0008216162293526642
-6.0450563204005014	-0.07321035878818676	-0.0008262767335799418
-6.020025031289112	-0.07341772051728747	-0.0008309771306652935
-5.994993742177721	-0.07362626324203046	-0.000835717878960996
-5.9699624530663336	-0.07383599711198811	-0.000840499443451552
-5.9449311639549425	-0.07404693239381019	-0.0008453222958698185
-5.919899874843555	-0.07425907947292464	-0.0008501869148155254
-5.894868585732166	-0.07447244885526838	-0.0008550937858762545
-5.869837296620776	-0.0746870511690483	-0.0008600434017509185
-5.844806007509387	-0.07490289716653366	-0.0008650362623758172
-5.819774718397998	-0.07511999772588016	-0.000870072875053323
-5.7947434292866085	-0.07533836385298655	-0.000875153754583263
-5.769712140175219	-0.07555800668338429	-0.0008802794233970607
-5.74468085106383	-0.07577893748416126	-0.0008854504116947076
-5.719649561952441	-0.07600116765591965	-0.0008906672575846291
-5.694618272841051	-0.07622470873476947	-0.0008959305072265198
-5.669586983729662	-0.07644957239435803	-0.0009012407149772177
-5.644555694618273	-0.0766757704479361	-0.0009065984435396963
-5.619524405506883	-0.07690331485046166	-0.0009120042641152432
-5.594493116395494	-0.07713221770074227	-0.0009174587565589164
-5.569461827284105	-0.07736249124361644	-0.0009229625095383483
-5.5444305381727155	-0.07759414787217501	-0.0009285161206959872
-5.519399249061326	-0.07782720013002381	-0.000934120196814861
-5.494367959949937	-0.07806166071358768	-0.0009397753539879504
-5.469336670838549	-0.07829754247445762	-0.0009454822177912637
-5.444305381727158	-0.07853485842178143	-0.0009512414234607085
-5.419274092615769	-0.0787736217246989	-0.0009570536160728488
-5.3942428035043815	-0.07901384571482281	-0.0009629194507296599
-5.36921151439299	-0.07925554388876642	-0.0009688395927473706
-5.344180225281603	-0.07949872991071857	-0.0009748147178495007
-5.319148936170212	-0.07974341761506769	-0.0009808455123642107
-5.2941176470588225	-0.07998962100907533	-0.0009869326734260571
-5.269086357947435	-0.08023735427560084	-0.0009930769091822892
-5.244055068836044	-0.08048663177587805	-0.0009992789390037874
-5.219023779724656	-0.0807374680523449	-0.0010055394937007686
-5.193992490613266	-0.08098987783152821	-0.0010118593157433964
-5.168961201501876	-0.0812438760269832	-0.0010182391594874027
-5.1439299123904885	-0.08149947774229063	-0.00102467979140487
-5.1188986232791	-0.08175669827411206	-0.0010311819903203092
-5.09386733416771	-0.08201555311530437	-0.001037746547652163
-5.06883604505632	-0.08227605795809563	-0.0010443742676598897
-5.043804755944931	-0.08253822869732305	-0.0010510659676967755
-5.018773466833542	-0.082802081433735	-0.001057822478468625
-4.993742177722154	-0.08306763247735792	-0.0010646446442984898
-4.968710888610763	-0.08333489835093057	-0.0010715333233976064
-4.943679599499373	-0.08360389579340613	-0.0010784893881426916
-4.918648310387985	-0.08387464176352477	-0.0010855137253597987
-4.893617021276597	-0.08414715344345747	-0.0010926072366148855
-4.868585732165207	-0.0844214482425235	-0.0010997708385112985
-4.843554443053817	-0.08469754380098271	-0.0011070054629943493
-4.818523153942427	-0.08497545799390499	-0.0011143120576631936
-4.793491864831038	-0.08525520893511816	-0.0011216915860902043
-4.768460575719651	-0.08553681498123678	-0.0011291450281480562
-4.7434292866082615	-0.08582029473577328	-0.0011366733803447305
-4.71839799749687	-0.08610566705333378	-0.0011442776561666691
-4.69336670838548	-0.08639295104390048	-0.0011519588864303027
-4.668335419274092	-0.0866821660772029	-0.0011597181196421962
-4.643304130162704	-0.08697333178717989	-0.0011675564223680524
-4.618272841051315	-0.08726646807653501	-0.001175474879610828
-4.593241551939924	-0.08756159512138707	-0.0011834745951982246
-4.568210262828536	-0.08785873337601868	-0.0011915566921798172
-4.543178973717147	-0.08815790357772528	-0.0011997223132341225
-4.518147684605758	-0.08845912675176643	-0.0012079726210858573
-4.4931163954943685	-0.08876242421642286	-0.0012163087989337227
-4.468085106382977	-0.08906781758816146	-0.001224732050888998
-4.44305381727159	-0.08937532878691082	-0.0012332436024252674
-4.418022528160201	-0.08968498004145063	-0.0012418447008396218
-4.392991239048811	-0.08999679389491724	-0.0012505366157256495
-4.367959949937422	-0.09031079321042886	-0.001259320639458596
-4.342928660826031	-0.09062700117683307	-0.0012681980876930352
-4.317897371714643	-0.09094544131458021	-0.0012771702998734353
-4.292866082603254	-0.09126613748172571	-0.0012862386397580203
-4.267834793491865	-0.09158911388006433	-0.0012954044959563023
-4.2428035043804755	-0.09191439506140063	-0.0013046692824807294
-4.217772215269086	-0.0922420059339585	-0.0013140344393128645
-4.192740926157699	-0.09257197176893361	-0.0013235014329845433
-4.167709637046308	-0.09290431820719289	-0.001333071757174482
-4.142678347934918	-0.09323907126612428	-0.0013427469333207947
-4.117647058823529	-0.09357625734664168	-0.0013525285112499425
-4.09261576971214	-0.09391590324034821	-0.0013624180698226
-4.067584480600752	-0.09425803613686307	-0.0013724172175969918
-4.042553191489361	-0.09460268363131569	-0.0013825275935102405
-4.017521902377972	-0.09494987373201176	-0.0013927508675782917
-3.9924906132665825	-0.09529963486827661	-0.0014030887416150257
-3.967459324155193	-0.09565199589847977	-0.001413542949971149
-3.9424280350438052	-0.09600698611824612	-0.0014241152602935134
-3.917396745932415	-0.0963646352688594	-0.0014348074743055232
-3.8923654568210257	-0.09672497354586199	-0.0014456214286093037
-3.867334167709638	-0.0970880316078581	-0.0014565589955103536
-3.8423028785982494	-0.09745384058552493	-0.0014676220838654118
-3.8172715894868587	-0.0978224320908379	-0.0014788126399543024
-3.7922403003754686	-0.09819383822651627	-0.0014901326483765464
-3.7672090112640793	-0.0985680915956953	-0.0015015841329735788
-3.7421777221526913	-0.09894522531183128	-0.0015131691577774116
-3.717146433041303	-0.09932527300884636	-0.001524889827986634
-3.6921151439299127	-0.09970826885151975	-0.0015367482909706795
-3.6670838548185225	-0.10009424754613264	-0.0015487467373033038
-3.6420525657071328	-0.10048324435137451	-0.001560887401826291
-3.617021276595745	-0.1008752950895179	-0.0015731725647444008
-3.5919899874843564	-0.10127043615786985	-0.0015856045527526522
-3.566958698372966	-0.10166870454050833	-0.0015981857401970486
-3.541927409261576	-0.10207013782031162	-0.0016109185502699102
-3.5168961201501876	-0.10247477419129006	-0.0016238054562410435
-3.4918648310387996	-0.10288265247122862	-0.0016368489827259752
-3.46683354192741	-0.10329381211465014	-0.001650051706992596
-3.4418022528160197	-0.10370829322610847	-0.0016634162603075477
-3.4167709637046295	-0.10412613657382196	-0.0016769453293237996
-3.391739674593241	-0.1045473836036576	-0.0016906416575108857
-3.366708385481853	-0.10497207645347652	-0.0017045080466293382
-3.341677096370464	-0.1054002579678521	-0.0017185473582509347
-3.3166458072590737	-0.10583197171317218	-0.001732762515326422
-3.291614518147683	-0.10626726199313742	-0.0017471565038024743
-3.2665832290362946	-0.10670617386466846	-0.001761732374289692
-3.2415519399249066	-0.1071487531542343	-0.0017764932437835553
-3.2165206508135173	-0.10759504647461605	-0.0017914422974402969
-3.191489361702127	-0.10804510124211891	-0.001806582790409763
-3.166458072590739	-0.10849896569424765	-0.0018219180497274258
-3.14142678347935	-0.10895668890786041	-0.001837451476267797
-3.11639549436796	-0.10941832081781598	-0.0018531865467615845
-3.091364205256571	-0.1098839122361307	-0.0018691268158790555
-3.0663329161451807	-0.11035351487166245	-0.0018852759183821712
-3.0413016270337927	-0.11082718135033788	-0.001901637571348168
-3.0162703379224034	-0.1113049652359424	-0.001918215576467403
-2.991239048811014	-0.1117869210514902	-0.0019350138224183719
-2.966207759699625	-0.11227310430119514	-0.0019520362873229862
-2.941176470588234	-0.11276357149306189	-0.0019692870412853117
-2.916145181476846	-0.11325838016211881	-0.001986770249017116
-2.891113892365457	-0.1137575888943147	-0.0020044901725537628
-2.8660826032540676	-0.11426125735110164	-0.0020224511740641058
-2.8410513141426783	-0.11476944629472842	-0.0020406577187582634
-2.816020025031289	-0.1152822176142688	-0.0020591143778973062
-2.790988735919901	-0.11579963435241049	-0.0020778258319090895
-2.7659574468085104	-0.11632176073303205	-0.0020967968736146907
-2.740926157697121	-0.11684866218959471	-0.0021160324115700765
-2.715894868585732	-0.11738040539437976	-0.0021355374735279454
-2.6908635794743425	-0.11791705828860023	-0.0021553172100248204
-2.6658322903629545	-0.11845869011341983	-0.0021753768980988207
-2.6408010012515644	-0.11900537144191167	-0.002195721945143763
-2.615769712140175	-0.1195571742119907	-0.0022163578929055247
-2.5907384230287853	-0.12011417176035724	-0.0022372904216269585
-2.565707133917396	-0.12067643885748745	-0.0022585253543478943
-2.540675844806008	-0.12124405174371156	-0.0022800686613671773
-2.515644555694618	-0.12181708816641951	-0.0023019264648740058
-2.4906132665832286	-0.12239562741843743	-0.0023241050437562195
-2.4655819774718406	-0.12297975037761996	-0.002346610838593651
-2.440550688360452	-0.12356953954770449	-0.0023694504568449962
-2.4155193992490616	-0.12416507910047686	-0.0023926306782371997
-2.3904881101376714	-0.12476645491929894	-0.002416158460366775
-2.365456821026282	-0.12537375464405293	-0.002440040944523073
-2.340425531914894	-0.12598706771755722	-0.002464285461743981
-2.3153942428035057	-0.12660648543351305	-0.0024888995391151685
-2.2903629536921155	-0.12723210098604393	-0.002513890906324642
-2.2653316645807253	-0.12786400952089116	-0.0025392675024849503
-2.2403003754693356	-0.1285023081883349	-0.00256503748323623
-2.2152690863579476	-0.1291470961979099	-0.0025912092281438802
-2.190237797246559	-0.1297984748749917	-0.0026177913484055956
-2.165206508135169	-0.13045654771933066	-0.0026447926948832694
-2.140175219023779	-0.13112142046561612	-0.002672222366476212
-2.1151439299123904	-0.13179320114615742	-0.002700089718853173
-2.0901126408010025	-0.13247200015577165	-0.0027284043735616064
-2.0650813516896127	-0.133157930318974	-0.002757176227533844
-2.0400500625782225	-0.13385110695957037	-0.0027864154630109603
-2.0150187734668323	-0.1345516479727586	-0.0028161325579064847
-1.989987484355444	-0.13525967389984875	-0.0028463382966334564
-1.9649561952440555	-0.13597530800571964	-0.002877043781419782
-1.939924906132667	-0.13669867635913496	-0.002908260444138521
-1.914893617021277	-0.13742990791604878	-0.002940000058681346
-1.8898623279098858	-0.1381691346060383	-0.0029722747539053644
-1.8648310387984974	-0.1389164914220073	-0.0030050970271853607
-1.839799749687109	-0.1396721165133145	-0.003038479758605766
-1.8147684605757206	-0.14043615128248776	-0.0030724362258288413
-1.7897371714643304	-0.14120874048569387	-0.0031069801196780896
-1.764705882352942	-0.14199003233714608	-0.003142125560478621
-1.7396745932415527	-0.14278017861763898	-0.0031778871151989753
-1.7146433041301625	-0.14357933478741383	-0.003214279815442093
-1.6896120150187741	-0.14438766010356757	-0.003251319176336458
-1.664580725907384	-0.1452053177422335	-0.0032890212163820625
-1.6395494367959955	-0.14603247492577384	-0.003327402478309811
-1.6145181476846062	-0.14686930305523954	-0.0033664800510172107
-1.589486858573217	-0.14771597784836918	-0.0034062715926478325
-1.5644555694618276	-0.14857267948341468	-0.0034467953548870714
-1.5394242803504374	-0.14943959274910057	-0.0034880702085521406
-1.514392991239049	-0.15031690720104263	-0.003530115670560198
-1.4893617021276597	-0.15120481732497323	-0.0035729519323649496
-1.4643304130162704	-0.15210352270714314	-0.0036165998899590677
-1.4392991239048811	-0.15301322821229363	-0.0036610811755474746
-1.4142678347934918	-0.15393414416961962	-0.003706418191004836
-1.3892365456821025	-0.15486648656717314	-0.0037526341432397845
-1.3642052565707132	-0.15581047725518601	-0.003799753081598337
-1.339173967459324	-0.1567663441588249	-0.0038477999374499005
-1.3141426783479346	-0.15773432150092775	-0.0038968005661112015
-1.2891113892365453	-0.15871465003530846	-0.003946781791276609
-1.264080100125157	-0.15970757729125987	-0.0039977714521376734
-1.2390488110137667	-0.16071335782993065	-0.004049798453390561
-1.2140175219023774	-0.16173225351330017	-0.004102892818347353
-1.1889862327909881	-0.16276453378653152	-0.0041570857453865065
-1.1639549436795988	-0.16381047597453904	-0.004212409667998638
-1.1389236545682104	-0.16487036559367263	-0.004268898318707299
-1.1138923654568202	-0.16594449667949	-0.004326586797170034
-1.0888610763454318	-0.16703317213166272	-0.004385511642793423
-1.0638297872340434	-0.16813670407714879	-0.004445710912227568
-1.0387984981226523	-0.16925541425284996	-0.004507224262140126
-1.013767209011264	-0.17038963440907598	-0.004570093037708993
-0.9887359198998737	-0.1715397067352451	-0.00463436036731597
-0.9637046307884853	-0.17270598430936906	-0.004700071263971433
-0.9386733416770969	-0.17388883157300378	-0.004767272734053974
-0.9136420525657085	-0.17508862483349014	-0.004836013894008343
-0.8886107634543183	-0.17630575279546915	-0.004906346095712067
-0.8635794743429273	-0.17754061712383123	-0.0049783230612956576
-0.8385481852315388	-0.17879363304045198	-0.005052001028285176
-0.8135168961201504	-0.1800652299572838	-0.005127438906029949
-0.788485607008762	-0.18135585214860472	-0.0052046984444837525
-0.7634543178973718	-0.1826659594654948	-0.005283844416527019
-0.7384230287859816	-0.1839960280958961	-0.005364944815151552
-0.7133917396745932	-0.18534655137394132	-0.005448071066981037
-0.6883604505632039	-0.1867180406425932	-0.005533298263771875
-0.6633291614518155	-0.18811102617404066	-0.00562070541373329
-0.6382978723404253	-0.18952605815274698	-0.005710375714726271
-0.6132665832290352	-0.19096370772654506	-0.005802396851651631
-0.5882352941176467	-0.19242456813174005	-0.005896861320623399
-0.5632040050062583	-0.19390925589880761	-0.005993866782849818
-0.5381727158948699	-0.19541841214598368	-0.006093516451517224
-0.5131414267834788	-0.1969527039688419	-0.006195919515399523
-0.48811013767208866	-0.19851282593484887	-0.006301191603406465
-0.46307884856070025	-0.20009950169290647	-0.006409455294848517
-0.43804755944931184	-0.20171348570903275	-0.006520840680846536
-0.41301627033792343	-0.2033555651406378	-0.006635485983066258
-0.38798498122653324	-0.20502656186332424	-0.006753538236827897
-0.36295369211514483	-0.20672733466582344	-0.006875154046651061
-0.33792240300375376	-0.20845878163059203	-0.007000500423470066
-0.31289111389236535	-0.21022184271977817	-0.00712975571412414
-0.28785982478097694	-0.21201750258877208	-0.007263110635328513
-0.26282853566958675	-0.21384679365241935	-0.0074007694262078665
-0.23779724655819834	-0.2157107994322768	-0.0075429511356782455
-0.21276595744680904	-0.21761065821708742	-0.0076898910635600955
-0.18773466833541974	-0.21954756707303105	-0.00784184237737236
-0.16270337922403044	-0.22152278624538388	-0.00799907793039213
-0.13767209011264026	-0.22353764399909826	-0.008161892310882327
-0.11264080100125184	-0.22559354195265385	-0.008330604157536718
-0.08760951188986255	-0.22769196096749922	-0.008505558782345423
-0.06257822277847325	-0.22983446766471227	-0.008687131149465182
-0.03754693366708395	-0.23202272165141496	-0.008875729267563432
-0.01251564455569465	-0.23425848355228385	-0.009071798063835202
0.01251564455569465	-0.23654362395658082	-0.009275823820899063
0.03754693366708395	-0.23888013340893866	-0.00948833927360394
0.06257822277847325	-0.2412701335932251	-0.009709929482108911
0.08760951188986255	-0.24371588988385445	-0.009941238621304105
0.11264080100125184	-0.2462198254687436	-0.01018297785583517
0.13767209011264114	-0.24878453728373862	-0.010435934506103499
0.16270337922403044	-0.25141281404102295	-0.010700982755480008
0.18773466833541974	-0.2541076566853104	-0.010979096204977262
0.21276595744680726	-0.2568723016734436	-0.011271362651883216
0.23779724655819834	-0.2597102475477481	-0.011579001557446858
0.26282853566958764	-0.26262528536408475	-0.01190338478099757
0.28785982478097694	-0.2656215336457095	-0.012246061301014133
0.31289111389236623	-0.2687034786683358	-0.01260878682716203
0.33792240300375376	-0.27187602104596104	-0.012993559444009883
0.36295369211514483	-0.2751445297881214	-0.013402662734368239
0.38798498122653235	-0.2785149052460688	-0.013838718231641078
0.41301627033792343	-0.2819936526687501	-0.014304749578787497
0.43804755944931273	-0.2855879684624858	-0.01480426147153979
0.46307884856070025	-0.28930584170673	-0.01534133739842188
0.4881101376720913	-0.2931561740404151	-0.01592076144862456
0.5131414267834788	-0.29714892171949997	-0.016548171167176422
0.5381727158948699	-0.3012952644767848	-0.017230250776308104
0.5632040050062574	-0.3056078068060023	-0.01797497731507849
0.5882352941176467	-0.31010081844669435	-0.01879193676072707
0.6132665832290378	-0.3147905221356552	-0.01969273355353713
0.6382978723404253	-0.31969543801861744	-0.020691526002344307
0.6633291614518164	-0.3248367952481801	-0.02180573308435672
0.6883604505632039	-0.3302390217229279	-0.02305697713100709
0.7133917396745932	-0.33593032160248004	-0.024472354833916993
0.7384230287859808	-0.34194334506310314	-0.026086170615455172
0.7634543178973718	-0.348315941562682	-0.02794232906060905
0.7884856070087629	-0.35509195837100677	-0.030097678408918853
0.8135168961201504	-0.36232198375316005	-0.032626743302524984
0.8385481852315397	-0.37006380569140196	-0.03562851040631536
0.8635794743429273	-0.378382094675015	-0.03923627766392662
0.8886107634543183	-0.3873462833965143	-0.04363210537774504
0.9136420525657059	-0.3970245167806684	-0.0490681775586428
0.9386733416770969	-0.4074692747608448	-0.05589839506615873
0.9637046307884862	-0.41868556434060766	-0.06462446144992531
0.9887359198998737	-0.4305629077380628	-0.07596009773231799
1.0137672090112648	-0.44273321983688907	-0.09090947488386095
1.0387984981226523	-0.4542829871822267	-0.11082450365306368
1.0638297872340434	-0.46320966833539506	-0.13730344205887032
1.088861076345431	-0.46556895444913216	-0.1715263696800573
1.1138923654568202	-0.45482538201712236	-0.21219420706421252
1.1389236545682113	-0.42373056081203014	-0.25168669495359297
1.1639549436795988	-0.37213693776558254	-0.27463491252300176
1.18898623279099	-0.3148209812503795	-0.26823079534532185
1.2140175219023774	-0.2719808982125874	-0.23679848373773107
1.2390488110137667	-0.2514491089929843	-0.19643981111365907
1.264080100125156	-0.24853001140135048	-0.15940592410559357
1.2891113892365453	-0.25573886675639657	-0.12993933667391352
1.3141426783479364	-0.2677214549262442	-0.10783454536859556
1.339173967459324	-0.2815353227578438	-0.09157745207396618
1.3642052565707132	-0.29576411425585497	-0.07965025162025917
1.3892365456821025	-0.309795803535214	-0.07086411190502095
1.4142678347934918	-0.3234098006364954	-0.0643597834931543
1.4392991239048811	-0.33656679883208196	-0.05953237309778477
1.4643304130162704	-0.34930674709773135	-0.055957786021741174
1.4893617021276597	-0.3617005513395751	-0.05333699709955887
1.514392991239049	-0.37382780865648374	-0.051457120941651335
1.5394242803504383	-0.38576703469971485	-0.050164971519182096
1.5644555694618276	-0.3975918380710864	-0.049349217269969436
1.589486858573217	-0.4093698789769594	-0.0489282925586216
1.6145181476846044	-0.42116308317136103	-0.04884213985601918
1.6395494367959955	-0.43302837551833323	-0.04904651087897772
1.6645807259073848	-0.4450185852046559	-0.049508992713912944
1.6896120150187741	-0.45718336481541527	-0.05020621081015763
1.7146433041301634	-0.46957005854554357	-0.05112184615475981
1.739674593241551	-0.48222449977734594	-0.052245224534493956
1.764705882352942	-0.49519173932839805	-0.053570314830986454
1.7897371714643295	-0.5085167149625852	-0.05509502567099596
1.8147684605757206	-0.5222448763484716	-0.05682072493207125
1.83979974968711	-0.5364227806211654	-0.05875193061650475
1.8648310387984974	-0.5510986736121503	-0.060896138327771784
1.8898623279098885	-0.5663230714386358	-0.06326376253097185
1.914893617021276	-0.5821493568825684	-0.06586817761537743
1.939924906132667	-0.5986344050382992	-0.06872585162761402
1.9649561952440546	-0.6158392531749112	-0.07185657119506779
1.989987484355444	-0.6338298307160697	-0.0752837611905543
2.015018773466835	-0.6526777667508152	-0.0790349075613663
2.0400500625782225	-0.6724612946277265	-0.0831420968626916
2.065081351689613	-0.693266276047265	-0.08764269179444324
2.090112640801001	-0.7151873707778227	-0.09258016887750031
2.1151439299123904	-0.7383293828422343	-0.09800515284112071
2.1401752190237784	-0.7628088199599894	-0.10397669298954587
2.165206508135169	-0.7887557104468516	-0.11056384064790506
2.1902377972465596	-0.8163157309883835	-0.11784760494383523
2.2152690863579476	-0.8456527101037651	-0.12592338830576078
2.240300375469337	-0.8769515861502987	-0.13490403545750124
2.265331664580725	-0.9104219158814463	-0.144923673635534
2.2903629536921155	-0.9463020503488367	-0.15614258194819938
2.315394242803503	-0.9848641196916119	-0.16875341104970779
2.340425531914894	-1.0264199970709147	-0.18298919060375646
2.3654568210262834	-1.0713284437945432	-0.19913372615533811
2.3904881101376714	-1.1200036697974243	-0.21753522116188806
2.415519399249062	-1.1729255696026184	-0.2386242975649965
2.4405506883604495	-1.2306518997519231	-0.2629380806458137
2.4655819774718406	-1.2938326209220015	-0.2911527401201785
2.490613266583228	-1.3632264793397886	-0.3241279627706487
2.515644555694618	-1.4397195340668407	-0.3629684658124845
2.5406758448060085	-1.5243445235749882	-0.40911014922038874
2.565707133917396	-1.618298256144255	-0.4644423076330427
2.590738423028787	-1.7229506957142022	-0.531483218108783
2.6157697121401746	-1.8398322461844696	-0.613635489479625
2.6408010012515644	-1.9705710917486376	-0.7155612841812816
2.665832290362953	-2.1167223629990315	-0.8437373606064958
2.6908635794743425	-2.279368693708947	-1.0072752305616686
2.7158948685857336	-2.4582428694329734	-1.219112368592685
2.740926157697121	-2.6498593458699564	-1.4976513403942822
2.765957446808511	-2.843624862093914	-1.8686868750640429
2.7909887359198997	-3.014019421887704	-2.3665245156288
2.816020025031289	-3.1060934710255736	-3.03024344803733
2.841051314142678	-3.0138907497331378	-3.883696876176692
2.8660826032540676	-2.568917866232142	-4.87778307541846
2.8911138923654573	-1.6045426703207566	-5.794175487543919
2.916145181476846	-0.16767749930458004	-6.241469404416562
2.9411764705882355	1.331037999906938	-5.9556528613624495
2.9662077596996244	2.423268852305184	-5.111065845672198
2.991239048811014	2.977976728482909	-4.107531837269885
3.0162703379224016	3.135533931717057	-3.2122534228389297
3.0413016270337927	3.0746973173645302	-2.5049653883924266
3.066332916145182	2.916237288254798	-1.9718166333323661
3.091364205256571	2.724932065437503	-1.5745078714997556
3.1163954943679606	2.5315717961180813	-1.2769488635046224
3.141426783479348	2.3493357609950447	-1.051380199455909
3.166458072590739	2.1829148479912184	-0.8778461628043891
3.1914893617021267	2.033107967344106	-0.7422967996517381
3.2165206508135173	1.8990439058911786	-0.6348499781622153
3.241551939924907	1.779230224574223	-0.5484991159109853
3.2665832290362946	1.6720350970676952	-0.4782162187986685
3.2916145181476857	1.5758974194241493	-0.42034357935245115
3.316645807259073	1.4894079140503869	-0.37218281619585114
3.341677096370464	1.4113302131092451	-0.3317157585045554
3.366708385481852	1.3405952790498354	-0.29741301971801953
3.391739674593241	1.2762852051667124	-0.26810114838519694
3.416770963704632	1.2176139726188635	-0.2428692561071287
3.4418022528160197	1.1639085901113915	-0.22100254545621778
3.4668335419274103	1.1145920179917956	-0.20193438905460795
3.4918648310387983	1.069168308467899	-0.18521136038634778
3.5168961201501876	1.0272099477901018	-0.17046741793142514
3.5419274092615756	0.9883471995431192	-0.15740463542715796
3.566958698372966	0.9522591873444649	-0.14577866750079857
3.591989987484357	0.9186664530967883	-0.1353876784467115
3.617021276595745	0.8873247498744241	-0.12606383022162337
3.642052565707134	0.858019860021508	-0.11766668045433144
3.667083854818522	0.8305632612922154	-0.11007801937497082
3.6921151439299127	0.8047884934760501	-0.10319780043168926
3.7171464330413	0.7805481037168313	-0.09694090921492249
3.7421777221526913	0.7577110704944012	-0.0912345800830223
3.7672090112640806	0.7361606242987767	-0.08601631701539625
3.7922403003754686	0.715792397862091	-0.08123220982203204
3.817271589486859	0.6965128509286155	-0.07683556245932267
3.8423028785982467	0.6782379244052732	-0.07278576932725521
3.867334167709638	0.6608918867539265	-0.06904738981020575
3.8923654568210253	0.6444063420075881	-0.06558938222678774
3.917396745932415	0.6287193741005168	-0.062384466675473246
3.9424280350438057	0.6137748065301006	-0.0594085926564272
3.967459324155193	0.5995215599044262	-0.0566404922942499
3.9924906132665843	0.5859130928256793	-0.05406130383333741
4.017521902377972	0.5729069139378725	-0.05165425308845274
4.042553191489361	0.5604641549258205	-0.04940438290285556
4.06758448060075	0.5485491958697872	-0.04729832254160015
4.09261576971214	0.5371293356997393	-0.04532409043918244
4.117647058823531	0.5261745016059914	-0.043470924913039166
4.142678347934918	0.5156569921901037	-0.04172913841201534
4.167709637046308	0.5055512499145155	-0.04008999164154717
4.192740926157697	0.49583365905857735	-0.03854558453343531
4.217772215269086	0.4864823659340922	-0.03708876153760445
4.2428035043804755	0.477477118573236	-0.03571302912958744
4.267834793491865	0.4687991234901757	-0.03441248376898253
4.292866082603254	0.4604309174468756	-0.03318174882532704
4.317897371714643	0.4523562524332206	-0.03201591922019856
4.342928660826033	0.44455999230977195	-0.030910512727046195
4.367959949937422	0.4370280197648547	-0.02986142703058344
4.392991239048811	0.4297471524117707	-0.028864901781411
4.418022528160199	0.42270506700131716	-0.027917484993611456
4.44305381727159	0.41589023085326243	-0.02701600322719205
4.468085106382979	0.4092918397211988	-0.02615753507655365
4.4931163954943685	0.4028997614008419	-0.025339387553153583
4.518147684605758	0.3967044844747292	-0.02455907500728678
4.543178973717145	0.3906970716581181	-0.023814300282111255
4.568210262828536	0.38486911727338813	-0.02310293783409639
4.593241551939924	0.37921270843470495	-0.02242301858911965
4.618272841051315	0.37372038957219844	-0.021772716333426985
4.643304130162704	0.3683851299665097	-0.02115033546440526
4.668335419274092	0.3632002940009312	-0.02055429994823007
4.693366708385483	0.3581596138703647	-0.01998314335051831
4.71839799749687	0.3532571645144134	-0.01943549982257293
4.7434292866082615	0.34848734056667047	-0.018910095940050557
4.768460575719649	0.3438448351341429	-0.01840574330323786
4.793491864831038	0.3393246202400134	-0.017921331818849327
4.818523153942429	0.3349219287800726	-0.017455823592606133
4.843554443053817	0.3306322378582728	-0.017008247370000073
4.868585732165208	0.3264512533803212	-0.01657769346976727
4.8936170212765955	0.3223748957962021	-0.016163309160828997
4.918648310387985	0.3183992868931438	-0.015764294438918188
4.943679599499372	0.31452073755008286	-0.015379898163912817
4.968710888610763	0.3107357363731283	-0.015009414523116304
4.9937421777221545	0.3070409391391458	-0.014652179789448121
5.018773466833542	0.30343315898135403	-0.014307569346789157
5.043804755944931	0.29990935725692847	-0.013974994957630039
5.068836045056319	0.29646663504208304	-0.013653902250739832
5.09386733416771	0.2931022252049965	-0.013343768408848846
5.118898623279097	0.28981348501139953	-0.013044100038363309
5.1439299123904885	0.2865978892215996	-0.01275443120492509
5.168961201501878	0.28345302364134445	-0.01247432162023238
5.193992490613265	0.2803765790921434	-0.012203354966961262
5.219023779724656	0.27736634576962715	-0.011941137349903364
5.244055068836044	0.27442020796117156	-0.011687295862571763
5.269086357947435	0.2715361390964154	-0.011441477259545108
5.2941176470588225	0.2687121971065022	-0.011203346725733584
5.319148936170212	0.26594652006983743	-0.010972586734566532
5.344180225281603	0.2632373221239769	-0.01074889598783838
5.36921151439299	0.2605828896248842	-0.010531988430608465
5.3942428035043815	0.25798157753629425	-0.010321592335145447
5.419274092615769	0.2554318060332898	-0.010117449448443335
5.444305381727158	0.25293205730541846	-0.00991931419831776
5.469336670838548	0.2504808725458363	-0.009726952953529166
5.494367959949937	0.24807684911397992	-0.00954014333377243
5.519399249061328	0.2457186378602281	-0.009358673565730072
5.5444305381727155	0.24340494060187948	-0.009182341881708989
5.569461827284105	0.24113450774056389	-0.009010955957673367
5.594493116395494	0.23890613601194335	-0.008844332387752769
5.619524405506883	0.23671866635921654	-0.00868229619254505
5.644555694618273	0.23457098192256498	-0.008524680358753735
5.669586983729662	0.23246200613723947	-0.008371325407898887
5.694618272841051	0.23039070093350678	-0.008222078992022413
5.719649561952441	0.22835606503215475	-0.008076795514474443
5.74468085106383	0.22635713232969631	-0.007935335774018597
5.769712140175219	0.22439297036781752	-0.007797566630632013
5.7947434292866085	0.22246267888199206	-0.007663360691502112
5.819774718397996	0.22056538842453058	-0.007532596015837423
5.844806007509387	0.21870025905765123	-0.007405155837215295
5.869837296620776	0.21686647911245957	-0.007280928302286232
5.894868585732166	0.21506326400999037	-0.0071598062247427135
5.919899874843555	0.21328985514072857	-0.007041686853542312
5.9449311639549425	0.21154551879925276	-0.0069264716544489985
5.9699624530663336	0.20982954517086572	-0.006814066104025297
5.994993742177721	0.20814124736728185	-0.006704379495271118
6.020025031289112	0.20647996050861855	-0.006597324754162592
6.0450563204005014	0.20484504084912858	-0.006492818266398335
6.07008760951189	0.20323586494425466	-0.006390779713708909
6.09511889862328	0.2016518288567531	-0.00629113191913125
6.120150187734667	0.20009234739976325	-0.006193800700691287
6.145181476846059	0.19855685341483414	-0.006098714732976493
6.170212765957445	0.19704479708304307	-0.006005805416116222
6.195244055068836	0.19555564526744476	-0.0059150067517197875
6.2202753441802265	0.1940888808852107	-0.005826255225353768
6.245306633291613	0.1926440023078998	-0.005739489695167116
6.270337922403005	0.19122052278840485	-0.005654651286299535
6.295369211514392	0.1898179699132037	-0.005571683290732538
6.320400500625783	0.18843588507861514	-0.005490531072264574
6.3454317897371695	0.1870738229898501	-0.005411141976313281
6.37046307884856	0.1857313511817013	-0.005333465244266165
6.395494367959952	0.18440804955979676	-0.005257451932119887
6.420525657071338	0.18310350996139008	-0.005183054833164192
6.445556946182729	0.18181733573472567	-0.00511022840448238
6.470588235294116	0.18054914133607244	-0.005038928697054734
6.495619524405506	0.1792985519435602	-0.004969113289264065
6.520650813516895	0.17806520308701443	-0.004900741223615878
6.545682102628285	0.1768487402930155	-0.004833772946496369
6.570713391739676	0.17564881874446195	-0.00476817025080303
6.5957446808510625	0.17446510295394801	-0.004703896221292183
6.620775969962453	0.17329726645030716	-0.004640915182497413
6.645807259073841	0.17214499147770831	-0.0045791926490817165
6.670838548185231	0.17100796870671936	-0.004518695278494085
6.695869837296622	0.16988589695678924	-0.00445939082580922
6.720901126408009	0.16877848292962455	-0.0044012481006360064
6.745932415519399	0.16768544095296406	-0.004344236925987126
6.770963704630788	0.1666064927342846	-0.004288328099008563
6.795994993742178	0.1655413671239879	-0.004233493353473353
6.821026282853566	0.164489799887649	-0.004179705323949687
6.8460575719649555	0.16345153348692212	-0.0041269375115584005
6.871088861076346	0.16242631686872389	-0.004075164251239838
6.896120150187734	0.16141390526233085	-0.004024360680454493
6.921151439299124	0.16041405998404668	-0.003974502709246085
6.946182728410513	0.1594265482491125	-0.003925566991599756
6.971214017521902	0.15845114299054824	-0.003877530898031683
6.996245306633291	0.15748762268462918	-0.0038303724893500027
7.0212765957446805	0.15653577118271617	-0.0037840704915301842
7.046307884856071	0.1555953775491708	-0.0037386042716510536
7.071339173967459	0.15466623590510084	-0.003693953814840627
7.0963704630788484	0.15374814527769246	-0.0036500997021835886
7.121401752190238	0.15284090945489748	-0.0036070230895448494
7.146433041301627	0.15194433684525527	-0.0035647056872660132
7.171464330413016	0.15105824034263865	-0.0035231297406938815
7.196495619524406	0.1501824371957236	-0.0034822780115022337
7.221526908635795	0.1493167488819905	-0.0034421337597701695
7.246558197747184	0.14846100098607573	-0.003402680726782184
7.2715894868585735	0.14761502308229837	-0.003363903118516942
7.296620775969963	0.1467786486211964	-0.0033257855897934224
7.321652065081352	0.14595171481991343	-0.0032883132290446667
7.3466833541927405	0.14513406255628405	-0.0032514715436909175
7.371714643304131	0.14432553626647396	-0.0032152464460853
7.39674593241552	0.14352598384603554	-0.0031796242400066186
7.421777221526909	0.14273525655424713	-0.0031445916076749936
7.446808510638299	0.14195320892160912	-0.0031101355972673926
7.471839799749687	0.14117969866037705	-0.0030762436109111513
7.496871088861077	0.14041458657801434	-0.0030429033931346616
7.521902377972466	0.1396577364934564	-0.003010103019755505
7.546933667083856	0.13890901515607704	-0.002977830887187084
7.571964956195245	0.1381682921672597	-0.0029460757021459636
7.5969962453066335	0.13743543990447293	-0.0029148264717427253
7.622027534418024	0.13671033344775935	-0.002884072493940175
7.647058823529412	0.13599285050854895	-0.0028538033483633965
7.672090112640802	0.13528287136071007	-0.0028240088874468537
7.697121401752189	0.13458027877375842	-0.002794679227904578
7.72215269086358	0.1338849579481435	-0.002765804742509907
7.74718397997497	0.1331967964525399	-0.00273737605217215
7.772215269086359	0.13251568416306928	-0.0027093840182978485
7.797246558197749	0.13184151320438464	-0.0026818197354250683
7.8222778473091354	0.1311741778925521	-0.002654674524119659
7.8473091364205265	0.13051357467966354	-0.002627939924122777
7.872340425531913	0.12985960210012287	-0.0026016076877397203
7.897371714643305	0.12921216071854344	-0.0025756697734602286
7.922403003754695	0.12857115307920428	-0.002550118339801204
7.947434292866082	0.12793648365700738	-0.0025249457393629053
7.972465581977473	0.12730805880988688	-0.002500144513090249
7.99749687108886	0.12668578673261988	-0.0024757073847312032
8.022528160200253	0.12606957741198885	-0.0024516272554844735
8.047559449311638	0.1254593425832536	-0.002427897198829251
8.072590738423028	0.12485499568788347	-0.002404510455529844
8.09762202753442	0.12425645183251224	-0.0023814604288086008
8.122653316645806	0.12366362774907176	-0.0023587406796805716
8.147684605757199	0.12307644175606473	-0.0023363449224437552
8.172715894868585	0.12249481372094177	-0.002314267020319123
8.197747183979974	0.12191866502354207	-0.0022925009812346056
8.222778473091363	0.12134791852056671	-0.00227104095374778
8.247809762202753	0.12078249851104805	-0.002249881223101979
8.272841051314145	0.12022233070278368	-0.00222901620741087
8.297872340425531	0.11966734217970407	-0.0022084404539667833
8.32290362953692	0.1191174613701425	-0.0021881486356681436
8.34793491864831	0.11857261801598024	-0.0021681355475617285
8.3729662077597	0.11803274314263681	-0.0021483961034954777
8.397997496871088	0.11749776902987988	-0.0021289253328778636
8.423028785982478	0.11696762918342843	-0.002109718377539963
8.448060075093867	0.11644225830732371	-0.002090770488696516
8.473091364205256	0.11592159227704454	-0.0020720770240024314
8.498122653316646	0.11540556811334338	-0.0020536334447013105
8.523153942428035	0.11489412395678038	-0.0020354353128627352
8.548185231539424	0.11438719904293437	-0.0020174782887051545
8.573216520650814	0.11388473367826961	-0.0019997581280013733
8.598247809762203	0.11338666921663801	-0.001982270679563722
8.623279098873592	0.11289294803639754	-0.0019650118828061394
8.648310387984981	0.1124035135181282	-0.0019479777653804758
8.67334167709637	0.11191831002292718	-0.0019311644408844604
8.69837296620776	0.11143728287126556	-0.0019145681066388457
8.72340425531915	0.11096037832239036	-0.0018981850415313623
8.748435544430539	0.11048754355425486	-0.0018820116039251927
8.773466833541928	0.11001872664396171	-0.0018660442296297708
8.798498122653317	0.10955387654870385	-0.0018502794299317883
8.823529411764707	0.10909294308718806	-0.0018347137896843814
8.848560700876096	0.10863587692152736	-0.0018193439654525306
8.873591989987485	0.10818262953958833	-0.0018041666837128017
8.898623279098874	0.10773315323777988	-0.001789178739105611
8.92365456821026	0.10728740110427117	-0.0017743769927382686
8.948685857321653	0.10684532700262528	-0.0017597583705371129
8.973717146433042	0.10640688555583841	-0.001745319861647158
8.998748435544432	0.10597203213077055	-0.0017310585168776253
9.023779724655821	0.10554072282295854	-0.001716971447191927
9.048811013767207	0.10511291444179956	-0.0017030558222406256
9.0738423028786	0.1046885644960945	-0.0016893088689359638
9.098873591989985	0.10426763117994227	-0.0016757278700666738
9.123904881101378	0.10385007335897274	-0.0016623101629516857
9.148936170212767	0.1034358505569119	-0.0016490531381315972
9.173967459324153	0.10302492294246714	-0.0016359542380965974
9.198998748435546	0.10261725131652552	-0.001623010956049752
9.224030037546932	0.10221279709965615	-0.0016102208347045309
9.249061326658325	0.10181152231990706	-0.0015975814651154351
9.27409261576971	0.10141338960089058	-0.0015850904855407876
9.2991239048811	0.10101836215014684	-0.0015727455803365657
9.324155193992492	0.10062640374778027	-0.001560544478880416
9.349186483103878	0.10023747873535992	-0.001548484954524848
9.374217772215271	0.09985155200507688	-0.0015365648235787037
9.399249061326657	0.09946858898915284	-0.0015247819443161023
9.424280350438046	0.09908855564949133	-0.0015131342160119095
9.449311639549435	0.09871141846756692	-0.0015016195780030305
9.474342928660825	0.09833714443454464	-0.0014902360087746592
9.499374217772218	0.09796570104162419	-0.001478981525070767
9.524405506883603	0.0975970562706036	-0.0014678541810281014
9.549436795994993	0.09723117858465423	-0.0014568520673329474
9.574468085106382	0.09686803691930523	-0.001445973310400035
9.599499374217771	0.09650760067362832	-0.0014352160715728642
9.62453066332916	0.09614983970162008	-0.001424578546344858
9.64956195244055	0.09579472430377572	-0.0014140589636007013
9.67459324155194	0.09544222521884932	-0.0014036555848772779
9.699624530663328	0.09509231361579618	-0.0013933667036436326
9.724655819774718	0.09474496108589218	-0.00138319064459939
9.749687108886107	0.0944001396350258	-0.0013731257629911013
9.774718397997496	0.0940578216761585	-0.001363170443945993
9.799749687108886	0.09371798002194894	-0.0013533231018226122
9.824780976220275	0.09338058787753717	-0.001343582179577883
9.849812265331664	0.09304561883348458	-0.0013339461481500978
9.874843554443054	0.09271304685886572	-0.0013244135058573918
9.899874843554443	0.0923828462945082	-0.0013149827778112541
9.924906132665832	0.09205499184637711	-0.0013056525153446459
9.949937421777221	0.09172945857910023	-0.0012964212954543186
9.97496871088861	0.0914062219096303	-0.0012872877202569212
10.0	0.09108525760104176	-0.001278250416458515
