-10.0	-0.09851030874065773	-0.0013950163642258073
-9.97496871088861	-0.0988606153088099	-0.0014051287549381208
-9.949937421777221	-0.09921346486965579	-0.0014153525690839975
-9.924906132665832	-0.09956888547940836	-0.0014256894583912726
-9.899874843554443	-0.09992690561065888	-0.0014361411053962273
-9.874843554443054	-0.10028755416015125	-0.0014467092241368061
-9.849812265331664	-0.10065086045673104	-0.0014573955608641177
-9.824780976220275	-0.10101685426947452	-0.0014682018947727625
-9.799749687108886	-0.10138556581600189	-0.0014791300387505782
-9.774718397997496	-0.10175702577098016	-0.0014901818401483705
-9.749687108886107	-0.10213126527482001	-0.0015013591815702637
-9.724655819774718	-0.10250831594257266	-0.001512663981685287
-9.699624530663328	-0.10288820987303171	-0.0015240981960608687
-9.67459324155194	-0.10327097965804516	-0.001535663818018897
-9.64956195244055	-0.10365665839204397	-0.0015473628795150678
-9.62453066332916	-0.10404527968179275	-0.001559197452042235
-9.599499374217771	-0.10443687765636844	-0.0015711696475585164
-9.574468085106382	-0.10483148697737352	-0.0015832816194409393
-9.549436795994993	-0.10522914284939017	-0.0015955355634654275
-9.524405506883603	-0.10562988103068183	-0.0016079337188139638
-9.499374217772216	-0.10603373784414948	-0.0016204783691097992
-9.474342928660825	-0.1064407501885491	-0.0016331718434816043
-9.449311639549435	-0.10685095554997798	-0.0016460165176574737
-9.424280350438046	-0.10726439201363779	-0.0016590148150897816
-9.399249061326657	-0.10768109827588143	-0.0016721692081118483
-9.37421777221527	-0.10810111365655216	-0.0016854822191274767
-9.349186483103878	-0.10852447811162341	-0.0016989564218344198
-9.32415519399249	-0.10895123224614754	-0.0017125944424828832
-9.2991239048811	-0.10938141732752278	-0.0017263989611702442
-9.274092615769712	-0.10981507529908667	-0.0017403727131731345
-9.249061326658325	-0.11025224879404717	-0.0017545184903181824
-9.224030037546934	-0.11069298114975909	-0.0017688391423926512
-9.198998748435546	-0.11113731642235714	-0.0017833375785963306
-9.173967459324155	-0.11158529940175643	-0.001798016769036081
-9.148936170212767	-0.11203697562702973	-0.0018128797462644247
-9.123904881101378	-0.11249239140217437	-0.0018279296068637308
-9.098873591989987	-0.1129515938122788	-0.0018431695130774926
-9.0738423028786	-0.11341463074010136	-0.0018586026944903318
-9.048811013767208	-0.11388155088307432	-0.0018742324497584165
-9.023779724655821	-0.11435240377074414	-0.0018900621483919735
-8.998748435544432	-0.11482723978266303	-0.0019060952325917705
-8.973717146433042	-0.11530611016674425	-0.001922335219141376
-8.948685857321653	-0.11578906705809536	-0.0019387857013571821
-8.923654568210262	-0.11627616349834494	-0.0019554503510982126
-8.898623279098874	-0.11676745345547639	-0.0019723329208377895
-8.873591989987485	-0.11726299184418616	-0.0019894372457992956
-8.848560700876096	-0.1177628345467811	-0.002006767246158257
-8.823529411764707	-0.11826703843463258	-0.002024326929313144
-8.798498122653317	-0.11877566139020446	-0.002042120392227346
-8.773466833541928	-0.11928876232967316	-0.002060151823844871
-8.748435544430539	-0.11980640122615817	-0.0020784255075824497
-8.72340425531915	-0.12032863913358219	-0.002096945823900807
-8.69837296620776	-0.12085553821118174	-0.0021157172529579966
-8.67334167709637	-0.12138716174868784	-0.0021347443773478006
-8.648310387984981	-0.1219235741921992	-0.0021540318849263317
-8.623279098873592	-0.12246484117076975	-0.002173584571730092
-8.598247809762203	-0.12301102952373388	-0.0021934073449889012
-8.573216520650814	-0.12356220732879307	-0.002213505226237214
-8.548185231539424	-0.12411844393088922	-0.00223388335452754
-8.523153942428035	-0.12467980997189013	-0.002254546989749799
-8.498122653316646	-0.1252463774211141	-0.0022755015160606275
-8.473091364205256	-0.12581821960672152	-0.0022967524454268152
-8.448060075093867	-0.12639541124800194	-0.002318305421287247
-8.423028785982478	-0.1269780284885873	-0.0023401662223378815
-8.397997496871088	-0.12756614893062168	-0.002362340766444528
-8.3729662077597	-0.1281598516699203	-0.0023848351146883843
-8.34793491864831	-0.12875921733215123	-0.0024076554755494833
-8.32290362953692	-0.1293643281100749	-0.0024308082092334817
-8.297872340425531	-0.12997526780187738	-0.002454299832147405
-8.272841051314144	-0.13059212185063504	-0.002478137021530251
-8.247809762202753	-0.13121497738495036	-0.0025023266202446157
-8.222778473091363	-0.1318439232607987	-0.002526875641735737
-8.197747183979974	-0.13247905010462924	-0.002551791275164736
-8.172715894868585	-0.1331204503577636	-0.002577080890723021
-8.147684605757197	-0.13376821832213812	-0.00260275204513525
-8.122653316645806	-0.13442245020743784	-0.002628812487358503
-8.097622027534417	-0.1350832441796707	-0.0026552701644857093
-8.072590738423028	-0.13575070041123521	-0.0026821332278617652
-8.047559449311638	-0.13642492113253438	-0.00270941003942111
-8.02252816020025	-0.13710601068519157	-0.0027371091782559826
-7.9974968710888605	-0.13779407557692813	-0.0027652394474250346
-7.972465581977473	-0.13848922453816145	-0.002793809881012342
-7.947434292866082	-0.13919156858038925	-0.0028228297514474917
-7.922403003754694	-0.1399012210564236	-0.0028523085770977147
-7.897371714643305	-0.14061829772254583	-0.0028822561301438177
-7.872340425531914	-0.14134291680265212	-0.0029126824447519837
-7.8473091364205265	-0.14207519905446594	-0.002943597825554278
-7.8222778473091354	-0.14281526783789517	-0.00297501285645128
-7.797246558197748	-0.1435632491856144	-0.0030069384097508034
-7.772215269086359	-0.14431927187595914	-0.0030393856556575876
-7.7471839799749675	-0.14508346750821932	-0.0030723660721293203
-7.72215269086358	-0.14585597058042454	-0.003105891455115327
-7.697121401752189	-0.14663691856972014	-0.0031399739291949904
-7.672090112640801	-0.14742645201543142	-0.003174625958633779
-7.647058823529412	-0.14822471460492592	-0.0032098603588758164
-7.622027534418023	-0.1490318532623802	-0.0032456903084927178
-7.596996245306634	-0.14984801824056937	-0.003282129361609558
-7.571964956195245	-0.1506733632157986	-0.003319191460829877
-7.546933667083856	-0.15150804538610338	-0.0033568909506827243
-7.5219023779724665	-0.15235222557285028	-0.003395242591616007
-7.496871088861077	-0.15320606832587644	-0.00343426157456165
-7.471839799749688	-0.15406974203231263	-0.003473963536099414
-7.446808510638299	-0.15494341902924097	-0.003514364574247676
-7.421777221526909	-0.1558272757203458	-0.0035554812649109617
-7.39674593241552	-0.15672149269672442	-0.003597330679015636
-7.371714643304131	-0.15762625486203083	-0.003639930400366852
-7.346683354192741	-0.1585417515621354	-0.0036832985442616572
-7.321652065081352	-0.15946817671949204	-0.0037274537768950903
-7.296620775969963	-0.1604057289724119	-0.0037724153355980813
-7.2715894868585735	-0.16135461181945612	-0.0038182030499481867
-7.246558197747184	-0.1623150337691664	-0.0038648373637964126
-7.221526908635795	-0.16328720849536604	-0.003912339358255865
-7.196495619524406	-0.16427135499827425	-0.003960730775700498
-7.171464330413016	-0.16526769777168954	-0.004010034044825029
-7.146433041301627	-0.16627646697650972	-0.004060272306819946
-7.121401752190238	-0.16729789862087147	-0.0041114694427187085
-7.0963704630788484	-0.16833223474720455	-0.0041636501019774825
-7.071339173967459	-0.16937972362651338	-0.004216839732351329
-7.04630788485607	-0.17044061996021326	-0.004271064611134458
-7.0212765957446805	-0.17151518508986557	-0.004326351877836217
-6.996245306633291	-0.17260368721517588	-0.004382729568368679
-6.971214017521902	-0.17370640162063605	-0.004440226650826298
-6.946182728410513	-0.17482361091121326	-0.0044988730629429005
-6.921151439299123	-0.1759556052575097	-0.004558699751316468
-6.896120150187734	-0.17710268265083973	-0.004619738712497718
-6.871088861076345	-0.17826514916869549	-0.0046820230360443485
-6.8460575719649555	-0.17944331925109772	-0.004745586949649147
-6.821026282853566	-0.18063751598835556	-0.0048104658664568966
-6.795994993742177	-0.18184807142078874	-0.004876696434692247
-6.770963704630788	-0.18307532685099562	-0.004944316589728407
-6.745932415519399	-0.18431963316928415	-0.005013365608734811
-6.720901126408009	-0.18558135119291702	-0.0050838841680507585
-6.69586983729662	-0.18686085201985878	-0.005155914403441482
-6.670838548185231	-0.18815851739775502	-0.005229499973403382
-6.645807259073841	-0.18947474010891133	-0.005304686125695952
-6.620775969962453	-0.19080992437208816	-0.005381519767289673
-6.595744680851063	-0.1921644862619747	-0.0054600495379318725
-6.570713391739676	-0.19353885414725325	-0.005540325887545792
-6.545682102628285	-0.19493346914822485	-0.005622401157692982
-6.520650813516897	-0.19634878561501812	-0.005706329667344359
-6.495619524405506	-0.1977852716274739	-0.005792167803222603
-6.470588235294117	-0.1992434095178534	-0.0058799741149960375
-6.445556946182729	-0.2007236964176002	-0.005969809415624311
-6.420525657071338	-0.20222664482945257	-0.00606173688717672
-6.395494367959951	-0.20375278322628626	-0.006155822192466805
-6.37046307884856	-0.20530265667815964	-0.0062521335928716745
-6.34543178973717	-0.20687682750911507	-0.0063507420727302215
-6.320400500625783	-0.2084758759854015	-0.006451721470743747
-6.295369211514392	-0.21010040103688118	-0.006555148618832712
-6.270337922403004	-0.21175102101349957	-0.0066611034889369515
-6.245306633291613	-0.21342837447882573	-0.00676966934828305
-6.2202753441802265	-0.21513312104279092	-0.006880932923681065
-6.195244055068836	-0.21686594223590885	-0.006994984575455992
-6.170212765957448	-0.2186275424273973	-0.007111918481664425
-6.145181476846059	-0.22041864978980003	-0.007231832833297655
-6.120150187734667	-0.2222400173128713	-0.007354830041225826
-6.09511889862328	-0.2240924238696819	-0.007481016955697075
-6.070087609511891	-0.22597667533811094	-0.0076105050992696065
-6.0450563204005014	-0.22789360578109888	-0.007743410914123698
-6.020025031289112	-0.22984407868928838	-0.007879856024777296
-5.994993742177721	-0.23182898828992546	-0.00801996751731077
-5.9699624530663336	-0.23384926092617492	-0.008163878236296754
-5.9449311639549425	-0.2359058565113066	-0.008311727100729478
-5.919899874843555	-0.23799977006252493	-0.008463659440354765
-5.894868585732166	-0.24013203331957853	-0.008619827353920164
-5.869837296620776	-0.2423037164536518	-0.008780390090991932
-5.844806007509387	-0.2445159298724667	-0.008945514459127097
-5.819774718397998	-0.24676982612796058	-0.009115375258342117
-5.7947434292866085	-0.2490666019333972	-0.009290155744988822
-5.769712140175219	-0.2514075002972934	-0.00947004812733346
-5.74468085106383	-0.2537938127821185	-0.009655254095338286
-5.719649561952441	-0.2562268818963478	-0.009845985387368798
-5.694618272841051	-0.258708103629132	-0.01004246439679606
-5.669586983729662	-0.26123893013758426	-0.0102449248217347
-5.644555694618273	-0.26382087259749726	-0.010453612361456139
-5.619524405506883	-0.26645550422918207	-0.010668785463346648
-5.594493116395494	-0.26914446351108806	-0.010890716124644187
-5.569461827284105	-0.27188945759491523	-0.011119690753591047
-5.5444305381727155	-0.27469226593708507	-0.011356011095085246
-5.519399249061326	-0.27755474416270115	-0.0115999952264079
-5.494367959949937	-0.28047882817951536	-0.011851978629151822
-5.469336670838549	-0.2834665385609389	-0.012112315344085207
-5.444305381727158	-0.2865199852188074	-0.012381379216360804
-5.419274092615769	-0.28964137238844556	-0.012659565239233336
-5.3942428035043815	-0.2928330039506069	-0.012947291005287418
-5.36921151439299	-0.29609728911708366	-0.013244998275112661
-5.344180225281603	-0.29943674850924407	-0.013553154674407528
-5.319148936170212	-0.30285402066147765	-0.013872255531662332
-5.2941176470588225	-0.30635186898450906	-0.014202825869877261
-5.269086357947435	-0.30993318922688584	-0.01454542256723932
-5.244055068836044	-0.313601017476605	-0.014900636703324999
-5.219023779724656	-0.31735853874892406	-0.015269096109244948
-5.193992490613266	-0.32120909621094906	-0.015651468142228533
-5.168961201501876	-0.3251562010985957	-0.016048462707488737
-5.1439299123904885	-0.32920354338715613	-0.016460835552856865
-5.1188986232791	-0.33335500328292517	-0.016889391864666252
-5.09386733416771	-0.33761466361031905	-0.017334990196750395
-5.06883604505632	-0.3419868231767031	-0.017798546768260655
-5.043804755944931	-0.3464760112058586	-0.01828104017036742
-5.018773466833542	-0.3510870029407741	-0.018783516526866807
-4.993742177722154	-0.35582483652739433	-0.01930709515936349
-4.968710888610763	-0.3606948313032715	-0.01985297481414716
-4.943679599499373	-0.3657026076288879	-0.02042244051524865
-4.918648310387985	-0.3708541084150351	-0.021016871116602942
-4.893617021276597	-0.3761556225172217	-0.02163774763592932
-4.868585732165207	-0.3816138101879885	-0.022286662464071606
-4.843554443053817	-0.38723573080053314	-0.02296532955636346
-4.818523153942427	-0.39302887308260465	-0.02367559572738273
-4.793491864831038	-0.399001188128641	-0.024419453187571594
-4.768460575719651	-0.4051611254911622	-0.02519905348003453
-4.7434292866082615	-0.41151767269007966	-0.02601672299886213
-4.71839799749687	-0.4180803985215929	-0.026874980297145825
-4.69336670838548	-0.42485950059755384	-0.02777655542413761
-4.668335419274092	-0.43186585760259744	-0.028724411567603376
-4.643304130162704	-0.4391110868211438	-0.029721769320321865
-4.618272841051315	-0.44660760756097934	-0.03077213394011234
-4.593241551939924	-0.4543687111861672	-0.03187932603220362
-4.568210262828536	-0.46240863857150954	-0.0330475161529854
-4.543178973717147	-0.47074266590600444	-0.034281263917398774
-4.518147684605758	-0.4793871999065061	-0.035585562291111913
-4.4931163954943685	-0.4883598836585144	-0.036965887866501915
-4.468085106382977	-0.49767971448259435	-0.038428258062384014
-4.44305381727159	-0.5073671754372858	-0.03997929635645485
-4.418022528160201	-0.517444382318302	-0.04162630686281569
-4.392991239048811	-0.5279352483062975	-0.04337735981253238
-4.367959949937422	-0.5388656687602108	-0.045241389792799444
-4.342928660826031	-0.550263729060333	-0.04722830896221947
-4.317897371714643	-0.5621599388876147	-0.04934913790159848
-4.292866082603254	-0.574587496898719	-0.05161615730128092
-4.267834793491865	-0.5875825904388234	-0.05404308435263436
-4.2428035043804755	-0.6011847357496294	-0.056645278535224365
-4.217772215269086	-0.6154371651069315	-0.0594399825141259
-4.192740926157699	-0.6303872684960385	-0.06244660513768135
-4.167709637046308	-0.6460870988480971	-0.06568705512506261
-4.142678347934918	-0.6625939515703584	-0.06918613604718281
-4.117647058823529	-0.6799710311763935	-0.07297201575497791
-4.09261576971214	-0.6982882203421139	-0.0770767866562884
-4.067584480600752	-0.7176229697852302	-0.08153713740062504
-4.042553191489361	-0.7380613311196954	-0.08639516188733072
-4.017521902377972	-0.7596991594348957	-0.09169933845558541
-3.9924906132665825	-0.7826435179928974	-0.09750572117345231
-3.967459324155193	-0.8070143243732038	-0.10387939704362041
-3.9424280350438052	-0.8329462859257415	-0.11089627868973954
-3.917396745932415	-0.8605911828822325	-0.11864532307916618
-3.8923654568210257	-0.890120570349753	-0.12723129504447522
-3.867334167709638	-0.9217289861466542	-0.13677823258115485
-3.8423028785982494	-0.9556377705353919	-0.14743382312386435
-3.8172715894868587	-0.9920996267865446	-0.15937497202489642
-3.7922403003754686	-1.0314040783471774	-0.17281494472701855
-3.7672090112640793	-1.0738840087305392	-0.18801260510850923
-3.7421777221526913	-1.1199235022686909	-0.20528447277413348
-3.717146433041303	-1.1699672329365205	-0.22502060969041035
-3.6921151439299127	-1.2245316643099695	-0.24770576418453472
-3.6670838548185225	-1.2842183050543736	-0.27394781358576115
-3.6420525657071328	-1.349729168169581	-0.30451645762670343
-3.617021276595745	-1.421884322977832	-0.3403964827052553
-3.5919899874843564	-1.5016408366927132	-0.38286199328095083
-3.566958698372966	-1.5901111390896845	-0.4335811860617729
-3.541927409261576	-1.6885762302334102	-0.4947661411456524
-3.5168961201501876	-1.7984838093559206	-0.569389656269817
-3.4918648310387996	-1.921410502403524	-0.6615026790991507
-3.46683354192741	-2.0589450268861187	-0.7767029473946747
-3.4418022528160197	-2.212403053669703	-0.9228286712227222
-3.4167709637046295	-2.3821890516995032	-1.1109756895220912
-3.391739674593241	-2.566423497874821	-1.356936643642614
-3.366708385481853	-2.7580590738565274	-1.6830394980185202
-3.341677096370464	-2.9389861676034235	-2.119805089877587
-3.3166458072590737	-3.0686486066789396	-2.704945176474233
-3.291614518147683	-3.0650324380567713	-3.471957973460118
-3.2665832290362946	-2.785088305620123	-4.410526606482502
-3.2415519399249066	-2.0475118933436636	-5.381536207465588
-3.2165206508135173	-0.7854083545259222	-6.0498216765929955
-3.191489361702127	0.72942502558369	-6.055037036333128
-3.166458072590739	1.997850031863449	-5.393936068180501
-3.14142678347935	2.7428494174593467	-4.424424221653703
-3.11639549436796	3.0279394361347727	-3.4840261672847976
-3.091364205256571	3.03426977282271	-2.7143731187397093
-3.0663329161451807	2.905772550959986	-2.1268930364525387
-3.0413016270337927	2.725202347026312	-1.6883326448251181
-3.0162703379224034	2.5335454957555066	-1.360920994475354
-2.991239048811014	2.34913037573225	-1.1140183181266896
-2.966207759699625	2.179108713973612	-0.9251917580428852
-2.941176470588234	2.0254074848980306	-0.7785707763941192
-2.916145181476846	1.8876422816898932	-0.6630049343595389
-2.891113892365457	1.764504614416613	-0.5706184258156466
-2.8660826032540676	1.6544070624825238	-0.49578763909224094
-2.8410513141426783	1.5557717617562195	-0.4344436856203454
-2.816020025031289	1.4671488265228851	-0.3836011864607755
-2.790988735919901	1.3872548567748522	-0.3410391244852839
-2.7659574468085104	1.31497513223829	-0.3050828692250648
-2.740926157697121	1.2493505297308247	-0.2744536228689655
-2.715894868585732	1.189559190553301	-0.24816313120476305
-2.6908635794743425	1.1348975693382204	-0.22543910078674242
-2.6658322903629545	1.08476285585991	-0.20567169187628753
-2.6408010012515644	1.038637484909635	-0.18837465522347838
-2.615769712140175	0.9960758506863046	-0.1731567692009936
-2.5907384230287853	0.9566930797014173	-0.15970060967989816
-2.565707133917396	0.9201556184748245	-0.14774660099290962
-2.540675844806008	0.8861733729130592	-0.13708091293816113
-2.515644555694618	0.8544931518160583	-0.12752618861086257
-2.4906132665832286	0.824893195928831	-0.11893437695402186
-2.4655819774718406	0.7971786059788134	-0.11118114521472697
-2.440550688360452	0.7711775135240194	-0.10416148816078648
-2.4155193992490616	0.7467378653300764	-0.09778625165228563
-2.3904881101376714	0.7237247149289184	-0.09197936051255445
-2.365456821026282	0.7020179341565628	-0.08667559309956403
-2.340425531914894	0.681510273247218	-0.0818187833584995
-2.3153942428035057	0.6621057109711832	-0.07736035946100002
-2.2903629536921155	0.6437180468236783	-0.07325814921408912
-2.2653316645807253	0.6262696958276099	-0.06947539823054932
-2.2403003754693356	0.6096906534695521	-0.06597995879899649
-2.2152690863579476	0.5939176039479189	-0.06274361648478875
-2.190237797246559	0.5788931495236338	-0.05974152846136259
-2.165206508135169	0.5645651425281147	-0.05695175294703533
-2.140175219023779	0.5508861046636465	-0.054354853294909404
-2.1151439299123904	0.5378127207580463	-0.05193356354184912
-2.0901126408010025	0.5253053962140385	-0.04967250478149003
-2.0650813516896127	0.5133278691083066	-0.047557943747021623
-2.0400500625782225	0.5018468693136466	-0.04557758659364809
-2.0150187734668323	0.4908318181945508	-0.0437204021504907
-1.989987484355444	0.48025456340597633	-0.041976469937756264
-1.9649561952440555	0.4700891441424259	-0.040336849071399145
-1.939924906132667	0.4603115828686711	-0.0387934648460774
-1.914893617021277	0.4508997001377495	-0.037339010330402475
-1.8898623279098858	0.4418329495853256	-0.03596686075164422
-1.8648310387984974	0.43309227059757743	-0.03467099881003313
-1.839799749687109	0.4246599564951718	-0.03344594936124821
-1.8147684605757206	0.41651953636901573	-0.03228672215197235
-1.7897371714643304	0.4086556689528409	-0.031188761497369263
-1.764705882352942	0.40105404713041665	-0.030147901958851957
-1.7396745932415527	0.3937013118570561	-0.02916032922185149
-1.7146433041301625	0.38658497443099127	-0.028222545491533347
-1.6896120150187741	0.37969334618409306	-0.027331338823621095
-1.664580725907384	0.37301547477671937	-0.02648375589100135
-1.6395494367959955	0.36654108638096256	-0.025677077757289342
-1.6145181476846062	0.3602605331225571	-0.024908798288231022
-1.589486858573217	0.3541647452262357	-0.024176604882518528
-1.5644555694618276	0.34824518737395876	-0.023478361246771686
-1.5394242803504374	0.34249381884166574	-0.022812091976323952
-1.514392991239049	0.3369030570291261	-0.022175968735053026
-1.4893617021276597	0.3314657440401309	-0.021568297854658695
-1.4643304130162704	0.32617511600751203	-0.020987509197218042
-1.4392991239048811	0.32102477488998954	-0.020432146145125493
-1.4142678347934918	0.3160086624962774	-0.01990085660015455
-1.3892365456821025	0.3111210365167111	-0.019392384888775895
-1.3642052565707132	0.3063564483643399	-0.018905564484395773
-1.339173967459324	0.30170972264632306	-0.01843931146914852
-1.3141426783479346	0.2971759381028928	-0.017992618668560882
-1.2891113892365453	0.29275040986534206	-0.01756455040204457
-1.264080100125157	0.28842867289668583	-0.0171542378009885
-1.2390488110137667	0.28420646648898834	-0.016760874654419115
-1.2140175219023774	0.28007971969997725	-0.016383713749976242
-1.1889862327909881	0.2760445376185565	-0.016022063685513073
-1.1639549436795988	0.27209718835426094	-0.01567528613418534
-1.1389236545682104	0.2682340906495415	-0.0153427935536752
-1.1138923654568202	0.26445180201603313	-0.015024047338465353
-1.0888610763454318	0.2607470072965505	-0.01471855642315011
-1.0638297872340434	0.25711650755334153	-0.014425876355020283
-1.0387984981226523	0.25355720917994573	-0.014145608866064788
-1.013767209011264	0.2500661131285651	-0.01387740198869345
-0.9887359198998737	0.24664030413682525	-0.013620950776685514
-0.9637046307884853	0.243276939826759	-0.01337599871413097
-0.9386733416770969	0.23997323953414026	-0.01314233992181147
-0.9136420525657085	0.23672647270728708	-0.01291982230438922
-0.8886107634543183	0.23353394669012398	-0.01270835182539214
-0.8635794743429273	0.23039299367356353	-0.012507898153665015
-0.8385481852315388	0.2273009565606547	-0.012318501999321578
-0.8135168961201504	0.2242551734427581	-0.012140284555706133
-0.788485607008762	0.22125296032416605	-0.011973459595455198
-0.7634543178973718	0.21829159165872472	-0.011818348946164296
-0.7384230287859816	0.2153682781716267	-0.011675402312575852
-0.7133917396745932	0.21248014133022164	-0.011545222743779785
-0.6883604505632039	0.20962418369798294	-0.011428599503746095
-0.6633291614518155	0.20679725425657386	-0.011326550747581782
-0.6382978723404253	0.2039960076186445	-0.01124037931740824
-0.6132665832290352	0.20121685589625968	-0.011171746275583984
-0.5882352941176467	0.1984559118771826	-0.01112276867865822
-0.5632040050062583	0.19570892217918293	-0.011096150853476087
-0.5381727158948699	0.19297118937493787	-0.011095362517067867
-0.5131414267834788	0.19023748305420918	-0.011124883186660972
-0.48811013767208866	0.18750194210508744	-0.011190541558837055
-0.46307884856070025	0.1847579755226108	-0.01129999263510183
-0.43804755944931184	0.18199817953356334	-0.011463397056673538
-0.41301627033792343	0.1792143103043375	-0.01169440056477839
-0.38798498122653324	0.17639739531297727	-0.012011562831727505
-0.36295369211514483	0.17353815608488515	-0.012440461945824662
-0.33792240300375376	0.1706280994319842	-0.013016809798423044
-0.31289111389236535	0.1676620161211202	-0.013791044311414962
-0.28785982478097694	0.16464341587442163	-0.01483493724245186
-0.26282853566958675	0.16159603362016833	-0.016250448896577906
-0.23779724655819834	0.1585876125930942	-0.018179280806319937
-0.21276595744680904	0.15577701447223338	-0.020805033595473383
-0.18773466833541974	0.1534983635542077	-0.024320310387230797
-0.16270337922403044	0.1523722141763278	-0.028786730500639086
-0.13767209011264026	0.1533073314886992	-0.0337772935043558
-0.11264080100125184	0.15698921869584398	-0.037906707652239705
-0.08760951188986255	0.1626928009488544	-0.03915505576255577
-0.06257822277847325	0.168017697455549	-0.036709367863486816
-0.03754693366708395	0.170934562934332	-0.03195973128963446
-0.01251564455569465	0.1712600575004254	-0.026872389415624125
0.01251564455569465	0.16984941373895976	-0.02251787572451104
0.03754693366708395	0.1675456111895871	-0.019125497583401544
0.06257822277847325	0.16487386521761713	-0.01656890181420676
0.08760951188986255	0.16210505829214134	-0.014650281651027722
0.11264080100125184	0.159364228936755	-0.013197410133061775
0.13767209011264114	0.15670264284317542	-0.01208113397576268
0.16270337922403044	0.15413649642202512	-0.011209390075834233
0.18773466833541974	0.1516661382407818	-0.01051746106667548
0.21276595744680726	0.1492852952592257	-0.009959756622883757
0.23779724655819834	0.14698540122654585	-0.009503856994502246
0.26282853566958764	0.14475756416308588	-0.009126415874149503
0.28785982478097694	0.1425934047650089	-0.00881038829461066
0.31289111389236623	0.1404853608128533	-0.008543156419152802
0.33792240300375376	0.1384267453146242	-0.008315253748572506
0.36295369211514483	0.1364116974265755	-0.008119487548839874
0.38798498122653235	0.13443509280502308	-0.007950327839150334
0.41301627033792343	0.13249244460465948	-0.007803476529408425
0.43804755944931273	0.13057980897423832	-0.007675559703384016
0.46307884856070025	0.12869370045682602	-0.007563905110729145
0.4881101376720913	0.12683101868822436	-0.007466379349572295
0.5131414267834788	0.12498898597466426	-0.0073812673758862045
0.5381727158948699	0.12316509460304527	-0.007307182384445801
0.5632040050062574	0.1213570625317287	-0.007242997733171087
0.5882352941176467	0.1195627961441971	-0.0071877950426107225
0.6132665832290378	0.11778035888069516	-0.007140824289837458
0.6382978723404253	0.11600794472536849	-0.007101472886673768
0.6633291614518164	0.11424385568645747	-0.007069241553158677
0.6883604505632039	0.11248648255131943	-0.007043725379048569
0.7133917396745932	0.11073428832214458	-0.007024598882777016
0.7384230287859808	0.10898579384225857	-0.007011604178555373
0.7634543178973718	0.1072395652086826	-0.007004541582202435
0.7884856070087629	0.10549420263667718	-0.0070032621483001375
0.8135168961201504	0.10374833049879056	-0.0070076617517039275
0.8385481852315397	0.10200058830678305	-0.00701767641676093
0.8635794743429273	0.10024962244164425	-0.007033278665939783
0.8886107634543183	0.09849407846640465	-0.007054474711775024
0.9136420525657059	0.09673259387992925	-0.007081302356279321
0.9386733416770969	0.09496379118841412	-0.0071138294933419015
0.9637046307884862	0.09318627118580008	-0.0071521531343624435
0.9887359198998737	0.09139860634540631	-0.007196398897138924
1.0137672090112648	0.08959933423335262	-0.007246720914088831
1.0387984981226523	0.08778695086016461	-0.007303302129188577
1.0638297872340434	0.08595990389066163	-0.007366354964299424
1.088861076345431	0.08411658563406668	-0.007436122345384665
1.1138923654568202	0.08225532573636084	-0.007512879087974992
1.1389236545682113	0.08037438349539001	-0.007596933649486905
1.1639549436795988	0.07847193971610483	-0.007688630263971014
1.18898623279099	0.07654608801860992	-0.0077883514828541965
1.2140175219023774	0.07459482550534689	-0.007896521153516375
1.2390488110137667	0.0726160426856155	-0.008013607876381333
1.264080100125156	0.07060751254563999	-0.008140128990879967
1.2891113892365453	0.06856687864025111	-0.008276655151470445
1.3141426783479364	0.06649164206776018	-0.008423815567210792
1.339173967459324	0.0643791471723868	-0.00858230399257007
1.3642052565707132	0.062226565798256125	-0.008752885573696583
1.3892365456821025	0.0600308798950179	-0.008936404673788307
1.4142678347934918	0.057788862246904646	-0.009133793824205538
1.4392991239048811	0.05549705506382982	-0.009346083975347187
1.4643304130162704	0.0531517461339856	-0.009574416254095663
1.4893617021276597	0.05074894219124031	-0.00982005547407709
1.514392991239049	0.0482843390961073	-0.010084405692654315
1.5394242803504383	0.04575328836451416	-0.010369028166441023
1.5644555694618276	0.04315075950204174	-0.010675662127682574
1.589486858573217	0.040471297510265555	-0.011006248890247027
1.6145181476846044	0.03770897482331469	-0.011362959900226238
1.6395494367959955	0.034857336803054015	-0.011748229477409845
1.6645807259073848	0.031909339765845715	-0.012164793156790206
1.6896120150187741	0.028857280326993195	-0.012615732742365236
1.7146433041301634	0.025692714623775717	-0.01310452943998764
1.739674593241551	0.022406365705743073	-0.013635126756483842
1.764705882352942	0.01898801705092773	-0.014212005257971727
1.7897371714643295	0.015426389765454449	-0.014840271796738464
1.8147684605757206	0.011709000534983652	-0.015525766477195339
1.83979974968711	0.007821996798828154	-0.01627519148292433
1.8648310387984974	0.003749964885537249	-0.01709626699036089
1.8898623279098885	-0.0005242940496233139	-0.017997920834170077
1.914893617021276	-0.00502002654904278	-0.018990520480071785
1.939924906132667	-0.009758835460823012	-0.020086158362017294
1.9649561952440546	-0.014765043922200696	-0.02129900497423164
1.989987484355444	-0.020066126059659545	-0.022645748586913875
2.015018773466835	-0.025693218252787794	-0.024146146520163052
2.0400500625782225	-0.03168172785033363	-0.025823721198103444
2.065081351689613	-0.03807205987288251	-0.027706645630879646
2.090112640801001	-0.04491048651687868	-0.02982887887462376
2.1151439299123904	-0.05225018912086804	-0.03223163437300221
2.1401752190237784	-0.06015250738352393	-0.03496529583141192
2.165206508135169	-0.06868843530957389	-0.03809194084971522
2.1902377972465596	-0.077940405997473	-0.04168869869081881
2.2152690863579476	-0.08800440462920744	-0.04585226567086075
2.240300375469337	-0.09899243413192425	-0.050705045838646594
2.265331664580725	-0.1110353175201242	-0.056403601088913936
2.2903629536921155	-0.12428572823462342	-0.06315042330364941
2.315394242803503	-0.13892114177792042	-0.07121054397690428
2.340425531914894	-0.1551459920496896	-0.08093527145170615
2.3654568210262834	-0.17319147785188838	-0.09279654031968895
2.3904881101376714	-0.19330975524215444	-0.10743718186443796
2.415519399249062	-0.21575574809769127	-0.12574512705199178
2.4405506883604495	-0.2407425842143323	-0.1489632477165221
2.4655819774718406	-0.26834169500499017	-0.1788505062449928
2.490613266583228	-0.29826773302960174	-0.21791034699920797
2.515644555694618	-0.32942645704896883	-0.26968386628793867
2.5406758448060085	-0.3589896377786093	-0.33901940424231536
2.565707133917396	-0.3806039774474269	-0.43193605354260484
2.590738423028787	-0.38137992454893066	-0.5538771604518254
2.6157697121401746	-0.3387037419061614	-0.7035536002053929
2.6408010012515644	-0.2235012306598737	-0.8595183530938911
2.665832290362953	-0.023954250175011016	-0.9688978013225432
2.6908635794743425	0.21816411163868574	-0.9732073776931138
2.7158948685857336	0.42296573115110425	-0.8697537394386821
2.740926157697121	0.5443466938177811	-0.7149959468527328
2.765957446808511	0.5913212053136927	-0.5637649850959502
2.7909887359198997	0.5928346822430877	-0.43959609630112745
2.816020025031289	0.5722333358830237	-0.34470067405314514
2.841051314142678	0.5430213976112744	-0.2738387515918324
2.8660826032540676	0.5119092161229669	-0.22094213937608337
2.8911138923654573	0.4819066214443537	-0.18106379199814576
2.916145181476846	0.4541945385182861	-0.1505755480774416
2.9411764705882355	0.42909772398884805	-0.12690930179155888
2.9662077596996244	0.4065614237412235	-0.1082607640556805
2.991239048811014	0.3863784976871351	-0.09335584889540799
3.0162703379224016	0.36829512809513165	-0.08128514024235972
3.0413016270337927	0.35205816329363365	-0.07139090585613861
3.066332916145182	0.33743462426655385	-0.06319075852796838
3.091364205256571	0.32421812229024527	-0.05632596176000762
3.1163954943679606	0.31222932049767627	-0.05052613342014662
3.141426783479348	0.3013138814149724	-0.04558487532905529
3.166458072590739	0.2913395419875345	-0.04134273628632482
3.1914893617021267	0.28219307533789995	-0.037675148229321526
3.2165206508135173	0.2737774667282603	-0.034483774588067645
3.241551939924907	0.26600942232366453	-0.03169022864592825
3.2665832290362946	0.2588172312600183	-0.029231458349659265
3.2916145181476857	0.25213895839462835	-0.027056317042154113
3.316645807259073	0.24592092893734085	-0.025122988020422794
3.341677096370464	0.24011646281104804	-0.023397030708602534
3.366708385481852	0.23468481897882065	-0.021849884224276295
3.391739674593241	0.2295903145816357	-0.020457710918845646
3.416770963704632	0.2248015888591391	-0.019200495049682072
3.4418022528160197	0.22029098670557135	-0.01806133466183075
3.4668335419274103	0.21603404103828217	-0.01702588105058994
3.4918648310387983	0.21200903684792166	-0.016081891874775402
3.5168961201501876	0.20819664288244427	-0.0152188724700293
3.5419274092615756	0.204579599459002	-0.014427786113986502
3.566958698372966	0.20114245297778233	-0.013700818571461642
3.591989987484357	0.1978713294068563	-0.01303118565246387
3.617021276595745	0.19475374038570537	-0.012412975068841807
3.642052565707134	0.1917784167159688	-0.01184101580422572
3.667083854818522	0.18893516491986945	-0.011310769679752657
3.6921151439299127	0.18621474328973409	-0.010818240922724235
3.7171464330413	0.18360875445852567	-0.01035990041274867
3.7421777221526913	0.18110955201750661	-0.009932621953100192
3.7672090112640806	0.17871015911420443	-0.009533628440623533
3.7922403003754686	0.1764041972986164	-0.009160446220222032
3.817271589486859	0.17418582416175116	-0.008810866235831393
3.8423028785982467	0.1720496785390327	-0.008482910848419201
3.867334167709638	0.16999083224061196	-0.008174805397871767
3.8923654568210253	0.16800474742834579	-0.00788495375101503
3.917396745932415	0.16608723889079519	-0.007611917211198202
3.9424280350438057	0.1642344405777646	-0.007354396272604261
3.967459324155193	0.16244277584834638	-0.00711121478996822
3.9924906132665843	0.16070893096426847	-0.0068813062057763675
4.017521902377972	0.15902983142603325	-0.006663701535486392
4.042553191489361	0.15740262080492545	-0.006457518859371795
4.06758448060075	0.15582464177116045	-0.006261954109255015
4.09261576971214	0.15429341905857674	-0.006076272971231892
4.117647058823531	0.15280664414052558	-0.0058998037527773165
4.142678347934918	0.15136216142089093	-0.005731931085368251
4.167709637046308	0.14995795576926851	-0.005572090352783072
4.192740926157697	0.14859214125090664	-0.0054197627511948735
4.217772215269086	0.14726295092057556	-0.005274470900602159
4.2428035043804755	0.14596872756556967	-0.005135774938470709
4.267834793491865	0.14470791529691068	-0.005003269036046741
4.292866082603254	0.14347905189984222	-0.004876578285935407
4.317897371714643	0.1422807618651491	-0.00475535591645803
4.342928660826033	0.14111175003192358	-0.004639280794202462
4.367959949937422	0.1399707957803297	-0.004528055181225937
4.392991239048811	0.13885674771984452	-0.004421402717693253
4.418022528160199	0.13776851882451913	-0.0043190666044467954
4.44305381727159	0.13670508197212422	-0.004220807963201937
4.468085106382979	0.13566546584871883	-0.004126404354819936
4.4931163954943685	0.13464875118429304	-0.0040356484384949645
4.518147684605758	0.13365406728876758	-0.003948346756758652
4.543178973717145	0.13268058886083375	-0.0038643186329989495
4.568210262828536	0.1317275330449513	-0.003783395169750556
4.593241551939924	0.13079415671433695	-0.003705418337374017
4.618272841051315	0.12987975395999732	-0.003630240143927437
4.643304130162704	0.12898365376784937	-0.003557721878073684
4.668335419274092	0.12810521786772405	-0.003487733417775205
4.693366708385483	0.12724383873962858	-0.0034201525983275903
4.71839799749687	0.12639893776403904	-0.003354864633984906
4.7434292866082615	0.12556996350424923	-0.0032917615880478546
4.768460575719649	0.12475639010992595	-0.0032307418868315206
4.793491864831038	0.12395771583202084	-0.003171709873410552
4.818523153942429	0.1231734616400962	-0.003114575397466269
4.843554443053817	0.12240316993392775	-0.0030592534379372915
4.868585732165208	0.12164640334197804	-0.003005663755510397
4.8936170212765955	0.1209027435999917	-0.0029537305722860565
4.918648310387985	0.12017179050355156	-0.0029033822762175214
4.943679599499372	0.11945316092897393	-0.002854551148158662
4.968710888610763	0.1187464879173988	-0.0028071731095658074
4.9937421777221545	0.11805141981737206	-0.002761187489087122
5.018773466833542	0.11736761948160851	-0.002716536806440903
5.043804755944931	0.11669476351398497	-0.0026731665721348758
5.068836045056319	0.11603254156313894	-0.002631025101713515
5.09386733416771	0.11538065565934086	-0.0025900633433413875
5.118898623279097	0.11473881959158076	-0.002550234717639596
5.1439299123904885	0.11410675832205036	-0.0025114949687900377
5.168961201501878	0.11348420743542967	-0.00247380202601071
5.193992490613265	0.11287091262058532	-0.002437115874584434
5.219023779724656	0.11226662918247753	-0.0024013984356954284
5.244055068836044	0.11167112158224013	-0.0023666134543928355
5.269086357947435	0.11108416300355267	-0.002332726395058894
5.2941176470588225	0.11050553494356827	-0.0022997043438127106
5.319148936170212	0.10993502682678646	-0.0022675159173284228
5.344180225281603	0.10937243564038461	-0.002236131177590416
5.36921151439299	0.10881756558962623	-0.0022055215521476776
5.3942428035043815	0.10827022777206738	-0.0021756597594654176
5.419274092615769	0.10773023986937513	-0.002146519739004909
5.444305381727158	0.10719742585565381	-0.002118076585692091
5.469336670838548	0.10667161572125729	-0.0020903064884628827
5.494367959949937	0.10615264521113316	-0.002063186672597675
5.519399249061328	0.10564035557681406	-0.0020366953455802396
5.5444305381727155	0.10513459334123126	-0.0020108116462368517
5.569461827284105	0.10463521007558163	-0.001985515596930271
5.594493116395494	0.10414206218753286	-0.001960788058600593
5.619524405506883	0.10365501072009838	-0.0019366106884606566
5.644555694618273	0.10317392116055873	-0.0019129659001682739
5.669586983729662	0.1026986632588476	-0.001889836826310789
5.694618272841051	0.10222911085485839	-0.0018672072830496714
5.719649561952441	0.10176514171416326	-0.0018450617367840323
5.74468085106383	0.10130663737166881	-0.0018233852727022547
5.769712140175219	0.10085348298276336	-0.001802163565100377
5.7947434292866085	0.10040556718153945	-0.0017813828493545773
5.819774718397996	0.09996278194570049	-0.001761029895443132
5.844806007509387	0.09952502246778602	-0.0017410919829205884
5.869837296620776	0.09909218703237234	-0.001721556877253757
5.894868585732166	0.09866417689892579	-0.001702412807435328
5.919899874843555	0.09824089619000698	-0.0016836484447968253
5.9449311639549425	0.09782225178454163	-0.0016652528829478974
5.9699624530663336	0.09740815321589086	-0.0016472156187739306
5.994993742177721	0.09699851257447065	-0.0016295265344285807
6.020025031289112	0.09659324441468323	-0.0016121758802620002
6.0450563204005014	0.09619226566593987	-0.0015951542586295701
6.07008760951189	0.09579549554756409	-0.0015784526085294705
6.09511889862328	0.09540285548737984	-0.0015620621910209143
6.120150187734667	0.09501426904379805	-0.0015459745753779342
6.145181476846059	0.09462966183122687	-0.0015301816259365327
6.170212765957445	0.0942489614486407	-0.0015146754895957611
6.195244055068836	0.09387209741115149	-0.0014994485839356902
6.2202753441802265	0.0934990010844366	-0.0014844935859177405
6.245306633291613	0.09312960562188287	-0.0014698034211348232
6.270337922403005	0.09276384590431667	-0.0014553712535809106
6.295369211514392	0.09240165848219642	-0.0014411904759115016
6.320400500625783	0.09204298152014823	-0.0014272547001681086
6.3454317897371695	0.09168775474373698	-0.0014135577489417155
6.37046307884856	0.09133591938836474	-0.001400093646951461
6.395494367959952	0.09098741815019967	-0.0013868566130164313
6.420525657071338	0.09064219513904005	-0.0013738410523996187
6.445556946182729	0.09030019583302436	-0.0013610415495044115
6.470588235294116	0.08996136703510427	-0.0013484528609051807
6.495619524405506	0.08962565683119851	-0.0013360699086944884
6.520650813516895	0.0892930145499538	-0.0013238877741306135
6.545682102628285	0.08896339072403925	-0.0013119016915698915
6.570713391739676	0.08863673705290687	-0.001300107042669369
6.5957446808510625	0.08831300636695304	-0.00128849935084603
6.620775969962453	0.08799215259301894	-0.0012770742759796564
6.645807259073841	0.08767413072117261	-0.0012658276093471443
6.670838548185231	0.08735889677271558	-0.0012547552687767094
6.695869837296622	0.08704640776936226	-0.0012438532940111395
6.720901126408009	0.0867366217035418	-0.001233117842269797
6.745932415519399	0.08642949750977348	-0.001222545183999653
6.770963704630788	0.08612499503707226	-0.0012121316988062038
6.795994993742178	0.08582307502233891	-0.0012018738715555458
6.821026282853566	0.08552369906469535	-0.0011917682886394357
6.8460575719649555	0.0852268296007247	-0.0011818116343955318
6.871088861076346	0.08493242988057949	-0.001172000687675492
6.896120150187734	0.084640463944922	-0.0011623323185539357
6.921151439299124	0.08435089660266279	-0.0011528034851716893
6.946182728410513	0.08406369340946526	-0.0011434112307070598
6.971214017521902	0.08377882064698511	-0.001134152680469203
6.996245306633291	0.0834962453028154	-0.001125025039107983
7.0212765957446805	0.08321593505110914	-0.0011160255879349794
7.046307884856071	0.08293785823385241	-0.0011071516823505981
7.071339173967459	0.08266198384276251	-0.001098400749372481
7.0963704630788484	0.08238828150178669	-0.0010897702852606642
7.121401752190238	0.08211672145017802	-0.0010812578532351578
7.146433041301627	0.08184727452612608	-0.0010728610812818407
7.171464330413016	0.0815799121509212	-0.0010645776600427636
7.196495619524406	0.08131460631363163	-0.0010564053407871544
7.221526908635795	0.08105132955627449	-0.0010483419334595965
7.246558197747184	0.08079005495946145	-0.0010403853048020254
7.2715894868585735	0.0805307561285014	-0.001032533376546353
7.296620775969963	0.08027340717994327	-0.0010247841236746865
7.321652065081352	0.08001798272854219	-0.001017135572744245
7.3466833541927405	0.07976445787463364	-0.0010095858002742326
7.371714643304131	0.07951280819190051	-0.0010021329311920364
7.39674593241552	0.07926300971551868	-0.000994775137336268
7.421777221526909	0.0790150389306673	-0.000987510636014254
7.446808510638299	0.07876887276139069	-0.0009803376886117258
7.471839799749687	0.078524488559799	-0.0009732545992525341
7.496871088861077	0.07828186409559577	-0.0009662597135063399
7.521902377972466	0.07804097754592061	-0.0009593514171423084
7.546933667083856	0.07780180748549564	-0.0009525281349269361
7.571964956195245	0.07756433287706549	-0.0009457883294642215
7.5969962453066335	0.07732853306211997	-0.0009391305000764694
7.622027534418024	0.07709438775189004	-0.0009325531817241041
7.647058823529412	0.07686187701860744	-0.0009260549439629297
7.672090112640802	0.07663098128701863	-0.0009196343899373512
7.697121401752189	0.07640168132614485	-0.0009132901554081427
7.72215269086358	0.07617395824127918	-0.0009070209078133905
7.74718397997497	0.07594779346621354	-0.0009008253453613349
7.772215269086359	0.07572316875568665	-0.0008947021961538465
7.797246558197749	0.07550006617804654	-0.0008886502173393668
7.8222778473091354	0.07527846810811992	-0.000882668194294177
7.8473091364205265	0.07505835722028151	-0.000876754939830895
7.872340425531913	0.0748397164817173	-0.0008709092934331898
7.897371714643305	0.07462252914587414	-0.00086513012051568
7.922403003754695	0.07440677874609103	-0.0008594163117081072
7.947434292866082	0.07419244908940506	-0.0008537667821628366
7.972465581977473	0.07397952425052666	-0.0008481804708848299
7.99749687108886	0.07376798856597921	-0.0008426563400832602
8.022528160200253	0.07355782662839656	-0.000837193374543942
8.047559449311638	0.07334902328097495	-0.0008317905810218444
8.072590738423028	0.07314156361207276	-0.0008264469876529091
8.09762202753442	0.07293543294995487	-0.0008211616433845114
8.122653316645806	0.07273061685767622	-0.0008159336174238549
8.147684605757199	0.07252710112810007	-0.000810761998703657
8.172715894868585	0.07232487177904788	-0.0008056458953645249
8.197747183979974	0.07212391504857503	-0.0008005844342533858
8.222778473091363	0.07192421739037017	-0.0007955767604374374
8.247809762202753	0.07172576546927315	-0.0007906220367330392
8.272841051314145	0.07152854615690853	-0.0007857194432490308
8.297872340425531	0.0713325465274311	-0.0007808681769439695
8.32290362953692	0.0711377538533795	-0.0007760674511967865
8.34793491864831	0.07094415560163575	-0.0007713164953904178
8.3729662077597	0.07075173942948608	-0.0007666145545079348
8.397997496871088	0.07056049318078131	-0.000761960888740759
8.423028785982478	0.07037040488219304	-0.0007573547731085391
8.448060075093867	0.07018146273956317	-0.0007527954970902918
8.473091364205256	0.06999365513434377	-0.0007482823642664242
8.498122653316646	0.0698069706201248	-0.0007438146919712656
8.523153942428035	0.06962139791924704	-0.0007393918109557576
8.548185231539424	0.06943692591949793	-0.0007350130650599568
8.573216520650814	0.06925354367088746	-0.0007306778108950255
8.598247809762203	0.06907124038250233	-0.0007263854175343909
8.623279098873592	0.06889000541943588	-0.00072213526621377
8.648310387984981	0.0687098282997915	-0.0007179267500397685
8.67334167709637	0.06853069869175774	-0.0007137592737067675
8.69837296620776	0.06835260641075289	-0.0007096322532218331
8.72340425531915	0.06817554141663694	-0.0007055451156373794
8.748435544430539	0.06799949381098938	-0.0007014972987913399
8.773466833541928	0.06782445383445077	-0.0006974882510546007
8.798498122653317	0.06765041186412618	-0.0006935174310854623
8.823529411764707	0.0674773584110492	-0.0006895843075909056
8.848560700876096	0.06730528411770434	-0.0006856883590944443
8.873591989987485	0.06713417975560665	-0.0006818290737103537
8.898623279098874	0.06696403622293673	-0.0006780059489240745
8.92365456821026	0.06679484454222974	-0.0006742184913785988
8.948685857321653	0.06662659585811667	-0.0006704662166666436
8.973717146433042	0.06645928143511731	-0.0006667486491284454
8.998748435544432	0.06629289265548206	-0.00066306532165498
9.023779724655821	0.06612742101708291	-0.0006594157754964594
9.048811013767207	0.06596285813135092	-0.0006557995600759294
9.0738423028786	0.0657991957212598	-0.0006522162328078167
9.098873591989985	0.06563642561935426	-0.0006486653589212776
9.123904881101378	0.06547453976582128	-0.000645146511288186
9.148936170212767	0.0653135302066044	-0.0006416592702556459
9.173967459324153	0.06515338909155848	-0.0006382032234828629
9.198998748435546	0.06499410867264505	-0.0006347779657822633
9.224030037546932	0.06483568130216676	-0.000631383098964731
9.249061326658325	0.0646780994310395	-0.0006280182316888232
9.27409261576971	0.0645213556071022	-0.000624682979313874
9.2991239048811	0.06436544247346215	-0.0006213769637568378
9.324155193992492	0.06421035276687609	-0.000618099813352794
9.349186483103878	0.06405607931616539	-0.0006148511627189831
9.374217772215271	0.0639026150406645	-0.0006116306526222756
9.399249061326657	0.0637499529487026	-0.0006084379298499853
9.424280350438046	0.06359808613611631	-0.0006052726470839075
9.449311639549435	0.06344700778479405	-0.0006021344627775146
9.474342928660825	0.06329671116125027	-0.0005990230410361952
9.499374217772218	0.0631471896152293	-0.0005959380515004634
9.524405506883603	0.06299843657833801	-0.0005928791692320489
9.549436795994993	0.06285044556270626	-0.0005898460746027823
9.574468085106382	0.06270321015967506	-0.0005868384531862043
9.599499374217771	0.0625567240385113	-0.0005838559956518135
9.62453066332916	0.06241098094514835	-0.0005808983976618826
9.64956195244055	0.06226597470095246	-0.0005779653597707716
9.67459324155194	0.06212169920151351	-0.0005750565873266637
9.699624530663328	0.06197814841546037	-0.0005721717903756623
9.724655819774718	0.06183531638329964	-0.0005693106835681787
9.749687108886107	0.06169319721627761	-0.0005664729860675501
9.774718397997496	0.06155178509526462	-0.0005636584214608238
9.799749687108886	0.06141107426966147	-0.0005608667176716514
9.824780976220275	0.06127105905632735	-0.0005580976068752317
9.849812265331664	0.0611317338385286	-0.0005553508254152501
9.874843554443054	0.06099309306490811	-0.0005526261137227561
9.899874843554443	0.060855131248474595	-0.0005499232162369317
9.924906132665832	0.0607178429656114	-0.0005472418813276936
9.949937421777221	0.060581222855104554	-0.0005445818612200858
9.97496871088861	0.060445265617189235	-0.0005419429119204103
10.0	0.06030996601261465	-0.0005393247931440524
