-10.0	-0.047957856206904306	-0.00034542512036848016
-9.97496871088861	-0.04804446813491503	-0.0003466780501023686
-9.949937421777221	-0.048131394477977256	-0.0003479378396183577
-9.924906132665832	-0.04821863695886916	-0.00034920453938930957
-9.899874843554443	-0.048306197313054494	-0.0003504782003569644
-9.874843554443054	-0.04839407728880053	-0.00035175887393723354
-9.849812265331664	-0.048482278647297296	-0.0003530466120255642
-9.824780976220275	-0.048570803162778224	-0.00035434146700237583
-9.799749687108886	-0.04865965262264212	-0.0003556434917385696
-9.774718397997496	-0.04874882882757658	-0.00035695273960111186
-9.749687108886107	-0.04883833359168265	-0.00035826926445869294
-9.724655819774718	-0.04892816874260117	-0.0003595931206874633
-9.699624530663328	-0.049018336121640305	-0.00036092436317684655
-9.67459324155194	-0.04910883758390474	-0.0003622630473354322
-9.64956195244055	-0.04919967499842623	-0.00036360922909694734
-9.62453066332916	-0.049290850248295666	-0.00036496296492631217
-9.599499374217771	-0.04938236523079676	-0.00036632431182577604
-9.574468085106382	-0.049474221857541176	-0.00036769332734113905
-9.549436795994993	-0.049566422054605236	-0.0003690700695680583
-9.524405506883603	-0.04965896776266829	-0.00037045459715844226
-9.499374217772216	-0.04975186093715257	-0.00037184696932693166
-9.474342928660825	-0.04984510354836492	-0.0003732472458574723
-9.449311639549435	-0.049938697581639734	-0.00037465548710997583
-9.424280350438046	-0.05003264503748405	-0.00037607175402707685
-9.399249061326657	-0.05012694793172415	-0.00037749610814098164
-9.37421777221527	-0.05022160829565374	-0.00037892861158041305
-9.349186483103878	-0.05031662817618416	-0.00038036932707765416
-9.32415519399249	-0.05041200963599608	-0.0003818183179756866
-9.2991239048811	-0.05050775475369329	-0.00038327564823543596
-9.274092615769712	-0.05060386562395798	-0.0003847413824431118
-9.249061326658325	-0.050700344357708246	-0.0003862155858176584
-9.224030037546934	-0.05079719308225713	-0.00038769832421830516
-9.198998748435546	-0.05089441394147372	-0.0003891896641522281
-9.173967459324155	-0.05099200909594621	-0.00039068967278231884
-9.148936170212767	-0.05108998072314687	-0.000392198417935065
-9.123904881101378	-0.05118833101759895	-0.0003937159681085422
-9.098873591989987	-0.051287062191045674	-0.00039524239248052217
-9.0738423028786	-0.05138617647262125	-0.00039677776091669647
-9.048811013767208	-0.051485676109023985	-0.00039832214397901827
-9.023779724655821	-0.05158556336469134	-0.00039987561293416594
-8.998748435544432	-0.05168584052197738	-0.00040143823976212763
-8.973717146433042	-0.05178650988133219	-0.0004030100971649117
-8.948685857321653	-0.051887573761483494	-0.0004045912585753829
-8.923654568210262	-0.05198903449962062	-0.0004061817981662282
-8.898623279098874	-0.052090894451580584	-0.00040778179085905285
-8.873591989987485	-0.05219315599203658	-0.00040939131233361085
-8.848560700876096	-0.052295821514688715	-0.00041101043903716953
-8.823529411764707	-0.05239889343245709	-0.0004126392481940139
-8.798498122653317	-0.052502374177677426	-0.0004142778178150895
-8.773466833541928	-0.05260626620229884	-0.0004159262267077896
-8.748435544430539	-0.05271057197808445	-0.00041758455448588644
-8.72340425531915	-0.052815293996814075	-0.00041925288157961113
-8.69837296620776	-0.052920434770489834	-0.00042093128924588325
-8.67334167709637	-0.05302599683154411	-0.00042261985957869403
-8.648310387984981	-0.053131982733050157	-0.00042431867551964464
-8.623279098873592	-0.05323839504893549	-0.0004260278208686436
-8.598247809762203	-0.05334523637419772	-0.00042774738029476467
-8.573216520650814	-0.05345250932512344	-0.00042947743934726955
-8.548185231539424	-0.05356021653950954	-0.00043121808446679687
-8.523153942428035	-0.0536683606768877	-0.000432969402996722
-8.498122653316646	-0.05377694441875145	-0.0004347314831946895
-8.473091364205256	-0.05388597046878625	-0.0004365044142443211
-8.448060075093867	-0.053995441553102576	-0.00043828828626710415
-8.423028785982478	-0.0541053604204719	-0.0004400831903344621
-8.397997496871088	-0.05421572984256578	-0.0004418892184800102
-8.3729662077597	-0.05432655261419792	-0.0004437064637120014
-8.34793491864831	-0.05443783155356962	-0.00044553502002596466
-8.32290362953692	-0.0545495695025181	-0.0004473749824175388
-8.297872340425531	-0.0546617693267682	-0.0004492264468955069
-8.272841051314144	-0.05477443391618745	-0.000451089510495034
-8.247809762202753	-0.05488756618504439	-0.000452964271291112
-8.222778473091363	-0.055001169072270116	-0.0004548508284122143
-8.197747183979974	-0.05511524554172361	-0.00045674928205416795
-8.172715894868585	-0.055229798582460285	-0.0004586597334942426
-8.147684605757197	-0.05534483120900415	-0.000460582285105463
-8.122653316645806	-0.05546034646162372	-0.00046251704037115
-8.097622027534417	-0.05557634740661125	-0.00046446410389968914
-8.072590738423028	-0.05569283713656616	-0.00046642358143954087
-8.047559449311638	-0.055809818770681835	-0.00046839557989448614
-8.02252816020025	-0.05592729545503645	-0.00047038020733911843
-7.9974968710888605	-0.05604527036288771	-0.00047237757303458686
-7.972465581977473	-0.05616374669497146	-0.00047438778744458984
-7.947434292866082	-0.056282727679804426	-0.0004764109622516319
-7.922403003754694	-0.05640221657399095	-0.0004784472103735411
-7.897371714643305	-0.05652221666253399	-0.0004804966459802586
-7.872340425531914	-0.056642731259150335	-0.0004825593845108999
-7.8473091364205265	-0.05676376370658991	-0.0004846355426910969
-7.8222778473091354	-0.05688531737695989	-0.0004867252385506263
-7.797246558197748	-0.057007395672052735	-0.0004888285914413253
-7.772215269086359	-0.05713000202367919	-0.0004909457220553083
-7.7471839799749675	-0.057253139894005566	-0.0004930767524434807
-7.72215269086358	-0.05737681277589577	-0.0004952218060343644
-7.697121401752189	-0.05750102419325825	-0.0004973810076532365
-7.672090112640801	-0.05762577770139745	-0.0004995544835415877
-7.647058823529412	-0.057751076887370516	-0.0005017423613769082
-7.622027534418023	-0.05787692537034861	-0.0005039447702928077
-7.596996245306634	-0.058003326801983654	-0.0005061618408994728
-7.571964956195245	-0.05813028486677998	-0.0005083937053044741
-7.546933667083856	-0.058257803282471314	-0.0005106404971339262
-7.5219023779724665	-0.05838588580040312	-0.0005129023515540071
-7.496871088861077	-0.058514536205920335	-0.0005151794052928496
-7.471839799749688	-0.0586437583187606	-0.0005174717966628039
-7.446808510638299	-0.058773555993453075	-0.0005197796655830879
-7.421777221526909	-0.05890393311972312	-0.0005221031536028263
-7.39674593241552	-0.059034893622902554	-0.0005244424039244908
-7.371714643304131	-0.05916644146434604	-0.0005267975614277469
-7.346683354192741	-0.05929858064185327	-0.0005291687726937179
-7.321652065081352	-0.05943131519009744	-0.0005315561860296729
-7.296620775969963	-0.05956464918105987	-0.0005339599514941492
-7.2715894868585735	-0.059698586724470946	-0.0005363802209225183
-7.246558197747184	-0.059833131968257534	-0.0005388171479530023
-7.221526908635795	-0.05996828909899694	-0.0005412708880531543
-7.196495619524406	-0.06010406234237752	-0.0005437415985468085
-7.171464330413016	-0.060240455963666145	-0.0005462294386415135
-7.146433041301627	-0.0603774742681825	-0.0005487345694564572
-7.121401752190238	-0.0605151216017805	-0.0005512571540508934
-7.0963704630788484	-0.060653402351336816	-0.0005537973574530838
-7.071339173967459	-0.0607923209452467	-0.000556355346689762
-7.04630788485607	-0.060931881853927256	-0.0005589312908161357
-7.0212765957446805	-0.06107208959032831	-0.0005615253609464357
-6.996245306633291	-0.06121294871045087	-0.0005641377302850244
-6.971214017521902	-0.06135446381387354	-0.0005667685741580764
-6.946182728410513	-0.061496639544286864	-0.0005694180700458437
-6.921151439299123	-0.061639480590035794	-0.0005720863976155191
-6.896120150187734	-0.06178299168467051	-0.0005747737387547105
-6.871088861076345	-0.06192717760750559	-0.0005774802776055372
-6.8460575719649555	-0.06207204318418783	-0.0005802062005993696
-6.821026282853566	-0.06221759328727283	-0.0005829516964922179
-6.795994993742177	-0.06236383283681042	-0.0005857169564007901
-6.770963704630788	-0.06251076680093932	-0.000588502173839233
-6.745932415519399	-0.06265840019649088	-0.0005913075447565721
-6.720901126408009	-0.06280673808960249	-0.0005941332675748662
-6.69586983729662	-0.06295578559634034	-0.0005969795432280906
-6.670838548185231	-0.06310554788333218	-0.0005998465752017734
-6.645807259073841	-0.06325603016841011	-0.0006027345695733932
-6.620775969962453	-0.06340723772126322	-0.0006056437350535596
-6.595744680851063	-0.06355917586410115	-0.0006085742830280003
-6.570713391739676	-0.06371184997232765	-0.000611526427600363
-6.545682102628285	-0.06386526547522553	-0.0006145003856358614
-6.520650813516897	-0.06401942785665199	-0.0006174963768057779
-6.495619524405506	-0.06417434265574574	-0.0006205146236328517
-6.470588235294117	-0.06433001546764514	-0.0006235553515375621
-6.445556946182729	-0.06448645194421831	-0.0006266187888853407
-6.420525657071338	-0.06464365779480502	-0.0006297051670347283
-6.395494367959951	-0.06480163878697055	-0.0006328147203864961
-6.37046307884856	-0.06496040074727238	-0.0006359476864337673
-6.34543178973717	-0.06511994956203898	-0.0006391043058131481
-6.320400500625783	-0.065280291178162	-0.000642284822356906
-6.295369211514392	-0.06544143160390127	-0.0006454894831462135
-6.270337922403004	-0.06560337690970326	-0.0006487185385654862
-6.245306633291613	-0.0657661332290336	-0.0006519722423578458
-6.2202753441802265	-0.06592970675922298	-0.0006552508516817281
-6.195244055068836	-0.06609410376232791	-0.0006585546271686767
-6.170212765957448	-0.06625933056600568	-0.0006618838329823417
-6.145181476846059	-0.06642539356440445	-0.0006652387368787205
-6.120150187734667	-0.06659229921906826	-0.0006686196102676714
-6.09511889862328	-0.06676005405985783	-0.0006720267282757302
-6.070087609511891	-0.06692866468588705	-0.0006754603698102715
-6.0450563204005014	-0.06709813776647565	-0.0006789208176250368
-6.020025031289112	-0.06726848004211856	-0.0006824083583870802
-5.994993742177721	-0.06743969832547185	-0.0006859232827451569
-5.9699624530663336	-0.0676117995023563	-0.0006894658853996014
-5.9449311639549425	-0.06778479053277826	-0.00069303646517373
-5.919899874843555	-0.06795867845196872	-0.0006966353250868117
-5.894868585732166	-0.0681334703714408	-0.0007002627724286485
-5.869837296620776	-0.06830917348006584	-0.0007039191188358096
-5.844806007509387	-0.06848579504516909	-0.0007076046803695652
-5.819774718397998	-0.06866334241364458	-0.0007113197775955647
-5.7947434292866085	-0.0688418230130906	-0.0007150647356653132
-5.769712140175219	-0.06902124435296535	-0.0007188398843994887
-5.74468085106383	-0.0692016140257638	-0.0007226455583731595
-5.719649561952441	-0.06938293970821606	-0.0007264820970029517
-5.694618272841051	-0.06956522916250753	-0.0007303498446362232
-5.669586983729662	-0.06974849023752187	-0.0007342491506423029
-5.644555694618273	-0.0699327308701068	-0.0007381803695058548
-5.619524405506883	-0.0701179590863634	-0.0007421438609224294
-5.594493116395494	-0.07030418300295971	-0.0007461399898962668
-5.569461827284105	-0.07049141082846883	-0.0007501691268404194
-5.5444305381727155	-0.07067965086473242	-0.0007542316476792648
-5.519399249061326	-0.07086891150824998	-0.0007583279339534783
-5.494367959949937	-0.07105920125159466	-0.0007624583729275468
-5.469336670838549	-0.07125052868485614	-0.0007666233576998973
-5.444305381727158	-0.07144290249711147	-0.0007708232873157273
-5.419274092615769	-0.07163633147792407	-0.000775058566882618
-5.3942428035043815	-0.07183082451887222	-0.000779329607689028
-5.36921151439299	-0.07202639061510743	-0.000783636827325759
-5.344180225281603	-0.07222303886694299	-0.0007879806498104826
-5.319148936170212	-0.0724207784814748	-0.0007923615057154604
-5.2941176470588225	-0.07261961877423342	-0.0007967798322985304
-5.269086357947435	-0.07281956917087008	-0.000801236073637512
-5.244055068836044	-0.07302063920887607	-0.0008057306807681321
-5.219023779724656	-0.0732228385393369	-0.0008102641118256045
-5.193992490613266	-0.07342617692872265	-0.0008148368321900234
-5.168961201501876	-0.07363066426071438	-0.0008194493146356912
-5.1439299123904885	-0.07383631053806858	-0.0008241020394845718
-5.1188986232791	-0.07404312588452044	-0.0008287954947640344
-5.09386733416771	-0.07425112054672639	-0.0008335301763690714
-5.06883604505632	-0.074460304896248	-0.0008383065882292209
-5.043804755944931	-0.07467068943157762	-0.0008431252424804101
-5.018773466833542	-0.07488228478020761	-0.0008479866596419949
-4.993742177722154	-0.07509510170074386	-0.0008528913687992732
-4.968710888610763	-0.07530915108506536	-0.0008578399077918182
-4.943679599499373	-0.07552444396053103	-0.0008628328234080055
-4.918648310387985	-0.07574099149223551	-0.0008678706715861774
-4.893617021276597	-0.07595880498531538	-0.0008729540176229673
-4.868585732165207	-0.07617789588730743	-0.0008780834363893934
-4.843554443053817	-0.076398275790561	-0.0008832595125554636
-4.818523153942427	-0.07661995643470632	-0.0008884828408241929
-4.793491864831038	-0.07684294970918083	-0.0008937540261761301
-4.768460575719651	-0.07706726765581613	-0.0008990736841257845
-4.7434292866082615	-0.07729292247148775	-0.0009044424409916723
-4.71839799749687	-0.07751992651083081	-0.0009098609341822182
-4.69336670838548	-0.07774829228902473	-0.0009153298125003678
-4.668335419274092	-0.07797803248465035	-0.0009208497364706689
-4.643304130162704	-0.0782091599426237	-0.000926421378693792
-4.618272841051315	-0.07844168767721067	-0.0009320454242351423
-4.593241551939924	-0.07867562887512777	-0.0009377225710566092
-4.568210262828536	-0.07891099689873453	-0.0009434535305038563
-4.543178973717147	-0.079147805289324	-0.0009492390278664014
-4.518147684605758	-0.07938606777051752	-0.0009550798030347692
-4.4931163954943685	-0.07962579825177026	-0.0009609766112893232
-4.468085106382977	-0.07986701083199207	-0.0009669302242707193
-4.44305381727159	-0.0801097198032836	-0.0009729414312049921
-4.418022528160201	-0.0803539396547782	-0.0009790110404912819
-4.392991239048811	-0.08059968507655729	-0.0009851398818138454
-4.367959949937422	-0.08084697096356273	-0.0009913288090226456
-4.342928660826031	-0.0810958124193376	-0.000997578704154173
-4.317897371714643	-0.08134622475923796	-0.0010038904831582527
-4.292866082603254	-0.08159822351237357	-0.0010102651041825285
-4.267834793491865	-0.08185182442073856	-0.0010167035796512327
-4.2428035043804755	-0.08210704343234372	-0.0010232069937661265
-4.217772215269086	-0.08236389668176272	-0.0010297765269818258
-4.192740926157699	-0.08262240044471958	-0.0010364134867199123
-4.167709637046308	-0.08288257104107286	-0.001043119333461019
-4.142678347934918	-0.08314442464477362	-0.0010498956574640933
-4.117647058823529	-0.08340797697005121	-0.001056743969255606
-4.09261576971214	-0.08367324297608564	-0.0010636650004811087
-4.067584480600752	-0.08394023736160698	-0.0010706572723187071
-4.042553191489361	-0.08420897726376493	-0.0010777161652310151
-4.017521902377972	-0.08447948575522285	-0.001084837149360205
-3.9924906132665825	-0.0847517893537354	-0.001092021896915228
-3.967459324155193	-0.08502591075584887	-0.0010992775662980803
-3.9424280350438052	-0.08530186759571391	-0.0011066105577688375
-3.917396745932415	-0.0855796761886769	-0.0011140241058409848
-3.8923654568210257	-0.08585935384439791	-0.00112151948821521
-3.867334167709638	-0.08614091915363573	-0.0011290973636218474
-3.8423028785982494	-0.08642439166464963	-0.0011367583728781661
-3.8172715894868587	-0.08670979158896171	-0.001144503306606716
-3.7922403003754686	-0.08699713963093389	-0.0011523331170607148
-3.7672090112640793	-0.08728645690372862	-0.0011602488914750704
-3.7421777221526913	-0.0875777648923292	-0.0011682518238953633
-3.717146433041303	-0.0878710854402547	-0.0011763431938965861
-3.6921151439299127	-0.08816644074795196	-0.0011845243523536913
-3.6670838548185225	-0.08846385337697894	-0.0011927967127196805
-3.6420525657071328	-0.08876334625713914	-0.0012011617463664327
-3.617021276595745	-0.08906494269519286	-0.001209620981009929
-3.5919899874843564	-0.08936866638445805	-0.0012181760017052233
-3.566958698372966	-0.08967454141490536	-0.001226828454307803
-3.541927409261576	-0.08998259228340504	-0.0012355800516966862
-3.5168961201501876	-0.09029284390363192	-0.0012444325835067444
-3.4918648310387996	-0.09060532161469201	-0.0012533879307012846
-3.46683354192741	-0.09092005118656546	-0.0012624480871097372
-3.4418022528160197	-0.0912370588184265	-0.0012716151910844356
-3.4167709637046295	-0.09155637112167796	-0.0012808915714503288
-3.391739674593241	-0.09187801507086028	-0.0012902798116785743
-3.366708385481853	-0.09220201788842879	-0.0012997828301173145
-3.341677096370464	-0.09252840679908074	-0.0013094039475517855
-3.3166458072590737	-0.09285720855380725	-0.001319146826239638
-3.291614518147683	-0.09318844866757317	-0.0013290149379625899
-3.2665832290362946	-0.09352215077886294	-0.0013390098614516747
-3.2415519399249066	-0.09385833798123924	-0.001349128078164964
-3.2165206508135173	-0.09419703872175697	-0.0013593594399601008
-3.191489361702127	-0.09453829303185575	-0.0013696939065728506
-3.166458072590739	-0.09488214786393047	-0.0013801315567163843
-3.14142678347935	-0.09522864708706617	-0.0013906820788849885
-3.11639549436796	-0.09557782802178297	-0.0014013588784922162
-3.091364205256571	-0.09592972176296817	-0.0014121740721260879
-3.0663329161451807	-0.09628435671563507	-0.001423135027470657
-3.0413016270337927	-0.09664176265292469	-0.0014342450325204594
-3.0162703379224034	-0.09700197203744335	-0.001445505678147231
-2.991239048811014	-0.09736501961730719	-0.0014569183643668507
-2.966207759699625	-0.09773094178315644	-0.0014684848275467125
-2.941176470588234	-0.09809977614249638	-0.0014802072209511687
-2.916145181476846	-0.09847156130004679	-0.001492088063239279
-2.891113892365457	-0.09884633676099429	-0.0015041301701184775
-2.8660826032540676	-0.09922414289838517	-0.0015163365996010735
-2.8410513141426783	-0.09960502095265049	-0.0015287106141362043
-2.816020025031289	-0.0999890130472499	-0.0015412556562775443
-2.790988735919901	-0.10037616221266919	-0.0015539753340216818
-2.7659574468085104	-0.10076651241505492	-0.0015668734128109526
-2.740926157697121	-0.1011601085877353	-0.0015799538121150467
-2.715894868585732	-0.10155699666483087	-0.0015932206052064455
-2.6908635794743425	-0.10195722361662625	-0.0016066780212261318
-2.6658322903629545	-0.1023608374866072	-0.0016203304489546288
-2.6408010012515644	-0.102767887430184	-0.001634182441911922
-2.615769712140175	-0.10317842375518176	-0.0016482387245465705
-2.5907384230287853	-0.10359249796421177	-0.0016625041993649633
-2.565707133917396	-0.10401016279905716	-0.0016769839549127179
-2.540675844806008	-0.10443147228721887	-0.0016916832745622493
-2.515644555694618	-0.10485648179077976	-0.0017066076460903333
-2.4906132665832286	-0.10528524805775415	-0.0017217627720512929
-2.4655819774718406	-0.10571782927610165	-0.0017371545809682163
-2.440550688360452	-0.10615428513059595	-0.001752789239378052
-2.4155193992490616	-0.10659467686275216	-0.0017686731647778785
-2.3904881101376714	-0.10703906733403075	-0.001784813039529929
-2.365456821026282	-0.10748752109255397	-0.0018012158257926518
-2.340425531914894	-0.10794010444358634	-0.0018178887815545983
-2.3153942428035057	-0.1083968855240535	-0.0018348394778577083
-2.2903629536921155	-0.10885793438139382	-0.001852075817306703
-2.2653316645807253	-0.10932332305706309	-0.0018696060539721744
-2.2403003754693356	-0.10979312567503925	-0.0018874388148066934
-2.2152690863579476	-0.11026741853570371	-0.0019055831227060567
-2.190237797246559	-0.11074628021550922	-0.0019240484213619018
-2.165206508135169	-0.11122979167288032	-0.001942844602067478
-2.140175219023779	-0.11171803636083268	-0.001961982032655659
-2.1151439299123904	-0.1122111003468421	-0.001981471588767527
-2.0901126408010025	-0.1127090724405428	-0.002001324687671328
-2.0650813516896127	-0.11321204432988861	-0.002021553324875617
-2.0400500625782225	-0.11372011072647212	-0.0020421701138073666
-2.0150187734668323	-0.11423336952076134	-0.002063188328855995
-1.989987484355444	-0.11475192194809003	-0.0020846219521182996
-1.9649561952440555	-0.11527587276631805	-0.0021064857242175375
-1.939924906132667	-0.11580533044617064	-0.0021287951996131005
-1.914893617021277	-0.1163404073753678	-0.0021515668068660307
-1.8898623279098858	-0.11688122007776808	-0.002174817914380833
-1.8648310387984974	-0.1174278894488789	-0.002198566902206683
-1.839799749687109	-0.1179805410092278	-0.002222833240552152
-1.8147684605757206	-0.11853930517724724	-0.0022476375757484223
-1.7897371714643304	-0.1191043175635065	-0.0022730018244880405
-1.764705882352942	-0.11967571928832273	-0.002298949277271306
-1.7396745932415527	-0.12025365732501073	-0.002325504712112514
-1.7146433041301625	-0.12083828487128478	-0.002352694519695777
-1.6896120150187741	-0.12142976175161305	-0.0023805468413279716
-1.664580725907384	-0.12202825485365046	-0.002409091721217767
-1.6395494367959955	-0.12263393860224188	-0.0024383612748185308
-1.6145181476846062	-0.12324699547490617	-0.00246838987521413
-1.589486858573217	-0.12386761656318279	-0.0024992143598053427
-1.5644555694618276	-0.12449600218476331	-0.0025308742598778374
-1.5394242803504374	-0.1251323625519419	-0.0025634120560078877
-1.514392991239049	-0.1257769185026225	-0.0025968734626989364
-1.4893617021276597	-0.12642990230091986	-0.0026313077461517895
-1.4643304130162704	-0.1270915585153134	-0.0026667680796673685
-1.4392991239048811	-0.1277621449833677	-0.0027033119418799173
-1.4142678347934918	-0.12844193387324998	-0.0027410015638400223
-1.3892365456821025	-0.12913121285367707	-0.0027799044319349727
-1.3642052565707132	-0.12983028638554425	-0.002820093854777996
-1.339173967459324	-0.1305394771503679	-0.0028616496035534975
-1.3141426783479346	-0.13125912763285108	-0.00290465863691642
-1.2891113892365453	-0.1319896018774202	-0.00294921592346396
-1.264080100125157	-0.13273128744153817	-0.0029954253770936457
-1.2390488110137667	-0.13348459757206024	-0.0030434009233152436
-1.2140175219023774	-0.13424997363495278	-0.0030932677178974874
-1.1889862327909881	-0.13502788783346287	-0.0031451635432316956
-1.1639549436795988	-0.1358188462554398	-0.003199240412642617
-1.1389236545682104	-0.136623392297145	-0.0032556664187736724
-1.1138923654568202	-0.13744211051874325	-0.003314627869372939
-1.0888610763454318	-0.13827563099600365	-0.003376331762630442
-1.0638297872340434	-0.1391246342438582	-0.0034410086650780354
-1.0387984981226523	-0.13998985680074813	-0.00350891606848725
-1.013767209011264	-0.14087209757860494	-0.003580342318867472
-0.9887359198998737	-0.14177222510243795	-0.0036556112314558168
-0.9637046307884853	-0.14269118578654588	-0.0037350875316455243
-0.9386733416770969	-0.14363001342223206	-0.003819183294621511
-0.9136420525657085	-0.14458984008567066	-0.003908365598032818
-0.8886107634543183	-0.14557190871562709	-0.004003165654949518
-0.8635794743429273	-0.14657758766077877	-0.0041041897621145905
-0.8385481852315388	-0.14760838755754224	-0.0042121324857948336
-0.8135168961201504	-0.1486659809742279	-0.004327792620692712
-0.788485607008762	-0.1497522253492869	-0.0044520926050290975
-0.7634543178973718	-0.15086918986442518	-0.004586102268882333
-0.7384230287859816	-0.1520191870323484	-0.004731068049541594
-0.7133917396745932	-0.15320480994979982	-0.004888449149831867
-0.6883604505632039	-0.1544289763762857	-0.005059962575201282
-0.6633291614518155	-0.15569498105524263	-0.0052476396083936585
-0.6382978723404253	-0.15700655800545196	-0.005453897132022661
-0.6132665832290352	-0.1583679548831678	-0.005681628383697085
-0.5882352941176467	-0.15978402195249747	-0.005934319363373951
-0.5632040050062583	-0.16126031869554874	-0.006216199411756749
-0.5381727158948699	-0.16280324161485013	-0.006532437745147295
-0.5131414267834788	-0.16442017725264688	-0.006889402423334894
-0.48811013767208866	-0.16611968470717087	-0.007295005039062512
-0.46307884856070025	-0.16791171161649138	-0.007759164421483422
-0.43804755944931184	-0.1698078460034525	-0.008294437505365775
-0.41301627033792343	-0.17182160213175823	-0.008916887836663806
-0.38798498122653324	-0.17396872883726933	-0.009647296060498984
-0.36295369211514483	-0.17626750814040754	-0.010512868616119542
-0.33792240300375376	-0.17873896921353896	-0.011549680795387733
-0.31289111389236535	-0.1814068554408675	-0.012806213548807215
-0.28785982478097694	-0.18429700408781136	-0.014348531517062137
-0.26282853566958675	-0.18743543284861525	-0.01626792792381117
-0.23779724655819834	-0.19084367410071623	-0.01869224039618192
-0.21276595744680904	-0.1945283365834109	-0.02180244129618839
-0.18773466833541974	-0.19845865489418668	-0.02585610180828785
-0.16270337922403044	-0.20251933519004361	-0.031217331827811078
-0.13767209011264026	-0.20641419608875192	-0.038383640937620096
-0.11264080100125184	-0.20948017813187142	-0.047969041181133966
-0.08760951188986255	-0.21037725632501159	-0.06051653533211552
-0.06257822277847325	-0.20677129922419707	-0.07584930550984711
-0.03754693366708395	-0.19571422195714777	-0.09168378228688347
-0.01251564455569465	-0.17614536934473757	-0.10254817111202214
0.01251564455569465	-0.15252915722617497	-0.10259995912575072
0.03754693366708395	-0.13298616410406938	-0.0918391722145729
0.06257822277847325	-0.12198081865911548	-0.0761083750562941
0.08760951188986255	-0.1184524914168798	-0.06087941415662418
0.11264080100125184	-0.11945313611657873	-0.0484359111257414
0.13767209011264114	-0.12264867289832707	-0.03895473634916463
0.16270337922403044	-0.12669914141288247	-0.031892939976470566
0.18773466833541974	-0.1309415600198109	-0.026636563406066842
0.21276595744680726	-0.13507983846372829	-0.022688151119786712
0.23779724655819834	-0.13899878749854835	-0.01968364801972203
0.26282853566958764	-0.14266775997650166	-0.017365538568112116
0.28785982478097694	-0.1460934967653204	-0.015552907023518322
0.31289111389236623	-0.14929767649038478	-0.014117973487543616
0.33792240300375376	-0.15230647749136772	-0.012969503719249133
0.36295369211514483	-0.15514591238935546	-0.012041493474289216
0.38798498122653235	-0.15783991498507077	-0.011285523788223215
0.41301627033792343	-0.16040972032036663	-0.010665583140783613
0.43804755944931273	-0.16287383217604456	-0.010154530869274075
0.46307884856070025	-0.16524823752807202	-0.009731654357908731
0.4881101376720913	-0.16754670570577454	-0.009380960624962761
0.5131414267834788	-0.16978109733305893	-0.009089966158465287
0.5381727158948699	-0.17196165086714219	-0.008848828784932622
0.5632040050062574	-0.1740972352090864	-0.00864971723646769
0.5882352941176467	-0.17619556654850277	-0.008486347959950277
0.6132665832290378	-0.1782633918507108	-0.00835364103478443
0.6382978723404253	-0.18030664297480867	-0.008247461930099632
0.6633291614518164	-0.18233056572434517	-0.008164425842896604
0.6883604505632039	-0.1843398278813805	-0.008101748179530039
0.7133917396745932	-0.1863386098082703	-0.008057129446094142
0.7384230287859808	-0.1883306806873781	-0.008028666096098418
0.7634543178973718	-0.1903194629833052	-0.008014781205103636
0.7884856070087629	-0.19230808728515944	-0.008014170507496718
0.8135168961201504	-0.19429943932551938	-0.00802576054727845
0.8385481852315397	-0.1962962006751241	-0.008048676605686405
0.8635794743429273	-0.19830088437034296	-0.008082218775816732
0.8886107634543183	-0.20031586653430794	-0.008125845135078358
0.9136420525657059	-0.20234341489037524	-0.008179161483620575
0.9386733416770969	-0.20438571492299265	-0.008241917630182782
0.9637046307884862	-0.2064448942930384	-0.008314010781211993
0.9887359198998737	-0.20852304592334592	-0.008395497307024078
1.0137672090112648	-0.21062224986376377	-0.00848661513597353
1.0387984981226523	-0.21274459348601266	-0.00858782043621958
1.0638297872340434	-0.21489218847457942	-0.00869984434670684
1.088861076345431	-0.21706718092285832	-0.008823778709475786
1.1138923654568202	-0.21927174649304368	-0.00896120459994324
1.1389236545682113	-0.22150805373198287	-0.009114384644565893
1.1639549436795988	-0.22377816040063633	-0.009286550091078333
1.18898623279099	-0.22608376993569046	-0.00948232490527378
1.2140175219023774	-0.22842569720530695	-0.009708332774711026
1.2390488110137667	-0.23080273526593278	-0.009973993766679684
1.264080100125156	-0.2332093196470612	-0.010292319237948537
1.2891113892365453	-0.235630951477886	-0.01067981437991899
1.3141426783479364	-0.23803627007254174	-0.011152582739607035
1.339173967459324	-0.24036765494297568	-0.01171150314982231
1.3642052565707132	-0.24254572065306998	-0.012307457963053188
1.3892365456821025	-0.24452568984295875	-0.01280452970834823
1.4142678347934918	-0.24640185358827668	-0.01303175917667012
1.4392991239048811	-0.2483951400600372	-0.012953040170838636
1.4643304130162704	-0.25065816189249535	-0.0127121533269117
1.4893617021276597	-0.25318425949412815	-0.012471532311437383
1.514392991239049	-0.2558961471711372	-0.012308819378868734
1.5394242803504383	-0.25872661228779803	-0.01223595977422193
1.5644555694618276	-0.2616363128524556	-0.012239916060511755
1.589486858573217	-0.2646063199328265	-0.012303805010348804
1.6145181476846044	-0.2676290887799526	-0.012413553758314612
1.6395494367959955	-0.27070279086683263	-0.01255883329858071
1.6645807259073848	-0.27382833086350894	-0.012732411059876022
1.6896120150187741	-0.27700787929646375	-0.012929312368448945
1.7146433041301634	-0.2802441738429991	-0.013146141581638926
1.739674593241551	-0.28354019582748663	-0.013380597038582727
1.764705882352942	-0.28689902743957246	-0.013631139419976417
1.7897371714643295	-0.29032379542662384	-0.013896768077947918
1.8147684605757206	-0.2938176557482204	-0.014176870243372972
1.83979974968711	-0.2973837972003813	-0.014471118804814852
1.8648310387984974	-0.3010254534081376	-0.014779402487210293
1.8898623279098885	-0.30474591813861246	-0.015101777811649276
1.914893617021276	-0.3085485616088069	-0.015438435869143148
1.939924906132667	-0.312436846797207	-0.015789679312418307
1.9649561952440546	-0.31641434541784524	-0.016155906508582056
1.989987484355444	-0.32048475352472816	-0.016537600799852437
2.015018773466835	-0.32465190685507833	-0.01693532348108286
2.0400500625782225	-0.32891979607784916	-0.017349709543481005
2.065081351689613	-0.33329258213277174	-0.01778146553118802
2.090112640801001	-0.33777461184668367	-0.01823136906071181
2.1151439299123904	-0.3423704340090458	-0.018700269694422896
2.1401752190237784	-0.34708481608263214	-0.01918909095909056
2.165206508135169	-0.35192276172102316	-0.019698833372355437
2.1902377972465596	-0.35688952926276274	-0.020230578393125885
2.2152690863579476	-0.36199065137337055	-0.02078549325224913
2.240300375469337	-0.3672319560109037	-0.021364836651606007
2.265331664580725	-0.3726195888985039	-0.021969965345921084
2.2903629536921155	-0.3781600376983639	-0.022602341644142463
2.315394242803503	-0.3838601580958065	-0.02326354188774419
2.340425531914894	-0.3897272020199044	-0.023955265982910867
2.3654568210262834	-0.3957688482483517	-0.024679348083197022
2.3904881101376714	-0.40199323566957373	-0.02543776853971949
2.415519399249062	-0.4084089995045407	-0.02623266725794063
2.4405506883604495	-0.41502531082507027	-0.027066358624342503
2.4655819774718406	-0.42185191974508485	-0.02794134819348655
2.490613266583228	-0.42889920270705983	-0.028860351356864666
2.515644555694618	-0.4361782143387405	-0.02982631425045689
2.5406758448060085	-0.44370074441602236	-0.03084243719898683
2.565707133917396	-0.45147938053813574	-0.03191220104269994
2.590738423028787	-0.4595275772023023	-0.03303939674844351
2.6157697121401746	-0.4678597320587142	-0.03422815877257182
2.6408010012515644	-0.4764912702352217	-0.03548300272074921
2.665832290362953	-0.4854387377469119	-0.03680886794149764
2.6908635794743425	-0.49471990515209163	-0.03821116579934879
2.7158948685857336	-0.5043538827865375	-0.03969583450334733
2.740926157697121	-0.5143612491067879	-0.04126940152195354
2.765957446808511	-0.5247641939059943	-0.042939054801692515
2.7909887359198997	-0.5355866784387858	-0.04471272423114508
2.816020025031289	-0.5468546148126289	-0.04659917506277144
2.841051314142678	-0.5585960673815026	-0.04860811533345815
2.8660826032540676	-0.5708414793249954	-0.05075031972430796
2.8911138923654573	-0.5836239281259807	-0.05303777278835462
2.916145181476846	-0.5969794142900208	-0.055483835073599594
2.9411764705882355	-0.6109471884004469	-0.05810343640610968
2.9662077596996244	-0.6255701225004587	-0.060913301509912116
2.991239048811014	-0.6408951328692972	-0.06393221427351017
3.0162703379224016	-0.6569736625527517	-0.06718132838718627
3.0413016270337927	-0.6738622335675831	-0.07068453384928683
3.066332916145182	-0.6916230805850175	-0.0744688910761247
3.091364205256571	-0.7103248801853846	-0.07856514718450434
3.1163954943679606	-0.7300435925571547	-0.08300835262780384
3.141426783479348	-0.7508634359054213	-0.08783860099600856
3.166458072590739	-0.7728780179815329	-0.09310192075949289
3.1914893617021267	-0.7961916542265781	-0.09885135548212193
3.2165206508135173	-0.8209209082592809	-0.10514827914649948
3.241551939924907	-0.8471963981066394	-0.11206400654031945
3.2665832290362946	-0.8751649210072376	-0.1196817762800021
3.2916145181476857	-0.9049919612112692	-0.12809920757668522
3.316645807259073	-0.936864659424094	-0.1374313635065749
3.341677096370464	-0.9709953399094847	-0.14781459649639364
3.366708385481852	-1.0076257123103753	-0.1594114105132281
3.391739674593241	-1.0470318903895963	-0.17241665562955447
3.416770963704632	-1.0895303992517458	-0.1870654838338512
3.4418022528160197	-1.135485375526029	-0.20364365438720333
3.4668335419274103	-1.185317199162792	-0.22250100391353686
3.4918648310387983	-1.2395128252483079	-0.24406922279776977
3.5168961201501876	-1.2986380971945717	-0.26888555422999855
3.5419274092615756	-1.3633522932532476	-0.2976247306896099
3.566958698372966	-1.4344250351378645	-0.3311425019387999
3.591989987484357	-1.5127553683950732	-0.3705356722210132
3.617021276595745	-1.5993921061241303	-0.4172259412136187
3.642052565707134	-1.6955530061284256	-0.4730784875981178
3.667083854818522	-1.802637213101099	-0.5405718521161477
3.6921151439299127	-1.9222189880233025	-0.623044332199625
3.7171464330413	-2.055997662805047	-0.7250552712289917
3.7421777221526913	-2.205651917643109	-0.8529189425403885
3.7672090112640806	-2.3724910585126904	-1.0154944314619732
3.7922403003754686	-2.5566811303977475	-1.2253398954662684
3.817271589486859	-2.755587422178827	-1.500329113373842
3.8423028785982467	-2.9603053328294577	-1.8656560205886021
3.867334167709638	-3.1486137392127516	-2.3554155090881053
3.8923654568210253	-3.2715677839071486	-3.0105189893783617
3.917396745932415	-3.2320206392372595	-3.863231947229995
3.9424280350438057	-2.866333943207293	-4.887582069696166
3.967459324155193	-1.9846789667744684	-5.902571867071321
3.9924906132665843	-0.5608134416611653	-6.52300766236548
4.017521902377972	1.0517283234786607	-6.399680223604645
4.042553191489361	2.326135505204072	-5.60913693038245
4.06758448060075	3.03191201240787	-4.55847547582793
4.09261576971214	3.2753865234848525	-3.577425218809328
4.117647058823531	3.250302154533126	-2.7873994259108565
4.142678347934918	3.099456677883076	-2.187938987443615
4.167709637046308	2.902433053960784	-1.7409124592120317
4.192740926157697	2.6979581374710797	-1.4067913407660773
4.217772215269086	2.503052770044274	-1.1542965895429107
4.2428035043804755	2.3241387477109163	-0.9607222944511219
4.267834793491865	2.1627220601405392	-0.8100434891404498
4.292866082603254	2.018159201086766	-0.6909982242194113
4.317897371714643	1.8889697199163937	-0.5956200410136957
4.342928660826033	1.773443727090307	-0.5182090047773739
4.367959949937422	1.6699109822136817	-0.45463176187098464
4.392991239048811	1.5768488823910276	-0.4018487499017749
4.418022528160199	1.4929150312793293	-0.3575936414125297
4.44305381727159	1.4169458281689424	-0.3201540390570403
4.468085106382979	1.34794104804368	-0.2882197058952276
4.4931163954943685	1.2850438987467403	-0.26077620665028156
4.518147684605758	1.2275209021080762	-0.23702941080807696
4.543178973717145	1.1747434339340768	-0.2163512199165101
4.568210262828536	1.1261715473139067	-0.19824007127378127
4.593241551939924	1.0813401403006104	-0.18229185566777076
4.618272841051315	1.0398472862272403	-0.16817826297228788
4.643304130162704	1.0013444586768316	-0.1556304871641192
4.668335419274092	0.9655283707864918	-0.1444268412795173
4.693366708385483	0.9321341686650478	-0.13438325503734624
4.71839799749687	0.9009297507455423	-0.1253459191214721
4.7434292866082615	0.8717110190807899	-0.117185543272977
4.768460575719649	0.8442979005513409	-0.1097928385654449
4.793491864831038	0.8185310040298314	-0.10307493624820185
4.818523153942429	0.7942688033861891	-0.09695252892073983
4.843554443053817	0.7713852560683797	-0.09135757308334547
4.868585732165208	0.7497677833305214	-0.08623143114833767
4.8936170212765955	0.7293155515350835	-0.08152335984724415
4.918648310387985	0.7099380048330326	-0.07718927346624536
4.943679599499372	0.6915536083714249	-0.07319072648566276
4.968710888610763	0.674088768369896	-0.06949407241310421
4.9937421777221545	0.6574769012602785	-0.0660697649068053
5.018773466833542	0.6416576288534238	-0.06289177442586702
5.043804755944931	0.6265760803927043	-0.05993709915769525
5.068836045056319	0.6121822855422752	-0.057185353257000214
5.09386733416771	0.5984306449749615	-0.05461841877922469
5.118898623279097	0.5852794673782359	-0.05222015032347654
5.1439299123904885	0.5726905634739405	-0.04997612348040538
5.168961201501878	0.5606288891185449	-0.04787341983332401
5.193992490613265	0.5490622307717796	-0.04590044258059664
5.219023779724656	0.537960927638252	-0.044046757906163934
5.244055068836044	0.5272976256355556	-0.04230295807848958
5.269086357947435	0.517047059053284	-0.04066054294911686
5.2941176470588225	0.5071858563644731	-0.039111817083755905
5.319148936170212	0.49769236715373455	-0.03764980021736824
5.344180225281603	0.4885465075510692	-0.0362681491005506
5.36921151439299	0.479729621919874	-0.03496108911368867
5.3942428035043815	0.4712243588529851	-0.03372335428064146
5.419274092615769	0.46301455979051703	-0.03255013452524955
5.444305381727158	0.45508515879499295	-0.03143702918982142
5.469336670838548	0.4474220922090787	-0.03038000598146404
5.494367959949937	0.4400122170838987	-0.029375364634874133
5.519399249061328	0.4328432374058295	-0.02841970468325193
5.5444305381727155	0.42590363727016656	-0.02750989681574062
5.569461827284105	0.4191826202541194	-0.0266430573730286
5.594493116395494	0.41267005433167375	-0.02581652559475605
5.619524405506883	0.40635642175092374	-0.0250278432849945
5.644555694618273	0.4002327733623778	-0.024274736606866153
5.669586983729662	0.3942906869458287	-0.023555099755588445
5.694618272841051	0.3885222291349454	-0.022866980291920882
5.719649561952441	0.38291992058382407	-0.022208565946019297
5.74468085106383	0.37747670405921147	-0.021578172725788193
5.769712140175219	0.37218591517675526	-0.02097423418456562
5.7947434292866085	0.36704125553007955	-0.02039529172087986
5.819774718397996	0.36203676798829604	-0.019839985798503733
5.844806007509387	0.3571668139611984	-0.01930704798845498
5.869837296620776	0.352426052452288	-0.01879529374624907
5.894868585732166	0.3478094207382438	-0.018303615847852357
5.919899874843555	0.3433121165298501	-0.017830978416628656
5.9449311639549425	0.3389295814839243	-0.017376411481293833
5.9699624530663336	0.3346574859487101	-0.01693900601165112
5.994993742177721	0.3304917148367225	-0.01651790938480359
6.020025031289112	0.3264283545292672	-0.016112321239738183
6.0450563204005014	0.32246368072604376	-0.015721489682752044
6.07008760951189	0.3185941471613986	-0.015344707810216804
6.09511889862328	0.31481637511615185	-0.014981310518733026
6.120150187734667	0.3111271436604728	-0.014630671575866096
6.145181476846059	0.3075233805691793	-0.014292200927433147
6.170212765957445	0.30400215385614765	-0.013965342219775419
6.195244055068836	0.30056066387925784	-0.013649570517632773
6.2202753441802265	0.2971962359716323	-0.01334439020018348
6.245306633291613	0.29390631355876073	-0.013049333019537281
6.270337922403005	0.29068845172462404	-0.012763956307512671
6.295369211514392	0.2875403111930894	-0.012487841317903526
6.320400500625783	0.2844596526936874	-0.012220591692666477
6.3454317897371695	0.2814443316835064	-0.011961832041562192
6.37046307884856	0.2784922933992514	-0.011711206625764038
6.395494367959952	0.2756015682156812	-0.01146837813683322
6.420525657071338	0.2727702672885466	-0.011233026563249022
6.445556946182729	0.26999657846192987	-0.011004848137395915
6.470588235294116	0.2672787624214946	-0.010783554356550366
6.495619524405506	0.26461514907659367	-0.010568871071985302
6.520650813516895	0.26200413415554813	-0.010360537640832992
6.545682102628285	0.25944417599959835	-0.010158306135814508
6.570713391739676	0.2569337925421608	-0.009961940608370076
6.5957446808510625	0.2544715584610324	-0.009771216401107567
6.620775969962453	0.2520561024921135	-0.009585919505834189
6.645807259073841	0.24968610489408638	-0.009405845963752114
6.670838548185231	0.24736029505424895	-0.009230801304683338
6.695869837296622	0.24507744922644065	-0.009060600022450028
6.720901126408009	0.24283638839264318	-0.00889506508377135
6.745932415519399	0.2406359762404489	-0.008734027468252846
6.770963704630788	0.23847511724915368	-0.008577325737240127
6.795994993742178	0.2363527548777289	-0.008424805629485648
6.821026282853566	0.23426786984841788	-0.00827631968174102
6.8460575719649555	0.23221947852012095	-0.008131726872534295
6.871088861076346	0.2302066313461497	-0.007990892287528152
6.896120150187734	0.22822841141129102	-0.007853686804977852
6.921151439299124	0.22628393304346994	-0.007719986799921636
6.946182728410513	0.2243723404956175	-0.007589673865839863
6.971214017521902	0.22249280669363816	-0.007462634552614087
6.996245306633291	0.22064453204664997	-0.007338760119704772
7.0212765957446805	0.21882674331591423	-0.007217946303546056
7.046307884856071	0.21703869253911043	-0.007100093098229711
7.071339173967459	0.21527965600682572	-0.006985104548617932
7.0963704630788484	0.21354893328832747	-0.006872888555086622
7.121401752190238	0.21184584630387773	-0.0067633566891582885
7.146433041301627	0.21016973844101655	-0.006656424019336051
7.171464330413016	0.20851997371240533	-0.006552008946499038
7.196495619524406	0.20689593595296993	-0.006450033048264098
7.221526908635795	0.20529702805422262	-0.006350420931760162
7.246558197747184	0.2037226712337707	-0.006253100094299674
7.2715894868585735	0.2021723043381425	-0.006158000791466829
7.296620775969963	0.20064538317717262	-0.006065055912174941
7.321652065081352	0.19914137988829253	-0.005974200860275419
7.3466833541927405	0.1976597823291744	-0.005885373442328748
7.371714643304131	0.19620009349726203	-0.005798513761173751
7.39674593241552	0.19476183097481503	-0.005713564114955417
7.421777221526909	0.1933445263981645	-0.005630468901293652
7.446808510638299	0.19194772494996218	-0.005549174526296176
7.471839799749687	0.19057098487326637	-0.005469629318137708
7.496871088861077	0.1892138770063802	-0.005391783444945513
7.521902377972466	0.1878759843374153	-0.005315588836747875
7.546933667083856	0.18655690157761254	-0.005240999111257345
7.571964956195245	0.18525623475250597	-0.005167969503275106
7.5969962453066335	0.1839736008100655	-0.005096456797515881
7.622027534418024	0.18270862724500259	-0.005026419264665365
7.647058823529412	0.18146095173846705	-0.004957816600493704
7.672090112640802	0.18023022181240317	-0.004890609867859138
7.697121401752189	0.17901609449787803	-0.004824761441446294
7.72215269086358	0.17781823601672322	-0.004760234955092563
7.74718397997497	0.1766363214758762	-0.00469699525156524
7.772215269086359	0.17547003457383017	-0.004635008334659748
7.797246558197749	0.17431906731863886	-0.004574241323497349
7.8222778473091354	0.1731831197569505	-0.004514662408907658
7.8473091364205265	0.17206189971356817	-0.004456240811787921
7.872340425531913	0.17095512254106676	-0.0043989467433375225
7.897371714643305	0.16986251087901225	-0.004342751367071589
7.922403003754695	0.1687837944223615	-0.004287626762523622
7.947434292866082	0.16771870969863242	-0.004233545890551601
7.972465581977473	0.1666669998534626	-0.004180482560167306
7.99749687108886	0.16562841444419057	-0.004128411396812908
8.022528160200253	0.16460270924110898	-0.0040773078120129825
8.047559449311638	0.16358964603606405	-0.004027147974334456
8.072590738423028	0.16258899245808067	-0.0039779087815901785
8.09762202753442	0.16160052179572024	-0.003929567834225933
8.122653316645806	0.16062401282588276	-0.00388210340983348
8.147684605757199	0.1596592496487813	-0.0038354944387354616
8.172715894868585	0.15870602152883592	-0.003789720480591253
8.197747183979974	0.1577641227412339	-0.0037447617019748737
8.222778473091363	0.15683335242392926	-0.0037005988548794513
8.247809762202753	0.15591351443485293	-0.003657213256104466
8.272841051314145	0.1550044172141235	-0.0036145867674847454
8.297872340425531	0.15410587365105524	-0.0035727017769221258
8.32290362953692	0.15321770095576792	-0.003531541180182666
8.34793491864831	0.15233972053521727	-0.0034910883634245004
8.3729662077597	0.15147175787346612	-0.003451327186422817
8.397997496871088	0.15061364241603012	-0.0034122419664604623
8.423028785982478	0.14976520745813632	-0.003373817462854147
8.448060075093867	0.1489262900367416	-0.0033360388620877345
8.473091364205256	0.14809673082616406	-0.0032988917635255683
8.498122653316646	0.14727637403718694	-0.0032623621656801102
8.523153942428035	0.14646506731950165	-0.003226436453009455
8.548185231539424	0.1456626616673609	-0.00319110138322148
8.573216520650814	0.1448690113283205	-0.003156344075062538
8.598247809762203	0.14408397371495146	-0.0031221519965696767
8.623279098873592	0.14330740931941105	-0.0030885129537663834
8.648310387984981	0.1425391816307651	-0.003055415079782831
8.67334167709637	0.14177915705495864	-0.0030228468243824885
8.69837296620776	0.14102720483733686	-0.002990796943877867
8.72340425531915	0.14028319698762184	-0.002959254491418951
8.748435544430539	0.13954700820725455	-0.0029282088076386633
8.773466833541928	0.13881851581901625	-0.002897649511640437
8.798498122653317	0.13809759969884558	-0.0028675664923136827
8.823529411764707	0.1373841422097725	-0.0028379498999635826
8.848560700876096	0.1366780281378922	-0.00280879013824227
8.873591989987485	0.1359791446303068	-0.0027800778563690717
8.898623279098874	0.13528738113496325	-0.0027518039416280326
8.92365456821026	0.13460262934232206	-0.0027239595121314832
8.948685857321653	0.13392478312878994	-0.002696535909838909
8.973717146433042	0.13325373850185765	-0.0026695246938209533
8.998748435544432	0.13258939354687907	-0.0026429176337586344
9.023779724655821	0.1319316483754387	-0.0026167067036685712
9.048811013767207	0.13128040507525024	-0.0025908840758452063
9.0738423028786	0.1306355676615336	-0.0025654421150114936
9.098873591989985	0.1299970420298216	-0.002540373372669966
9.123904881101378	0.12936473591014389	-0.0025156705816462375
9.148936170212767	0.12873855882254656	-0.002491326650817662
9.173967459324153	0.12811842203389692	-0.0024673346600198346
9.198998748435546	0.12750423851593393	-0.0024436878551242188
9.224030037546932	0.1268959229045223	-0.0024203796432803585
9.249061326658325	0.12629339146006716	-0.002397403588316309
9.27409261576971	0.12569656202905585	-0.002374753406291481
9.2991239048811	0.12510535400668424	-0.002352422961195954
9.324155193992492	0.12451968830053674	-0.0023304062607909437
9.349186483103878	0.12393948729528263	-0.002308697452585061
9.374217772215271	0.12336467481835575	-0.002287290819941302
9.399249061326657	0.12279517610658855	-0.0022661807783100475
9.424280350438046	0.12223091777376519	-0.002245361871583283
9.449311639549435	0.12167182777906901	-0.002224828768565746
9.474342928660825	0.12111783539639205	-0.002204576259558624
9.499374217772218	0.1205688711844813	-0.002184599253051779
9.524405506883603	0.12002486695789477	-0.0021648927725205717
9.549436795994993	0.11948575575874106	-0.0021454519533234753
9.574468085106382	0.1189514718291794	-0.0021262720396969565
9.599499374217771	0.1184219505846551	-0.002107348381844064
9.62453066332916	0.11789712858784802	-0.0020886764331134624
9.64956195244055	0.11737694352331213	-0.002070251747265683
9.67459324155194	0.1168613341727847	-0.002052069975823538
9.699624530663328	0.11635024039114465	-0.0020341268655037453
9.724655819774718	0.11584360308300028	-0.002016418255726927
9.749687108886107	0.11534136417988704	-0.001998940076203273
9.774718397997496	0.11484346661805717	-0.0019816883445912363
9.799749687108886	0.11434985431684325	-0.001964659164226761
9.824780976220275	0.11386047215757827	-0.0019478487219206234
9.849812265331664	0.11337526596305583	-0.0019312532858215428
9.874843554443054	0.1128941824775143	-0.0019148692033428597
9.899874843554443	0.11241716934712945	-0.0018986928991505986
9.924906132665832	0.11194417510100042	-0.0018827208732108663
9.949937421777221	0.11147514913261465	-0.0018669496988945858
9.97496871088861	0.11101004168177792	-0.0018513760211376525
10.0	0.11054880381699549	-0.0018359965546546697
