-10.0	-0.09910549398257107	-0.0014539699819917373
-9.97496871088861	-0.09946411114780584	-0.0014623084514522322
-9.949937421777221	-0.09982696550357151	-0.001471531304656229
-9.924906132665832	-0.10019348492068136	-0.0014819594954482984
-9.899874843554443	-0.10056330759985332	-0.001493660549045192
-9.874843554443054	-0.10093623742709301	-0.0015066914241701757
-9.849812265331664	-0.10131213105947356	-0.0015212025942814983
-9.824780976220275	-0.10169077287711392	-0.0015374751614981447
-9.799749687108886	-0.10207170987560144	-0.0015559061667460572
-9.774718397997496	-0.10245401220512651	-0.0015768661472149587
-9.749687108886107	-0.10283603969717081	-0.0016002234404796922
-9.724655819774718	-0.10321572549143543	-0.0016243438812578448
-9.699624530663328	-0.10359239146106436	-0.0016453467288691792
-9.67459324155194	-0.10396931044969993	-0.001659203589412031
-9.64956195244055	-0.10435221720568766	-0.001666178014130798
-9.62453066332916	-0.10474400394983352	-0.0016706771908004264
-9.599499374217771	-0.10514339038049325	-0.0016766950853841361
-9.574468085106382	-0.10554749391508889	-0.0016855892590888905
-9.549436795994993	-0.10595389768973273	-0.0016964138625948366
-9.524405506883603	-0.10636192810037759	-0.001706885707530345
-9.499374217772216	-0.10677315077343064	-0.0017152932971969126
-9.474342928660825	-0.10718966956166387	-0.0017221300177820698
-9.449311639549435	-0.10761208580190296	-0.0017290747471464252
-9.424280350438046	-0.10803974982456577	-0.0017372413178056573
-9.399249061326657	-0.10847185443155194	-0.001746892590438212
-9.37421777221527	-0.10890788488813907	-0.0017578778560182196
-9.349186483103878	-0.10934760199831839	-0.0017699553782616617
-9.32415519399249	-0.10979093263154649	-0.0017829133751407072
-9.2991239048811	-0.11023788944820989	-0.0017965944239378417
-9.274092615769712	-0.11068852664850493	-0.0018108895754572751
-9.249061326658325	-0.11114291805670806	-0.001825727128700494
-9.224030037546934	-0.11160114690593748	-0.001841063116361466
-9.198998748435546	-0.11206330139995568	-0.0018568746866719915
-9.173967459324155	-0.11252947306256633	-0.00187315605843566
-9.148936170212767	-0.11299975639251958	-0.0018899165513195926
-9.123904881101378	-0.113474249046841	-0.001907180362051536
-9.098873591989987	-0.11395305203504957	-0.0019249879819480953
-9.0738423028786	-0.1144362693688512	-0.0019433993469705757
-9.048811013767208	-0.11492400626387944	-0.001962498888486347
-9.023779724655821	-0.11541636424262958	-0.0019824023235810034
-8.998748435544432	-0.11591343042109425	-0.002003263430503291
-8.973717146433042	-0.1164152585048539	-0.0020252743138117757
-8.948685857321653	-0.11692184807877748	-0.002048644000487612
-8.923654568210262	-0.11743316266570947	-0.002073545011217981
-8.898623279098874	-0.11794925859541205	-0.0021001027695134733
-8.873591989987485	-0.11847042735129154	-0.0021286373191304886
-8.848560700876096	-0.11899694087421775	-0.002160078148193731
-8.823529411764707	-0.1195284212038823	-0.002195987704302363
-8.798498122653317	-0.12006334132126373	-0.002238188361792501
-8.773466833541928	-0.12059849690845237	-0.002288227654996741
-8.748435544430539	-0.1211283225681763	-0.0023459850488990464
-8.72340425531915	-0.1216455858558172	-0.0024064859566887697
-8.69837296620776	-0.1221469937616062	-0.0024569980090034943
-8.67334167709637	-0.12264226528740974	-0.002482949621366054
-8.648310387984981	-0.12315097046323675	-0.0024831749873641396
-8.623279098873592	-0.1236846315090192	-0.0024715286235203193
-8.598247809762203	-0.12424058252668413	-0.0024616299080774257
-8.573216520650814	-0.12481085898901423	-0.002458467605086029
-8.548185231539424	-0.1253899172458821	-0.0024606724724910017
-8.523153942428035	-0.1259766191042475	-0.002465658744714827
-8.498122653316646	-0.12657180501829846	-0.0024730135358783933
-8.473091364205256	-0.12717534302661182	-0.002483844703095428
-8.448060075093867	-0.1277859425433503	-0.00249887680706129
-8.423028785982478	-0.1284020579427656	-0.002517970190203514
-8.397997496871088	-0.1290222735766049	-0.0025402180551748477
-8.3729662077597	-0.12964570395121466	-0.002563800232042418
-8.34793491864831	-0.13027298918335806	-0.0025863504237031015
-8.32290362953692	-0.1309065231324924	-0.00260671413934363
-8.297872340425531	-0.1315484670385887	-0.0026259779194469784
-8.272841051314144	-0.1321992163802177	-0.0026459283508409454
-8.247809762202753	-0.13285811947177972	-0.0026675598009758272
-8.222778473091363	-0.13352450852054876	-0.002691081328668826
-8.197747183979974	-0.13419800848599106	-0.002716385149079653
-8.172715894868585	-0.13487846666159964	-0.0027433302240834068
-8.147684605757197	-0.1355658191494289	-0.002771838695858231
-8.122653316645806	-0.13625996932538786	-0.002801894040562025
-8.097622027534417	-0.1369606794571432	-0.0028334541405978103
-8.072590738423028	-0.1376675362358828	-0.0028662281008084434
-8.047559449311638	-0.13838022285838747	-0.0028993603211203145
-8.02252816020025	-0.13909925162746717	-0.0029315443799750873
-7.9974968710888605	-0.13982625793847703	-0.0029621285165853523
-7.972465581977473	-0.14056279692127305	-0.0029918962553564105
-7.947434292866082	-0.14130927009878835	-0.0030221400688750094
-7.922403003754694	-0.14206534361693013	-0.0030536361968680065
-7.897371714643305	-0.1428306539703632	-0.0030866111187460438
-7.872340425531914	-0.14360504287010656	-0.0031210547838101677
-7.8473091364205265	-0.14438852776800992	-0.003156921069244187
-7.8222778473091354	-0.1451812314369283	-0.0031942046993244794
-7.797246558197748	-0.1459833317225545	-0.003232965837777893
-7.772215269086359	-0.14679502986115978	-0.003273342917107569
-7.7471839799749675	-0.14761652461749275	-0.0033155701349369265
-7.72215269086358	-0.14844797792274012	-0.0033600062524616198
-7.697121401752189	-0.14928945223645762	-0.003407176417826799
-7.672090112640801	-0.15014078565840983	-0.0034578184996997136
-7.647058823529412	-0.1510013467650042	-0.003512890951380368
-7.622027534418023	-0.15186959887136187	-0.003573397046269855
-7.596996245306634	-0.15274253074350597	-0.003639650360849192
-7.571964956195245	-0.15361567519272956	-0.0037094169276796346
-7.546933667083856	-0.1544858084479559	-0.0037755307048157744
-7.5219023779724665	-0.1553570503538939	-0.0038277129852665043
-7.496871088861077	-0.15624196804243784	-0.0038620982834957907
-7.471839799749688	-0.15715091755788535	-0.0038860365812962566
-7.446808510638299	-0.15808473224546216	-0.003909528611529128
-7.421777221526909	-0.1590390810048401	-0.003937761486304814
-7.39674593241552	-0.16000998680647083	-0.003971509426530351
-7.371714643304131	-0.16099545304834084	-0.004009911673175506
-7.346683354192741	-0.16199481479146627	-0.004052181130356408
-7.321652065081352	-0.1630078268091264	-0.004097867652034293
-7.296620775969963	-0.16403437836628143	-0.004146616148352489
-7.2715894868585735	-0.1650745140780856	-0.004198098211284945
-7.246558197747184	-0.1661284196268804	-0.004252056418899489
-7.221526908635795	-0.16719636697236862	-0.004308332330688294
-7.196495619524406	-0.16827866183978646	-0.004366870249220389
-7.171464330413016	-0.1693755954563514	-0.0044277141477374465
-7.146433041301627	-0.1704873843086423	-0.0044909985651559875
-7.121401752190238	-0.1716140791514542	-0.004556911418618831
-7.0963704630788484	-0.17275544007214538	-0.004625562311126083
-7.071339173967459	-0.17391088331496896	-0.004696631857352251
-7.04630788485607	-0.17507989337089036	-0.004768819654674322
-7.0212765957446805	-0.17626326732479125	-0.00483989979376051
-6.996245306633291	-0.17746385855548574	-0.004908526258326468
-6.971214017521902	-0.17868468742140653	-0.004975872767587347
-6.946182728410513	-0.1799268106170917	-0.00504425657501964
-6.921151439299123	-0.18118983675160294	-0.005115174116208085
-6.896120150187734	-0.18247322900400498	-0.0051890837672453755
-6.871088861076345	-0.18377680404365293	-0.005265947819724101
-6.8460575719649555	-0.18510070514556443	-0.005345608583773212
-6.821026282853566	-0.18644527797611854	-0.005427929351611488
-6.795994993742177	-0.18781098109673522	-0.005512825296814627
-6.770963704630788	-0.1891983369498753	-0.005600259459936807
-6.745932415519399	-0.1906079077077285	-0.005690231784793373
-6.720901126408009	-0.19204028430374276	-0.005782769126660925
-6.69586983729662	-0.1934960824632137	-0.005877917938518412
-6.670838548185231	-0.19497594213809943	-0.005975740265288923
-6.645807259073841	-0.19648052695308582	-0.006076312236427225
-6.620775969962453	-0.19801052299904676	-0.006179721957510723
-6.595744680851063	-0.19956663951262055	-0.0062860665183189085
-6.570713391739676	-0.20114961124444264	-0.006395450382862114
-6.545682102628285	-0.2027602008263658	-0.006507985124735563
-6.520650813516897	-0.20439920090365682	-0.006623789793788318
-6.495619524405506	-0.20606743578716635	-0.006742991787740571
-6.470588235294117	-0.2077657624016922	-0.00686572735512192
-6.445556946182729	-0.20949507165188752	-0.006992141266339985
-6.420525657071338	-0.21125629068022977	-0.007122386693060895
-6.395494367959951	-0.21305038526062692	-0.007256625665904001
-6.37046307884856	-0.2148783620461483	-0.007395029651113369
-6.34543178973717	-0.21674127092850615	-0.007537779961712607
-6.320400500625783	-0.21864020793233685	-0.007685068099847328
-6.295369211514392	-0.22057631879256956	-0.007837096754153103
-6.270337922403004	-0.22255080201485988	-0.007994081991289675
-6.245306633291613	-0.22456491043502158	-0.008156254856435313
-6.2202753441802265	-0.22661995347856934	-0.008323861119114664
-6.195244055068836	-0.2287173013585857	-0.008497161269046802
-6.170212765957448	-0.23085838970039063	-0.00867643174946188
-6.145181476846059	-0.23304472390604136	-0.008861966613828376
-6.120150187734667	-0.23527788357242496	-0.009054079157603784
-6.09511889862328	-0.23755952723187068	-0.009253103552774228
-6.070087609511891	-0.23989139750767396	-0.00945939658059293
-6.0450563204005014	-0.2422753267205895	-0.009673339521472799
-6.020025031289112	-0.24471324297700292	-0.009895340236850111
-5.994993742177721	-0.24720717677838255	-0.010125835470149752
-5.9699624530663336	-0.24975926819900884	-0.010365293393972436
-5.9449311639549425	-0.2523717746848817	-0.01061421643313884
-5.919899874843555	-0.25504707953116235	-0.010873144395352918
-5.894868585732166	-0.25778770109747207	-0.01114265793864612
-5.869837296620776	-0.2605963028247471	-0.01142338238733523
-5.844806007509387	-0.2634757041509941	-0.011715991859345729
-5.819774718397998	-0.26642889257884406	-0.01202121361142093
-5.7947434292866085	-0.26945903751725453	-0.01233983272484164
-5.769712140175219	-0.2725695064231868	-0.012672698272334165
-5.74468085106383	-0.27576388160036114	-0.013020732352075903
-5.719649561952441	-0.2790459754015089	-0.013384939476586241
-5.694618272841051	-0.2824198472844923	-0.013766413234794633
-5.669586983729662	-0.2858898261398286	-0.014166343616914823
-5.644555694618273	-0.28946053569447283	-0.014586027719336175
-5.619524405506883	-0.2931369215591175	-0.015026882694084434
-5.594493116395494	-0.2969242807418606	-0.015490460171187742
-5.569461827284105	-0.30082829449254156	-0.015978462571661037
-5.5444305381727155	-0.30485506472116786	-0.01649276181163624
-5.519399249061326	-0.3090111544390801	-0.017035420351559874
-5.494367959949937	-0.31330363340876133	-0.0176087149863845
-5.469336670838549	-0.31774012977232946	-0.018215164475280918
-5.444305381727158	-0.3223288880723798	-0.018857561737616255
-5.419274092615769	-0.32707883451517183	-0.019539011135576684
-5.3942428035043815	-0.3319996507284939	-0.020262971557069853
-5.36921151439299	-0.3371018577634315	-0.021033306235781646
-5.344180225281603	-0.3423969129133573	-0.0218543411218632
-5.319148936170212	-0.34789732137077145	-0.022730935853350454
-5.2941176470588225	-0.35361676084612537	-0.023668570763243052
-5.269086357947435	-0.3595702192866641	-0.024673446559648107
-5.244055068836044	-0.36577415613227426	-0.025752596883336643
-5.219023779724656	-0.3722466938821434	-0.026914024802249026
-5.193992490613266	-0.37900783959743833	-0.028166870981926134
-5.168961201501876	-0.3860797399792171	-0.0295216176118909
-5.1439299123904885	-0.393486977626047	-0.03099033540626156
-5.1188986232791	-0.40125691721792034	-0.032586984811209335
-5.09386733416771	-0.40942011156449	-0.03432778594583244
-5.06883604505632	-0.41801077939325637	-0.036231676010462455
-5.043804755944931	-0.4270673693092517	-0.038320878643251385
-5.018773466833542	-0.436633227503922	-0.04062161757339336
-4.993742177722154	-0.446757390633457	-0.043165017727357605
-4.968710888610763	-0.45749552999692256	-0.045988252062546475
-4.943679599499373	-0.468911078461721	-0.04913601420407265
-4.918648310387985	-0.4810765756457407	-0.052662427945801144
-4.893617021276597	-0.49407526940457824	-0.0566335451094756
-4.868585732165207	-0.5080030184538487	-0.061130641159482496
-4.843554443053817	-0.5229705431998841	-0.06625461341882419
-4.818523153942427	-0.5391060522110447	-0.07213192411908045
-4.793491864831038	-0.5565582293897267	-0.07892272601975026
-4.768460575719651	-0.5754994763111654	-0.08683210851565624
-4.7434292866082615	-0.5961291026041344	-0.09612586130927431
-4.71839799749687	-0.6186757311901272	-0.10715284827373758
-4.69336670838548	-0.6433973016386454	-0.12037712566540008
-4.668335419274092	-0.6705752287331128	-0.13642443939787716
-4.643304130162704	-0.7004955034040088	-0.15614967817580952
-4.618272841051315	-0.7334017979346243	-0.1807335997216277
-4.593241551939924	-0.7693902486493878	-0.21181580187806323
-4.568210262828536	-0.8081874200477359	-0.25165666477425963
-4.543178973717147	-0.8487133782932905	-0.30326621225433625
-4.518147684605758	-0.8883284945000662	-0.37028717465443295
-4.4931163954943685	-0.9218961110599135	-0.4561661732963901
-4.468085106382977	-0.9415705495369506	-0.562254099747934
-4.44305381727159	-0.9386572291076654	-0.6861346579688917
-4.418022528160201	-0.9057718951100293	-0.8230170790429522
-4.392991239048811	-0.8343175052308798	-0.9674513902431136
-4.367959949937422	-0.7116205798719974	-1.1071139268571488
-4.342928660826031	-0.5308498132126562	-1.2146103690574743
-4.317897371714643	-0.30721216859008216	-1.256188603612317
-4.292866082603254	-0.07791931875150127	-1.2122053001188595
-4.267834793491865	0.1127189445278729	-1.08960747984244
-4.2428035043804755	0.2339306663101599	-0.9216381101753076
-4.217772215269086	0.28356546588619125	-0.7495276650136551
-4.192740926157699	0.2809645845441411	-0.6004219183387409
-4.167709637046308	0.24898487350546894	-0.48261030880485956
-4.142678347934918	0.20398564954787446	-0.39335682421039264
-4.117647058823529	0.15510630240355017	-0.3266033082271569
-4.09261576971214	0.10671527892385857	-0.27659604971985896
-4.067584480600752	0.060604139278678026	-0.23885519348866915
-4.042553191489361	0.017304715944033155	-0.21013146399840568
-4.017521902377972	-0.023226336975698203	-0.18812366983072948
-3.9924906132665825	-0.06127374208554137	-0.17120857378681031
-3.967459324155193	-0.09720696095394032	-0.15823656889441737
-3.9424280350438052	-0.13140986359656903	-0.1483886826011911
-3.917396745932415	-0.16425178244394534	-0.14107930523202347
-3.8923654568210257	-0.19607816545339052	-0.13589064661763953
-3.867334167709638	-0.22721033221829812	-0.13252874162377629
-3.8423028785982494	-0.25794930832467644	-0.13079413811835883
-3.8172715894868587	-0.2885813713417016	-0.13056280203854692
-3.7922403003754686	-0.31938423583816666	-0.13177442682578508
-3.7672090112640793	-0.3506334271357088	-0.1344264779647223
-3.7421777221526913	-0.3826086709354666	-0.13857313850210354
-3.717146433041303	-0.4156002018942062	-0.14432900265682755
-3.6921151439299127	-0.4499148065002503	-0.15187801730007586
-3.6670838548185225	-0.4858811154532714	-0.16148891061897172
-3.6420525657071328	-0.5238529839499555	-0.1735392906062704
-3.617021276595745	-0.5642083714006212	-0.18855184611403644
-3.5919899874843564	-0.6073381653414667	-0.20724762262366528
-3.566958698372966	-0.6536132842299223	-0.23062263092841775
-3.541927409261576	-0.7033061544546828	-0.260052684406761
-3.5168961201501876	-0.7564200690741658	-0.2974191978239238
-3.4918648310387996	-0.81234769156615	-0.3452023525044424
-3.46683354192741	-0.8692763289969827	-0.40635764153861564
-3.4418022528160197	-0.9234561333086893	-0.48355224160658017
-3.4167709637046295	-0.9691865150850068	-0.5773406647770899
-3.391739674593241	-1.0011993617761088	-0.6843005806431732
-3.366708385481853	-1.0190518383358635	-0.798798222800913
-3.341677096370464	-1.0274901140336357	-0.9199379390993386
-3.3166458072590737	-1.0279183152673008	-1.0555727513386006
-3.291614518147683	-1.009913947465538	-1.2148074657840544
-3.2665832290362946	-0.9536088820637554	-1.396060218100674
-3.2415519399249066	-0.8414486143882915	-1.5808396163999554
-3.2165206508135173	-0.6733217474456121	-1.74019817851501
-3.191489361702127	-0.46884009705540386	-1.8554497409724522
-3.166458072590739	-0.24569346735878828	-1.9284623287808622
-3.14142678347935	-0.004814277232604525	-1.9624368994845764
-3.11639549436796	0.254530850114032	-1.9448740355106313
-3.091364205256571	0.5151476679917857	-1.856502270139561
-3.0663329161451807	0.7413645834513138	-1.693859095958584
-3.0413016270337927	0.9015597686946313	-1.4812749825852922
-3.0162703379224034	0.9885529131641952	-1.254489414513191
-2.991239048811014	1.0135315264604712	-1.0396453374771017
-2.966207759699625	0.9921618806021333	-0.8509981934329489
-2.941176470588234	0.9403565158642713	-0.6952504998579734
-2.916145181476846	0.8727109381500759	-0.5725129284235992
-2.891113892365457	0.7998309336205018	-0.47817699512639134
-2.8660826032540676	0.7277407169226553	-0.40616899957269714
-2.8410513141426783	0.6591762036350812	-0.3510272251682227
-2.816020025031289	0.5950280208566925	-0.30851357602543594
-2.790988735919901	0.5352866770896991	-0.27553113158863896
-2.7659574468085104	0.4795497110941005	-0.24986616460691405
-2.740926157697121	0.4272688956681492	-0.2299465042029664
-2.715894868585732	0.3778627390926479	-0.21465901814999064
-2.6908635794743425	0.3307629579137181	-0.20322217694178432
-2.6658322903629545	0.28542945683111665	-0.19510045992771766
-2.6408010012515644	0.24135062847903388	-0.18994887167790522
-2.615769712140175	0.19803707769013323	-0.18757932485135012
-2.5907384230287853	0.15501273683561934	-0.18794383877434487
-2.565707133917396	0.11180553260751935	-0.19113210130481004
-2.540675844806008	0.0679393023639121	-0.19738316725156638
-2.515644555694618	0.022929287299378487	-0.2071132378482947
-2.4906132665832286	-0.02371440710813877	-0.2209638546403467
-2.4655819774718406	-0.07246638021257024	-0.23987747196825945
-2.440550688360452	-0.12372997948040165	-0.26520934676476926
-2.4155193992490616	-0.17770851615287375	-0.2988820343722708
-2.3904881101376714	-0.2341336620994494	-0.34356860181843196
-2.365456821026282	-0.2917421639339315	-0.40281988091377074
-2.340425531914894	-0.3474186598379463	-0.480880321044016
-2.3153942428035057	-0.39522739367535253	-0.5817392905340532
-2.2903629536921155	-0.42618133581192974	-0.7072999799178786
-2.2653316645807253	-0.4292895930425913	-0.8557128786128055
-2.2403003754693356	-0.39279897178296475	-1.0203004067887398
-2.2152690863579476	-0.30645210055254224	-1.187801995405559
-2.190237797246559	-0.16653163652753666	-1.3391080171098275
-2.165206508135169	0.02218554064618017	-1.4546053469671325
-2.140175219023779	0.24879280508532897	-1.5158919267820585
-2.1151439299123904	0.49267208195182066	-1.5057067060079403
-2.0901126408010025	0.7205352504982718	-1.4186799807171067
-2.0650813516896127	0.90001947534072	-1.2721502880427298
-2.0400500625782225	1.0177064258573658	-1.0971672356774564
-2.0150187734668323	1.078818318942	-0.9197328097008469
-1.989987484355444	1.094550467445639	-0.7550302193955103
-1.9649561952440555	1.0765292691236144	-0.6122252246888649
-1.939924906132667	1.0372767201794892	-0.4957150020960648
-1.914893617021277	0.988046654691348	-0.4044802423025631
-1.8898623279098858	0.93643347321574	-0.3342411185252654
-1.8648310387984974	0.8864782388273076	-0.28014512005696224
-1.839799749687109	0.8399212007438002	-0.23807851283663953
-1.8147684605757206	0.7972845755239613	-0.2049227617143912
-1.7897371714643304	0.7585200165228554	-0.17841071271152578
-1.764705882352942	0.7233427873593006	-0.15691143481620115
-1.7396745932415527	0.6913919502928416	-0.13924713666379654
-1.7146433041301625	0.6623028505975674	-0.12455844193233478
-1.6896120150187741	0.6357372438049618	-0.11221013845669459
-1.664580725907384	0.6113935265931087	-0.10172623499583838
-1.6395494367959955	0.5890079484603676	-0.09274519408569443
-1.6145181476846062	0.5683520126431096	-0.08498883508277497
-1.589486858573217	0.5492285262018508	-0.07824049359347568
-1.5644555694618276	0.5314674283665284	-0.07232949051460857
-1.5394242803504374	0.514921883323425	-0.06711994594561518
-1.514392991239049	0.4994648161458599	-0.06250262032913251
-1.4893617021276597	0.4849859273507604	-0.05838889081176282
-1.4643304130162704	0.4713891587569359	-0.05470625223303141
-1.4392991239048811	0.45859055950512206	-0.05139491984088568
-1.4142678347934918	0.4465164957075196	-0.04840523732970553
-1.3892365456821025	0.43510215001784935	-0.04569568001682586
-1.3642052565707132	0.4242902634375305	-0.043231302418562156
-1.339173967459324	0.4140300784978288	-0.04098252094003946
-1.3141426783479346	0.4042764494964055	-0.038924151622450026
-1.2891113892365453	0.39498909128308135	-0.037034643722917926
-1.264080100125157	0.38613194306959	-0.03529546490199581
-1.2390488110137667	0.3776726279068261	-0.03369060470080268
-1.2140175219023774	0.36958199191980956	-0.032206170995323274
-1.1889862327909881	0.3618337102178997	-0.030830060043674334
-1.1639549436795988	0.35440394870947256	-0.029551685169629555
-1.1389236545682104	0.3472710729351276	-0.02836175245893513
-1.1138923654568202	0.34041539657172293	-0.027252074373768448
-1.0888610763454318	0.33381896351468177	-0.026215414123177155
-1.0638297872340434	0.32746535847282643	-0.025245355114483947
-1.0387984981226523	0.32133954185028224	-0.024336190962553586
-1.013767209011264	0.3154277053809833	-0.023482832431815315
-0.9887359198998737	0.3097171455497447	-0.022680728390145732
-0.9637046307884853	0.3041961523031651	-0.021925798409135375
-0.9386733416770969	0.298853910942519	-0.021214375085790146
-0.9136420525657085	0.2936804154133599	-0.02054315451189094
-0.8886107634543183	0.28866639147583095	-0.019909153598653098
-0.8635794743429273	0.28380322846376016	-0.01930967319087888
-0.8385481852315388	0.27908291852915523	-0.01874226608804619
-0.8135168961201504	0.27449800242690847	-0.018204709238694286
-0.788485607008762	0.2700415210273446	-0.017694979495904553
-0.7634543178973718	0.2657069718573507	-0.017211232421240785
-0.7384230287859816	0.2614882700658282	-0.01675178370632857
-0.7133917396745932	0.25737971329054643	-0.01631509284887102
-0.6883604505632039	0.2533759499723476	-0.015899748775876563
-0.6633291614518155	0.249471950721742	-0.015504457153452292
-0.6382978723404253	0.2456629823933545	-0.015128029161376608
-0.6132665832290352	0.241944584567102	-0.014769371543190024
-0.5882352941176467	0.23831254817206105	-0.014427477769869967
-0.5632040050062583	0.23476289602136768	-0.014101420178161309
-0.5381727158948699	0.23129186505408195	-0.013790342964109276
-0.5131414267834788	0.22789589010407096	-0.013493455928807366
-0.48811013767208866	0.22457158903667818	-0.01321002888737123
-0.46307884856070025	0.2213157491123542	-0.012939386664143335
-0.43804755944931184	0.2181253144517813	-0.012680904607286728
-0.41301627033792343	0.21499737449134715	-0.012434004564727985
-0.38798498122653324	0.21192915332908419	-0.012198151270887511
-0.36295369211514483	0.20891799987254184	-0.011972849100175001
-0.33792240300375376	0.2059613787085613	-0.011757639148792659
-0.31289111389236535	0.2030568616233992	-0.011552096611281898
-0.28785982478097694	0.20020211970849106	-0.01135582842247393
-0.26282853566958675	0.1973949159934557	-0.011168471139205743
-0.23779724655819834	0.19463309855331723	-0.010989689039399411
-0.21276595744680904	0.19191459404171102	-0.010819172418964115
-0.18773466833541974	0.18923740160590785	-0.010656636069501013
-0.16270337922403044	0.18659958714324398	-0.010501817922026174
-0.13767209011264026	0.1839992778615841	-0.010354477843956822
-0.11264080100125184	0.18143465710920909	-0.010214396578392862
-0.08760951188986255	0.17890395944186374	-0.010081374816390612
-0.06257822277847325	0.1764054658966323	-0.009955232394426472
-0.03754693366708395	0.1739374994439915	-0.009835807610653793
-0.01251564455569465	0.17149842059064735	-0.00972295665487026
0.01251564455569465	0.1690866231070709	-0.00961655314839445
0.03754693366708395	0.16670052985383993	-0.009516487791214417
0.06257822277847325	0.16433858868224188	-0.009422668115057153
0.08760951188986255	0.16199926838388373	-0.00933501834213643
0.11264080100125184	0.15968105466474428	-0.009253479350650295
0.13767209011264114	0.15738244611833357	-0.009178008749323466
0.16270337922403044	0.1551019501721877	-0.009108581064672341
0.18773466833541974	0.152838078980937	-0.009045188046113317
0.21276595744680726	0.1505893452379152	-0.00898783909563347
0.23779724655819834	0.14835425787564474	-0.008936561830478404
0.26282853566958764	0.14613131762348086	-0.008891402789303254
0.28785982478097694	0.1439190123882531	-0.008852428294440759
0.31289111389236623	0.1417158124206921	-0.008819725485477284
0.33792240300375376	0.13952016522683014	-0.008793403542250888
0.36295369211514483	0.13733049017946986	-0.008773595118778385
0.38798498122653235	0.13514517277959592	-0.008760458013547343
0.41301627033792343	0.13296255851191863	-0.008754177106255812
0.43804755944931273	0.1307809462316838	-0.008754966596535865
0.46307884856070025	0.12859858101184368	-0.008763072586665685
0.4881101376720913	0.1264136463700679	-0.008778776057980331
0.5131414267834788	0.12422425578387664	-0.0088023962998902
0.5381727158948699	0.12202844338902474	-0.008834294861487832
0.5632040050062574	0.11982415374055944	-0.008874880109035685
0.5882352941176467	0.1176092304977282	-0.008924612488796335
0.6132665832290378	0.11538140387201612	-0.008984010614282001
0.6382978723404253	0.11313827665192366	-0.009053658321012112
0.6633291614518164	0.11087730858722633	-0.009134212861283186
0.6883604505632039	0.10859579887902548	-0.00922641444775485
0.7133917396745932	0.10629086647808705	-0.009331097399601362
0.7384230287859808	0.10395942784151757	-0.009449203200900855
0.7634543178973718	0.10159817173491248	-0.00958179585094722
0.7884856070087629	0.0992035305910548	-0.009730079974176992
0.8135168961201504	0.09677164784453907	-0.009895422268752535
0.8385481852315397	0.0942983405502581	-0.010079377014459115
0.8635794743429273	0.09177905645865958	-0.010283716541879928
0.8886107634543183	0.08920882455564105	-0.010510467798275067
0.9136420525657059	0.08658219787401988	-0.01076195644839291
0.9386733416770969	0.08389318713731009	-0.011040860343773745
0.9637046307884862	0.08113518349551174	-0.0113502747141815
0.9887359198998737	0.07830086824394922	-0.01169379212418166
1.0137672090112648	0.07538210696559577	-0.012075601159202212
1.0387984981226523	0.07236982498841371	-0.012500609047171998
1.0638297872340434	0.0692538603851911	-0.01297459511062704
1.088861076345431	0.06602278994926691	-0.0135044042625274
1.1138923654568202	0.06266372264862152	-0.014098192973215323
1.1389236545682113	0.05916205400782748	-0.014765744638378736
1.1639549436795988	0.05550117375132513	-0.01551887765301671
1.18898623279099	0.05166211801675957	-0.016371978624460173
1.2140175219023774	0.047623156857200755	-0.017342706378309536
1.2390488110137667	0.043359308314777634	-0.0184529317840805
1.264080100125156	0.03884177352909579	-0.01973000714643569
1.2891113892365453	0.03403729607888151	-0.021208501956890405
1.3141426783479364	0.028907468933486946	-0.022932606971305003
1.339173967459324	0.023408055862078392	-0.024959507971305084
1.3642052565707132	0.017488484963474882	-0.027364182551997407
1.3892365456821025	0.011091859451232144	-0.03024630413780119
1.4142678347934918	0.0041562170498843365	-0.03374027920479622
1.4392991239048811	-0.0033814332310129203	-0.03802991559273919
1.4643304130162704	-0.011575120690033858	-0.043369751389674444
1.4893617021276597	-0.020447420928458415	-0.0501152393752195
1.514392991239049	-0.029941265544420448	-0.05876216633558218
1.5394242803504383	-0.039821119900634194	-0.06998675399042317
1.5644555694618276	-0.04948433250126394	-0.08464816428583757
1.589486858573217	-0.05765396923199351	-0.10363986480833437
1.6145181476846044	-0.062057670326726155	-0.1273617005372292
1.6395494367959955	-0.05958318475399893	-0.15464393923183797
1.6645807259073848	-0.047743001429962684	-0.18168114290699686
1.6896120150187741	-0.02740076983661921	-0.20279344126634027
1.7146433041301634	-0.003867855865232528	-0.2143225563823112
1.739674593241551	0.016877091073506323	-0.21777658784418055
1.764705882352942	0.03214187300892868	-0.21753070073632294
1.7897371714643295	0.04230229583017664	-0.21802591404304214
1.8147684605757206	0.050513992100458927	-0.22256574480062338
1.83979974968711	0.06168629104168821	-0.23112602876438607
1.8648310387984974	0.07907926298654422	-0.2397283215786575
1.8898623279098885	0.10164311421551697	-0.24333369361434568
1.914893617021276	0.12514272759445877	-0.23970351904432882
1.939924906132667	0.145820098199956	-0.23022262146211617
1.9649561952440546	0.16233094809580417	-0.2175753379429964
1.989987484355444	0.1751191105755101	-0.20383573292493076
2.015018773466835	0.18523459743267345	-0.18984008250133402
2.0400500625782225	0.1932732246878408	-0.17562689279231228
2.065081351689613	0.19949539911448877	-0.16127828611027192
2.090112640801001	0.20424108516690365	-0.1466888938768866
2.1151439299123904	0.20741496791292313	-0.13140373335046282
2.1401752190237784	0.20825882963190478	-0.11530600729501941
2.165206508135169	0.20595458965202917	-0.09913622191089508
2.1902377972465596	0.20042712301771726	-0.08421841169128635
2.2152690863579476	0.19250343339074538	-0.0716078004809653
2.240300375469337	0.18331055935933005	-0.0616006991254415
2.265331664580725	0.173714713947271	-0.053931202802155354
2.2903629536921155	0.16419709564560714	-0.048148291450252956
2.315394242803503	0.15496073900207286	-0.04383161144215139
2.340425531914894	0.14605377952457488	-0.040655459794234905
2.3654568210262834	0.13744856137238415	-0.038387140221129656
2.3904881101376714	0.12908327787800955	-0.03686882053811852
2.415519399249062	0.12088181391180663	-0.036000323304066745
2.4405506883604495	0.11276244585121731	-0.03572700790950428
2.4655819774718406	0.10464122925102615	-0.03603289943425253
2.490613266583228	0.09643315618230774	-0.03693853475651199
2.515644555694618	0.08805294414715847	-0.038503315495036106
2.5406758448060085	0.07941712130784406	-0.04083275295650762
2.565707133917396	0.07044981211135104	-0.04409163545916753
2.590738423028787	0.06109670240012788	-0.04852457682355765
2.6157697121401746	0.051356087353278124	-0.05448467844708191
2.6408010012515644	0.04134421871829419	-0.0624660054333053
2.665832290362953	0.03142414905558022	-0.07311710893917847
2.6908635794743425	0.02242835909584695	-0.08716055117770458
2.7158948685857336	0.015925465543461303	-0.10504244113134076
2.740926157697121	0.014161598635692219	-0.12612229212390397
2.765957446808511	0.0188945068257369	-0.14785875939845364
2.7909887359198997	0.029361716659874748	-0.1667636464515315
2.816020025031289	0.04240405037166939	-0.1814652333215723
2.841051314142678	0.055907768080969866	-0.19375404308857466
2.8660826032540676	0.0710221321641269	-0.2055118222795637
2.8911138923654573	0.08997898039128138	-0.21555014543430648
2.916145181476846	0.11238883961077395	-0.22064943867442524
2.9411764705882355	0.1350983967486603	-0.21922735795380308
2.9662077596996244	0.15510816261719507	-0.21242211455978524
2.991239048811014	0.17104948883701043	-0.20256465606900906
3.0162703379224016	0.18324803311137705	-0.19193878457468108
3.0413016270337927	0.19311135077400854	-0.1815332618003825
3.066332916145182	0.20143002672325494	-0.1710348626502444
3.091364205256571	0.20804265036919256	-0.16040074420862402
3.1163954943679606	0.21308971832944534	-0.15023004658099479
3.141426783479348	0.21733510778530762	-0.14076808621687614
3.166458072590739	0.22135646817005128	-0.1315641743064531
3.1914893617021267	0.2251603092102199	-0.1220790941961101
3.2165206508135173	0.2285586935627375	-0.11197904769026906
3.241551939924907	0.2311856887411894	-0.1009135405309265
3.2665832290362946	0.23224601325922567	-0.08883189484276599
3.2916145181476857	0.23100211667445603	-0.07641742911669702
3.316645807259073	0.2273777724118995	-0.0647218168758128
3.341677096370464	0.2219265814499023	-0.05457041748179026
3.366708385481852	0.215456511300967	-0.04628307060830625
3.391739674593241	0.20865851082346065	-0.039742234181691344
3.416770963704632	0.20195770058571894	-0.03463451526795641
3.4418022528160197	0.19555651958488518	-0.03063400611457051
3.4668335419274103	0.18952437064858474	-0.027473200754826926
3.4918648310387983	0.18386388090695993	-0.02495130800228275
3.5168961201501876	0.17854808400978017	-0.022922416441908067
3.5419274092615756	0.1735389140135526	-0.0212813660305899
3.566958698372966	0.16879574874313352	-0.019952306969310107
3.591989987484357	0.164279033734112	-0.01888044413269163
3.617021276595745	0.1599515567727643	-0.018026341057806317
3.642052565707134	0.15577862718542868	-0.017362076043614144
3.667083854818522	0.15172775919935289	-0.016868704793543993
3.6921151439299127	0.14776814063146926	-0.01653465886833691
3.7171464330413	0.14387001514082387	-0.016354848166016164
3.7421777221526913	0.14000403419055907	-0.01633034040865021
3.7672090112640806	0.13614060430999508	-0.0164685739291352
3.7922403003754686	0.13224924965382412	-0.0167841356828744
3.817271589486859	0.1282980260427551	-0.017300218068647982
3.8423028785982467	0.12425306891455179	-0.018050970927682958
3.867334167709638	0.1200784581267409	-0.019085107290859812
3.8923654568210253	0.1157367909927558	-0.020471324630525797
3.917396745932415	0.11119128477467743	-0.02230638468186373
3.9424280350438057	0.10641111749370902	-0.024727031271048902
3.967459324155193	0.10138353988019988	-0.027927125564903982
3.9924906132665843	0.09613994080221477	-0.03218066820813725
4.017521902377972	0.09080976511437022	-0.03786719054000151
4.042553191489361	0.08572563679906597	-0.04548102761299519
4.06758448060075	0.08160309936167476	-0.055564613829033854
4.09261576971214	0.07975407635693887	-0.06843039659962075
4.117647058823531	0.08205799722830864	-0.08354043121584012
4.142678347934918	0.09017990532338338	-0.09887545231944056
4.167709637046308	0.10423431610468903	-0.11131002780775837
4.192740926157697	0.12227707964977874	-0.11810735759361732
4.217772215269086	0.14113842609607552	-0.1182673221756868
4.2428035043804755	0.15801357158930696	-0.11279038024159038
4.267834793491865	0.17152877208831274	-0.10357081304729504
4.292866082603254	0.18143996057643275	-0.09223694413690442
4.317897371714643	0.1878941841002728	-0.07988103292303475
4.342928660826033	0.19102768741477494	-0.06735742945093354
4.367959949937422	0.1911061859898595	-0.055598113113616926
4.392991239048811	0.18882138700717377	-0.045434127861876505
4.418022528160199	0.18512909451920478	-0.03721634697252424
4.44305381727159	0.1808475564650589	-0.030816241428177682
4.468085106382979	0.17648590562665145	-0.02589028315878425
4.4931163954943685	0.1722978985427872	-0.022084157399305582
4.518147684605758	0.16838542010690016	-0.019109339618705812
4.543178973717145	0.16477358342389703	-0.016750741727235563
4.568210262828536	0.16145269840673748	-0.014852882882917195
4.593241551939924	0.15839927311532875	-0.013303963730727439
4.618272841051315	0.1555859022552788	-0.012023086119500814
4.643304130162704	0.1529856621875636	-0.01095104108765975
4.668335419274092	0.15057387857621762	-0.010043911363247268
4.693366708385483	0.14832866993294402	-0.009268670165211226
4.71839799749687	0.14623094338982856	-0.00860014393273302
4.7434292866082615	0.14426416541098863	-0.008018897181023249
4.768460575719649	0.14241405858069456	-0.0075097418838085545
4.793491864831038	0.14066829217926902	-0.0070606740057185535
4.818523153942429	0.13901619604334936	-0.006662107855017835
4.843554443053817	0.1374485128281373	-0.0063063194214560275
4.868585732165208	0.13595719029595532	-0.0059870308116143495
4.8936170212765955	0.13453520225123228	-0.005699093753472939
4.918648310387985	0.1331763935097987	-0.005438251233901362
4.943679599499372	0.13187535014459595	-0.005200957866058592
4.968710888610763	0.1306272921181968	-0.0049842416950727775
4.9937421777221545	0.12942798373927022	-0.004785596178413426
5.018773466833542	0.12827365842816363	-0.0046028950397612595
5.043804755944931	0.127160955245059	-0.004434324723902303
5.068836045056319	0.1260868651833027	-0.004278330472221328
5.09386733416771	0.12504868559231763	-0.004133572995189974
5.118898623279097	0.1240439813772225	-0.003998893442265186
5.1439299123904885	0.12307055185630933	-0.003873284914297101
5.168961201501878	0.1221264023517703	-0.003755869172503465
5.193992490613265	0.12120971974923034	-0.0036458775062267884
5.219023779724656	0.12031885139316145	-0.0035426349557706044
5.244055068836044	0.119452286792602	-0.003445547266294355
5.269086357947435	0.11860864169959129	-0.003354090088806133
5.2941176470588225	0.11778664419487139	-0.003267800055863454
5.319148936170212	0.11698512247504844	-0.0031862674514702843
5.344180225281603	0.11620299408588419	-0.0031091302743398858
5.36921151439299	0.1154392563910358	-0.0030360695682464245
5.3942428035043815	0.11469297810918988	-0.0029668059703487903
5.419274092615769	0.11396329180204567	-0.0029010975176733123
5.444305381727158	0.11324938726413247	-0.0028387388664894847
5.469336670838548	0.11255050587813908	-0.0027795622376723395
5.494367959949937	0.11186593620580787	-0.0027234406291806873
5.519399249061328	0.11119501148799937	-0.0026702941658314494
5.5444305381727155	0.11053711054287696	-0.0026201009063164665
5.569461827284105	0.10989166522534433	-0.002572913934347512
5.594493116395494	0.10925818105984142	-0.0025288867262201753
5.619524405506883	0.10863628461468622	-0.002488307064587275
5.644555694618273	0.10802582422151641	-0.0024516310244918627
5.669586983729662	0.10742706985600847	-0.002419477693152844
5.694618272841051	0.10684106110857439	-0.0023924563339401267
5.719649561952441	0.10627002017732501	-0.0023705112654389543
5.74468085106383	0.10571715156602846	-0.002351386358948951
5.769712140175219	0.10518415185230623	-0.0023290005212817932
5.7947434292866085	0.10466659808413414	-0.002295733123474822
5.819774718397996	0.10415449751850225	-0.0022499223108939786
5.844806007509387	0.10364089144676214	-0.0021978496681921145
5.869837296620776	0.10312586616815089	-0.0021466231998004404
5.894868585732166	0.10261263879213	-0.002099613451090915
5.919899874843555	0.10210399546619175	-0.0020572972644639365
5.9449311639549425	0.10160150566095005	-0.0020190551667115947
5.9699624530663336	0.10110585091977242	-0.00198410509066875
5.994993742177721	0.10061722323803135	-0.0019517977486800814
6.020025031289112	0.10013557587183364	-0.0019216604397790937
6.0450563204005014	0.09966075720837075	-0.0018933724183702455
6.07008760951189	0.09919258091577898	-0.0018667334587281759
6.09511889862328	0.09873086859824909	-0.0018416407192242412
6.120150187734667	0.09827548841341383	-0.0018180722252771758
6.145181476846059	0.09782640728590675	-0.00179606297068656
6.170212765957445	0.09738376358290513	-0.0017756364283096349
6.195244055068836	0.0969479125448025	-0.0017566211335177523
6.2202753441802265	0.0965192415485765	-0.001738337470643725
6.245306633291613	0.09609750613724444	-0.0017195480931943702
6.270337922403005	0.09568129484065402	-0.0016993917269947506
6.295369211514392	0.09526896976582222	-0.0016784719099246642
6.320400500625783	0.09486006694239268	-0.0016582554834353447
6.3454317897371695	0.09445525247629671	-0.0016398235591628674
6.37046307884856	0.09405566147013378	-0.0016234745459010186
6.395494367959952	0.09366252361810457	-0.0016086331755439942
6.420525657071338	0.09327655398645618	-0.0015936323229604338
6.445556946182729	0.0928968004551729	-0.0015763008109771354
6.470588235294116	0.09252067636753392	-0.0015559366953297044
6.495619524405506	0.09214619851000716	-0.0015340269540120854
6.520650813516895	0.09177323529244141	-0.0015124489561175736
6.545682102628285	0.09140257197593815	-0.0014921503172992956
6.570713391739676	0.09103493264869567	-0.0014732905576422262
6.5957446808510625	0.0906707261868629	-0.0014557097450482032
6.620775969962453	0.09031011639741049	-0.0014391913810289092
6.645807259073841	0.08995312728205729	-0.0014235514985499326
6.670838548185231	0.08959971254971855	-0.0014086539548509164
6.695869837296622	0.08924979285817614	-0.0013944039549611265
6.720901126408009	0.08890327409374787	-0.0013807384357522046
6.745932415519399	0.08856005587625315	-0.0013676183751312743
6.770963704630788	0.08822003528060485	-0.0013550237743931853
6.795994993742178	0.0878831083137408	-0.0013429510225814317
6.821026282853566	0.08754917048196287	-0.0013314123078539825
6.8460575719649555	0.08721811730822004	-0.0013204369540334021
6.871088861076346	0.08688984566738522	-0.0013100748098594656
6.896120150187734	0.08656425730418871	-0.001300401986675942
6.921151439299124	0.08624126712375979	-0.0012915290436127241
6.946182728410513	0.08592082122923106	-0.0012836102209856787
6.971214017521902	0.08560293317072976	-0.00127684676312452
6.996245306633291	0.08528774714123788	-0.0012714613208450881
7.0212765957446805	0.08497561174256685	-0.0012675879049278277
7.046307884856071	0.08466704052506113	-0.001265014194426456
7.071339173967459	0.084362278911982	-0.0012629411275110053
7.0963704630788484	0.08406059247789077	-0.0012604469064340235
7.121401752190238	0.08376055864694187	-0.0012576819640600229
7.146433041301627	0.08346151070088759	-0.0012558529122700252
7.171464330413016	0.08316371287187163	-0.001255833093960379
7.196495619524406	0.08286709695363381	-0.0012579682550277332
7.221526908635795	0.08257106020663763	-0.001263395969463177
7.246558197747184	0.08227585380210112	-0.0012745300246917585
7.2715894868585735	0.08198356114535166	-0.0012941558213814264
7.296620775969963	0.0816984652153181	-0.0013245229381801116
7.321652065081352	0.08142778056622202	-0.0013658329582504902
7.3466833541927405	0.08118110751702812	-0.001412346117896937
7.371714643304131	0.08096372919860872	-0.0014481844865739113
7.39674593241552	0.08076439726325635	-0.0014538088925641762
7.421777221526909	0.08055740166888903	-0.001426147773503264
7.446808510638299	0.080325830205358	-0.0013833699958899354
7.471839799749687	0.08007208375269759	-0.0013457605736812706
7.496871088861077	0.07980788692382568	-0.0013236752619437547
7.521902377972466	0.07954578279675584	-0.0013189308845838327
7.546933667083856	0.0792971677408385	-0.0013269543439948794
7.571964956195245	0.07906945702389745	-0.00133582244186993
7.5969962453066335	0.0788585397002235	-0.0013294700039568202
7.622027534418024	0.07864774784737083	-0.0013012464774628946
7.647058823529412	0.0784234119272531	-0.001260823468328176
7.672090112640802	0.0781858559886972	-0.0012216614955228716
7.697121401752189	0.0779431271046711	-0.0011893187686912582
7.72215269086358	0.07770155190271932	-0.0011613472049043089
7.74718397997497	0.07746140793059286	-0.0011330914497844902
7.772215269086359	0.0772192977372832	-0.001103586657466779
7.797246558197749	0.07697359286942085	-0.0010755069865857614
7.8222778473091354	0.07672558071647018	-0.0010512559801598986
7.8473091364205265	0.07647734072387902	-0.0010314411236925503
7.872340425531913	0.07623044170131976	-0.001015528876140523
7.897371714643305	0.07598575056844314	-0.001002527201693526
7.922403003754695	0.07574341806575102	-0.0009913479444862983
7.947434292866082	0.07550294996820828	-0.0009812688866971259
7.972465581977473	0.07526373744842552	-0.0009722441817083816
7.99749687108886	0.07502554775507964	-0.0009645740957503063
8.022528160200253	0.07478844346306257	-0.0009584863334157201
8.047559449311638	0.07455255664182392	-0.0009540791537185067
8.072590738423028	0.07431803910015855	-0.0009513887661255771
8.09762202753442	0.07408510114509514	-0.0009503540949227229
8.122653316645806	0.0738539334486239	-0.0009506504889909978
8.147684605757199	0.07362431678613302	-0.0009516409843583623
8.172715894868585	0.07339524170403866	-0.0009529334894794739
8.197747183979974	0.07316542084330013	-0.0009551357708366542
8.222778473091363	0.0729341904209706	-0.0009595941328451874
8.247809762202753	0.07270150876058512	-0.0009676629842006457
8.272841051314145	0.07246749410696385	-0.0009805997463224608
8.297872340425531	0.07223225831153268	-0.0009998847502847297
8.32290362953692	0.07199606188642793	-0.0010275739218915392
8.34793491864831	0.07175971043906149	-0.0010666220691705058
8.3729662077597	0.07152531235069315	-0.0011211672246912996
8.397997496871088	0.07129771088461556	-0.0011965511330915973
8.423028785982478	0.07108696486417632	-0.0012982505978119813
8.448060075093867	0.07091150253118794	-0.00142761324356927
8.473091364205256	0.07079779990078183	-0.0015712779742090427
8.498122653316646	0.0707647327852774	-0.0016879310565880573
8.523153942428035	0.07078927451901595	-0.0017194103061926175
8.548185231539424	0.07080149783657763	-0.0016442750617675778
8.573216520650814	0.0707440902860812	-0.0015034815470382629
8.598247809762203	0.07061222155425195	-0.0013532815241006774
8.623279098873592	0.07043035307041112	-0.0012245190552575141
8.648310387984981	0.07022282344495334	-0.0011240561344524197
8.67334167709637	0.07000494939691304	-0.0010483726174418256
8.69837296620776	0.06978466074760181	-0.0009917987433525483
8.72340425531915	0.06956564662783027	-0.0009494223491235548
8.748435544430539	0.06934951489863028	-0.0009175598246290717
8.773466833541928	0.06913684744533821	-0.0008934649904437375
8.798498122653317	0.06892752144957814	-0.0008750869192165334
8.823529411764707	0.06872088607976945	-0.0008611992080148068
8.848560700876096	0.06851627437887853	-0.0008515147921503569
8.873591989987485	0.06831344869572487	-0.0008463489362572629
8.898623279098874	0.068112619611294	-0.0008462907880328469
8.92365456821026	0.06791446556908642	-0.0008521903997775332
8.948685857321653	0.0677204995052163	-0.0008651748937292397
8.973717146433042	0.06753382820572451	-0.0008862179157328176
8.998748435544432	0.06735988516030478	-0.0009145027948984086
9.023779724655821	0.06720525376190256	-0.0009440777823776225
9.048811013767207	0.06707136197076391	-0.0009618165549535318
9.0738423028786	0.06694659596843966	-0.0009551024677536407
9.098873591989985	0.06681246865407164	-0.0009257638521436989
9.123904881101378	0.06666031669577688	-0.0008879530689751697
9.148936170212767	0.06649385551010223	-0.0008537367574744242
9.173967459324153	0.06632059693249825	-0.0008276452392264599
9.198998748435546	0.06614661699177748	-0.0008092695438597225
9.224030037546932	0.06597573287824776	-0.000795905332725777
9.249061326658325	0.06580924637626762	-0.0007835807967655206
9.27409261576971	0.06564517016485727	-0.0007688627469271958
9.2991239048811	0.06547992080821619	-0.0007515823741842259
9.324155193992492	0.06531185580637189	-0.0007341988279844086
9.349186483103878	0.06514173734988393	-0.0007187876542373572
9.374217772215271	0.06497095629391669	-0.0007059877733080755
9.399249061326657	0.06480050801604076	-0.0006956014314064701
9.424280350438046	0.06463090678907779	-0.0006872097931843874
9.449311639549435	0.06446236566630414	-0.0006804351482730953
9.474342928660825	0.06429495515408856	-0.0006750001116391929
9.499374217772218	0.06412870179653485	-0.0006707050154323296
9.524405506883603	0.06396362871123973	-0.0006673639051775759
9.549436795994993	0.06379970657844769	-0.000664732856164793
9.574468085106382	0.0636367159362381	-0.0006625517532397179
9.599499374217771	0.06347423835435517	-0.0006607706428290033
9.62453066332916	0.06331192060133706	-0.0006596450463290521
9.64956195244055	0.06314963052153555	-0.0006595188359961174
9.67459324155194	0.0629873247193311	-0.0006606621381167188
9.699624530663328	0.06282489927050339	-0.0006633324895302661
9.724655819774718	0.06266218275471136	-0.0006679132046468611
9.749687108886107	0.062499017484907604	-0.0006749889033748208
9.774718397997496	0.06233531917221047	-0.0006853806201539414
9.799749687108886	0.062171138292876016	-0.0007002350137826074
9.824780976220275	0.0620068212931022	-0.0007211775459722153
9.849812265331664	0.06184337318206712	-0.0007504861275756392
9.874843554443054	0.061683185723633294	-0.0007911677749146834
9.899874843554443	0.06153136380051283	-0.0008465437271665543
9.924906132665832	0.06139760574500652	-0.0009182632929438106
9.949937421777221	0.061296827027921275	-0.0010008693632495846
9.97496871088861	0.06124232650302819	-0.001073566666293449
10.0	0.061226605452232796	-0.0011022548714770125
