-10.0	-0.09908674743467927	-0.0014604078523335756
-9.97496871088861	-0.09944797436188324	-0.0014668474378160545
-9.949937421777221	-0.09981248423739153	-0.0014749824382326165
-9.924906132665832	-0.10017985759351333	-0.0014846426880573693
-9.899874843554443	-0.1005498019436768	-0.0014956928203771896
-9.874843554443054	-0.10092199542707903	-0.0015080204169083955
-9.849812265331664	-0.10129599253509802	-0.0015213783486112825
-9.824780976220275	-0.10167135499326285	-0.0015351022285123028
-9.799749687108886	-0.10204821436354905	-0.0015480483044810478
-9.774718397997496	-0.10242774915247033	-0.0015593816258162307
-9.749687108886107	-0.1028114020123354	-0.0015695229820780199
-9.724655819774718	-0.10319969372418392	-0.0015796456534078462
-9.699624530663328	-0.10359231960481274	-0.0015906230761439655
-9.67459324155194	-0.10398881614832689	-0.0016028221874471033
-9.64956195244055	-0.10438885036903933	-0.001616377832938956
-9.62453066332916	-0.10479219078011326	-0.001631417274770397
-9.599499374217771	-0.10519857567603452	-0.0016481539807950835
-9.574468085106382	-0.10560753541878576	-0.001666877472410691
-9.549436795994993	-0.10601816928456032	-0.0016877810213795086
-9.524405506883603	-0.1064290126213141	-0.001710449737675479
-9.499374217772216	-0.10683856621775156	-0.0017329813838279917
-9.474342928660825	-0.10724717391170557	-0.00175186290491397
-9.449311639549435	-0.10765850457106652	-0.0017645971448287667
-9.424280350438046	-0.10807691873855774	-0.0017726780152687721
-9.399249061326657	-0.108503704546278	-0.0017798250650112452
-9.37421777221527	-0.10893748451054286	-0.0017885604330060978
-9.349186483103878	-0.1093764391424994	-0.001799459055176561
-9.32415519399249	-0.10981952600729272	-0.0018119615536420497
-9.2991239048811	-0.11026673440052903	-0.0018254131663277273
-9.274092615769712	-0.11071850962102125	-0.0018398275795829117
-9.249061326658325	-0.11117495490671025	-0.0018557423590331162
-9.224030037546934	-0.11163569721625954	-0.0018736678214910651
-9.198998748435546	-0.11210007850124981	-0.0018938642813799145
-9.173967459324155	-0.11256722275782849	-0.0019162083341315445
-9.148936170212767	-0.1130362743522646	-0.0019398454721332031
-9.123904881101378	-0.11350729456367326	-0.001963133748891996
-9.098873591989987	-0.11398201954841092	-0.001984970308372802
-9.0738423028786	-0.11446247637493911	-0.0020063793337946056
-9.048811013767208	-0.11494886402185678	-0.0020295362124719135
-9.023779724655821	-0.1154398233552687	-0.00205564158883724
-8.998748435544432	-0.11593423739960507	-0.0020845165126019832
-8.973717146433042	-0.11643213377270278	-0.0021161759858125267
-8.948685857321653	-0.11693306128217351	-0.002152304857670956
-8.923654568210262	-0.11743361505177141	-0.0021948277050591186
-8.898623279098874	-0.11792739198901714	-0.002242229402958054
-8.873591989987485	-0.11840894205815644	-0.002286118315245375
-8.848560700876096	-0.1188818439683903	-0.002313138072266227
-8.823529411764707	-0.11936127760839454	-0.0023169450345892906
-8.798498122653317	-0.11986112320766473	-0.0023058452166916793
-8.773466833541928	-0.12038331556342285	-0.002292838156829624
-8.748435544430539	-0.12092249132767208	-0.0022853740059001204
-8.72340425531915	-0.12147309938717754	-0.0022852705318608807
-8.69837296620776	-0.12203163346403123	-0.002291921356608481
-8.67334167709637	-0.12259624066694208	-0.0023042712839640295
-8.648310387984981	-0.12316592744617694	-0.002321511523617273
-8.623279098873592	-0.12373993879515055	-0.0023431721281172713
-8.598247809762203	-0.12431731394822165	-0.0023688944428485736
-8.573216520650814	-0.12489671808563507	-0.0023978579006384004
-8.548185231539424	-0.12547706456623686	-0.002428043496466026
-8.523153942428035	-0.12605911567538897	-0.002456641121311151
-8.498122653316646	-0.1266456820902473	-0.0024825944427148694
-8.473091364205256	-0.1272384414741996	-0.0025076209979444236
-8.448060075093867	-0.12783611501663472	-0.002532931147758738
-8.423028785982478	-0.1284373821686895	-0.0025566042854757165
-8.397997496871088	-0.1290443900571372	-0.0025758670915752013
-8.3729662077597	-0.12966129631555745	-0.0025913597013612483
-8.34793491864831	-0.13028988470738767	-0.0026066761648488035
-8.32290362953692	-0.1309290206826894	-0.0026248053222285156
-8.297872340425531	-0.1315767512579722	-0.0026469819904764436
-8.272841051314144	-0.13223137990173228	-0.0026734303034301604
-8.247809762202753	-0.1328913806047023	-0.0027039433086209347
-8.222778473091363	-0.13355509593035908	-0.0027377662816839288
-8.197747183979974	-0.13422094349517177	-0.0027729419478634554
-8.172715894868585	-0.13488882630121157	-0.0028059299334660115
-8.147684605757197	-0.1355619550291287	-0.0028335070819916763
-8.122653316645806	-0.1362452402752874	-0.002856240837359303
-8.097622027534417	-0.13694098994384962	-0.002877925280885388
-8.072590738423028	-0.1376482091906892	-0.002901833128582318
-8.047559449311638	-0.13836477268835257	-0.0029292359089443526
-8.02252816020025	-0.13908877995151858	-0.002959903090582222
-7.9974968710888605	-0.139819028316289	-0.002992607334922348
-7.972465581977473	-0.1405554525231807	-0.003025626276962068
-7.947434292866082	-0.14129921028068892	-0.003057602272225235
-7.922403003754694	-0.1420521398108372	-0.003088259025157289
-7.897371714643305	-0.14281579028003133	-0.0031186160964316867
-7.872340425531914	-0.14359056540639958	-0.003150229167359353
-7.8473091364205265	-0.14437601647134457	-0.0031841689828228797
-7.8222778473091354	-0.1451716080251586	-0.0032209019868182226
-7.797246558197748	-0.1459770215725591	-0.0032606727265356295
-7.772215269086359	-0.1467920808622667	-0.003303809322770579
-7.7471839799749675	-0.14761654699848137	-0.0033508750135620158
-7.72215269086358	-0.14844982671456197	-0.003402713651515135
-7.697121401752189	-0.14929052641869234	-0.0034603238405523373
-7.672090112640801	-0.15013584775546818	-0.003524256159407102
-7.647058823529412	-0.15098135028900028	-0.003592963101183691
-7.622027534418023	-0.1518229387122263	-0.003660271426644754
-7.596996245306634	-0.15266255267821283	-0.0037158403294304254
-7.571964956195245	-0.153511136366558	-0.003753312336216577
-7.546933667083856	-0.15438034913341436	-0.0037769546339005977
-7.5219023779724665	-0.15527420014825566	-0.003795995118489548
-7.496871088861077	-0.1561906874896275	-0.003817369409473484
-7.471839799749688	-0.15712604271367425	-0.003844235170035057
-7.446808510638299	-0.15807709521460822	-0.0038771137090705954
-7.421777221526909	-0.15904194187961718	-0.003915369219975456
-7.39674593241552	-0.1600197068168665	-0.003958160166464567
-7.371714643304131	-0.1610101195406921	-0.004004811991373217
-7.346683354192741	-0.16201320505930372	-0.004054889127668909
-7.321652065081352	-0.16302909840383517	-0.004108167127279558
-7.296620775969963	-0.16405792139484277	-0.004164575510606561
-7.2715894868585735	-0.1650997052151082	-0.004224077731847992
-7.246558197747184	-0.16615449492855916	-0.00428651205575932
-7.221526908635795	-0.16722265512558465	-0.004351743209316028
-7.196495619524406	-0.1683047140435976	-0.0044203019183205045
-7.171464330413016	-0.16940030195033984	-0.004493517173046843
-7.146433041301627	-0.17050726825864526	-0.004572393378902306
-7.121401752190238	-0.17162188775084264	-0.004655793821336088
-7.0963704630788484	-0.17274091118867307	-0.004738478260918458
-7.071339173967459	-0.17386640592857816	-0.004811713304855858
-7.04630788485607	-0.1750083209198081	-0.0048704117688886245
-7.0212765957446805	-0.17617696128354066	-0.004919241526852899
-6.996245306633291	-0.17737490653176202	-0.004967079447248654
-6.971214017521902	-0.17859918947726872	-0.005019491788322533
-6.946182728410513	-0.17984632785675103	-0.005078015284637749
-6.921151439299123	-0.1811141990030487	-0.005142283271950307
-6.896120150187734	-0.1824019075754526	-0.005211472957375701
-6.871088861076345	-0.18370929509605283	-0.0052848418965020655
-6.8460575719649555	-0.18503658966350311	-0.005361842611842124
-6.821026282853566	-0.18638421369453706	-0.0054421046425255915
-6.795994993742177	-0.18775268801625344	-0.005525391229090043
-6.770963704630788	-0.18914258613879387	-0.005611560958132991
-6.745932415519399	-0.19055451326742734	-0.005700539576299096
-6.720901126408009	-0.19198909728430102	-0.00579230056334519
-6.69586983729662	-0.19344698548797723	-0.005886852052108232
-6.670838548185231	-0.19492884409184352	-0.00598422808513345
-6.645807259073841	-0.1964353590364052	-0.006084482779533815
-6.620775969962453	-0.19796723741910416	-0.006187686441879142
-6.595744680851063	-0.1995252092121209	-0.006293923004613247
-6.570713391739676	-0.20111002911502318	-0.006403288375583072
-6.545682102628285	-0.20272247847716596	-0.006515889437368305
-6.520650813516897	-0.20436336726461857	-0.006631843529993797
-6.495619524405506	-0.20603353606258423	-0.006751278317839227
-6.470588235294117	-0.20773385810416567	-0.00687433199180415
-6.445556946182729	-0.20946524129995048	-0.0070011537996307605
-6.420525657071338	-0.21122863020162264	-0.007131904935372885
-6.395494367959951	-0.2130250077442657	-0.007266759850101473
-6.37046307884856	-0.21485539642916862	-0.007405908042648776
-6.34543178973717	-0.21672085824718224	-0.007549556248023642
-6.320400500625783	-0.21862249201979278	-0.0076979303327191495
-6.295369211514392	-0.22056142617909735	-0.00785127423559688
-6.270337922403004	-0.22253880638157852	-0.008009838260201074
-6.245306633291613	-0.22455578880277738	-0.008173841641560584
-6.2202753441802265	-0.22661358374476226	-0.008343406233961848
-6.195244055068836	-0.22871360455545453	-0.008518547388903147
-6.170212765957448	-0.23085758971897885	-0.008699380413754204
-6.145181476846059	-0.23304740224173592	-0.008886363412125287
-6.120150187734667	-0.23528472637807596	-0.009080171107115564
-6.09511889862328	-0.23757108305411645	-0.009281428751521409
-6.070087609511891	-0.23990797602692115	-0.009490651849015874
-6.0450563204005014	-0.24229691883130489	-0.00970826889932741
-6.020025031289112	-0.24473941176392788	-0.009934515635689076
-5.994993742177721	-0.2472371431476832	-0.010169206455807753
-5.9699624530663336	-0.24979256175850217	-0.010411829907414114
-5.9449311639549425	-0.2524091058144249	-0.010662411878355607
-5.919899874843555	-0.25509027744983914	-0.010922115375642263
-5.894868585732166	-0.2578388320236922	-0.011192525451991939
-5.869837296620776	-0.26065711534022107	-0.011474869400420251
-5.844806007509387	-0.2635476152676297	-0.011769998858145836
-5.819774718397998	-0.26651315218172567	-0.012078633793323953
-5.7947434292866085	-0.26955686964257364	-0.012401518170434153
-5.769712140175219	-0.272682196515178	-0.01273947995722291
-5.74468085106383	-0.2758928277018633	-0.01309344942579603
-5.719649561952441	-0.2791927236880296	-0.013464465563525443
-5.694618272841051	-0.282586122235263	-0.01385368143896526
-5.669586983729662	-0.28607755753330366	-0.014262371610261407
-5.644555694618273	-0.2896718843435995	-0.014691942095709912
-5.619524405506883	-0.2933743060976779	-0.01514394251821835
-5.594493116395494	-0.29719040727050405	-0.015620079469119266
-5.569461827284105	-0.30112619286294073	-0.016122230575324692
-5.5444305381727155	-0.30518813992951443	-0.016652463997278655
-5.519399249061326	-0.3093832562460461	-0.017213075725570334
-5.494367959949937	-0.31371912466760854	-0.01780663939086337
-5.469336670838549	-0.31820394052229517	-0.018436037759304746
-5.444305381727158	-0.32284657785698023	-0.01910448382509919
-5.419274092615769	-0.3276566801785936	-0.019815562463586636
-5.3942428035043815	-0.3326447569006943	-0.020573291936529917
-5.36921151439299	-0.33782228612779885	-0.021382195963330658
-5.344180225281603	-0.34320183049019803	-0.022247386149954765
-5.319148936170212	-0.34879717050414794	-0.023174658645422785
-5.2941176470588225	-0.3546234586810453	-0.02417060947224338
-5.269086357947435	-0.36069739768804787	-0.025242773400131757
-5.244055068836044	-0.36703744631301927	-0.026399792133434796
-5.219023779724656	-0.37366405734858343	-0.027651618773408104
-5.193992490613266	-0.3805999516128553	-0.029009766454735048
-5.168961201501876	-0.3878704326138944	-0.03048760834294212
-5.1439299123904885	-0.39550375042732355	-0.03210073118960277
-5.1188986232791	-0.4035315448281809	-0.03386733715225701
-5.09386733416771	-0.41198945635898454	-0.03580871589046783
-5.06883604505632	-0.4209180108909747	-0.03794996675357018
-5.043804755944931	-0.4303635704620108	-0.04032127555413563
-5.018773466833542	-0.4403788838790854	-0.04295948754705514
-4.993742177722154	-0.4510236728906447	-0.04590935706527692
-4.968710888610763	-0.46236609985346355	-0.04922499225350674
-4.943679599499373	-0.4744849551211576	-0.05297246050409071
-4.918648310387985	-0.48747187431332684	-0.05723397086320703
-4.893617021276597	-0.5014330329735772	-0.062113297028534686
-4.868585732165207	-0.5164910050706899	-0.06774209987890761
-4.843554443053817	-0.5327876074593316	-0.07428853842507258
-4.818523153942427	-0.5504870609581989	-0.08197000907476004
-4.793491864831038	-0.5697784900955769	-0.09107146702998214
-4.768460575719651	-0.5908766957273048	-0.10197161295719757
-4.7434292866082615	-0.6140189175428983	-0.11518074498322692
-4.71839799749687	-0.6394525894449421	-0.13139593224946217
-4.69336670838548	-0.6674036350828882	-0.15158130964092226
-4.668335419274092	-0.6980038095534904	-0.17708255267493297
-4.643304130162704	-0.7311339918206556	-0.20978005535990182
-4.618272841051315	-0.766102685192612	-0.2522592917690323
-4.593241551939924	-0.8010348204749644	-0.30788864292371454
-4.568210262828536	-0.8318838017948842	-0.38048057579434147
-4.543178973717147	-0.8513798098269776	-0.4729509001903747
-4.518147684605758	-0.8491177937377992	-0.584834134859518
-4.4931163954943685	-0.8136207416157122	-0.710349770379959
-4.468085106382977	-0.7340817769516823	-0.8379506485241022
-4.44305381727159	-0.6023778089116059	-0.9472966990362287
-4.418022528160201	-0.42360019890283374	-1.0075714137877632
-4.392991239048811	-0.22759342937010096	-0.992071750657277
-4.367959949937422	-0.05942933373717807	-0.9008348909616491
-4.342928660826031	0.04797356218871496	-0.7645161000880395
-4.317897371714643	0.09155897216457998	-0.6226204873923024
-4.292866082603254	0.08928438904829505	-0.5001843338765897
-4.267834793491865	0.06163418303295387	-0.40427331020065405
-4.2428035043804755	0.022710322551210638	-0.33228983537639173
-4.217772215269086	-0.019817265365548842	-0.27902006501588705
-4.192740926157699	-0.06234151962695478	-0.23964474229524127
-4.167709637046308	-0.10340380170122865	-0.21046423293053027
-4.142678347934918	-0.1425884551653236	-0.1888214754394487
-4.117647058823529	-0.17995798451571288	-0.17285339579024464
-4.09261576971214	-0.2157798585270334	-0.1612636521545999
-4.067584480600752	-0.2503991151224243	-0.1531539469969044
-4.042553191489361	-0.2841818476713791	-0.1479077717186415
-4.017521902377972	-0.31749279704029343	-0.14511302308101437
-3.9924906132665825	-0.3506892555019365	-0.14451193468821444
-3.967459324155193	-0.3841226909713509	-0.14597024589530366
-3.9424280350438052	-0.41814390790560907	-0.14946052851452044
-3.917396745932415	-0.4531096004631161	-0.15505689591855623
-3.8923654568210257	-0.48938893159341257	-0.1629401468689091
-3.867334167709638	-0.5273686979369128	-0.17341402809847659
-3.8423028785982494	-0.5674546587282667	-0.18693498244731546
-3.8172715894868587	-0.6100641639941169	-0.20415961339820168
-3.7922403003754686	-0.6555999748753187	-0.22601586301775337
-3.7672090112640793	-0.7043844582917722	-0.2538038707313002
-3.7421777221526913	-0.7565128788803741	-0.2893244415717602
-3.717146433041303	-0.8115519712595125	-0.3349981576236648
-3.6921151439299127	-0.8679880773480395	-0.39383117986821126
-3.6670838548185225	-0.922449313637768	-0.46885264412332384
-3.6420525657071328	-0.9693368566650205	-0.5614932682601418
-3.617021276595745	-1.0025607168811015	-0.6693991396491148
-3.5919899874843564	-1.019918579134139	-0.7871154805498926
-3.566958698372966	-1.0247191319437654	-0.9124816294389656
-3.541927409261576	-1.01826214101622	-1.0518301724256276
-3.5168961201501876	-0.9901974707031331	-1.2136202949722728
-3.4918648310387996	-0.919913472568997	-1.3950880517979298
-3.46683354192741	-0.7902747976148983	-1.5750803174212977
-3.4418022528160197	-0.6038294917837708	-1.7233425141429892
-3.4167709637046295	-0.38091984603083295	-1.8222964714743883
-3.391739674593241	-0.13726150945364557	-1.8710642394349346
-3.366708385481853	0.12205224106894308	-1.8650866736241796
-3.341677096370464	0.38350221912068294	-1.7895712618770219
-3.3166458072590737	0.614906124878603	-1.6384582461453063
-3.291614518147683	0.7824524950979672	-1.432044110455376
-3.2665832290362946	0.8742304812105965	-1.206639934221655
-3.2415519399249066	0.8997156278298513	-0.9924782126969282
-3.2165206508135173	0.8767629623345243	-0.8069141897370471
-3.191489361702127	0.8242218430825838	-0.6564800752541797
-3.166458072590739	0.7577171475141902	-0.5395308357043893
-3.14142678347935	0.6874019887282548	-0.4502507877555352
-3.11639549436796	0.6185976857578726	-0.3822200782650358
-3.091364205256571	0.5535712687027154	-0.3300514836668882
-3.0663329161451807	0.4929816701217833	-0.28968544062488244
-3.0413016270337927	0.4367322448169162	-0.25818715378693435
-3.0162703379224034	0.3844086059329799	-0.23346060050270853
-2.991239048811014	0.3354878182078296	-0.21400826372813894
-2.966207759699625	0.28943247183180576	-0.19875563362894974
-2.941176470588234	0.24572903706179172	-0.18692944018311067
-2.916145181476846	0.20389986640820634	-0.1779748406945764
-2.891113892365457	0.16350304052188136	-0.17149967295773785
-2.8660826032540676	0.12412683090236198	-0.1672374477562358
-2.8410513141426783	0.08538195420757688	-0.16502360729251572
-2.816020025031289	0.04689306056704634	-0.16478163983557778
-2.790988735919901	0.008290091211476724	-0.16651713031418655
-2.7659574468085104	-0.030800174669921798	-0.17031897630161433
-2.740926157697121	-0.07076205580915174	-0.17636801148313616
-2.715894868585732	-0.1119977231984941	-0.18495433265562786
-2.6908635794743425	-0.15493126244384836	-0.19650588714052233
-2.6658322903629545	-0.20000671596706798	-0.21163247293633017
-2.6408010012515644	-0.2476729999670355	-0.23119116687524702
-2.615769712140175	-0.2983408962930292	-0.2563804835266139
-2.5907384230287853	-0.35228233142286625	-0.28886782288011836
-2.565707133917396	-0.40941645390629855	-0.33093691219048493
-2.540675844806008	-0.46889895339626286	-0.385580712096381
-2.515644555694618	-0.528467737958441	-0.4563193034024614
-2.4906132665832286	-0.5838022111821524	-0.5463674589149676
-2.4655819774718406	-0.6287843476329391	-0.6571960995969142
-2.440550688360452	-0.6571145471040045	-0.7880514282636264
-2.4155193992490616	-0.6627673416431414	-0.9375575022943125
-2.3904881101376714	-0.6374417665488854	-1.1034938926985591
-2.365456821026282	-0.5706374544646136	-1.2780573758459859
-2.340425531914894	-0.45646104474044646	-1.4457996081114926
-2.3153942428035057	-0.29892292969542833	-1.590849734978302
-2.2903629536921155	-0.10559414092144248	-1.7043771395451754
-2.2653316645807253	0.12037728693490068	-1.7784941555861145
-2.2403003754693356	0.3731145420648425	-1.797263128141079
-2.2152690863579476	0.6313737143445519	-1.7437288820686532
-2.190237797246559	0.8609220592067581	-1.6174888402788121
-2.165206508135169	1.0337050981033316	-1.4413639764214117
-2.140175219023779	1.143267772562957	-1.2472633341652613
-2.1151439299123904	1.2001976982157605	-1.0576048621907097
-2.0901126408010025	1.2170179834992116	-0.881653637155202
-2.0650813516896127	1.2018333340374392	-0.7243634856514368
-2.0400500625782225	1.162757110674288	-0.5908344937273902
-2.0150187734668323	1.1098457020760426	-0.48311462336974953
-1.989987484355444	1.0519275220199193	-0.3988585628250222
-1.9649561952440555	0.9945633516582317	-0.33356581348471104
-1.939924906132667	0.9404756450276079	-0.28273465235566775
-1.914893617021277	0.8906714409927958	-0.24271124794757845
-1.8898623279098858	0.845293125164134	-0.21076264172184048
-1.8648310387984974	0.8041000803558074	-0.1849017452091237
-1.839799749687109	0.7667097853546534	-0.1636897320420498
-1.8147684605757206	0.732710245548037	-0.14607758603188833
-1.7897371714643304	0.7017087584124369	-0.13129155639913623
-1.764705882352942	0.6733503742910654	-0.1187532561313927
-1.7396745932415527	0.6473224003096303	-0.1080244018231542
-1.7146433041301625	0.6233528062643288	-0.09876845731863676
-1.6896120150187741	0.6012062599596524	-0.09072376253196335
-1.664580725907384	0.5806795225056325	-0.08368448539321302
-1.6395494367959955	0.5615969711397457	-0.07748694681642368
-1.6145181476846062	0.5438065557290344	-0.07199967668485341
-1.589486858573217	0.5271762779990716	-0.06711609220891157
-1.5644555694618276	0.5115911846611025	-0.06274904241765974
-1.5394242803504374	0.4969508256431385	-0.058826696957732766
-1.514392991239049	0.48316711629961384	-0.055289414799794656
-1.4893617021276597	0.4701625427954914	-0.052087335339199986
-1.4643304130162704	0.45786865545807354	-0.04917850778743307
-1.4392991239048811	0.446224802196183	-0.04652742575475663
-1.4142678347934918	0.43517706144652557	-0.044103869765834885
-1.3892365456821025	0.42467734081504394	-0.04188198591518774
-1.3642052565707132	0.414682613401977	-0.03983954715498317
-1.339173967459324	0.4051542687107783	-0.03795735697146346
-1.3141426783479346	0.3960575591238624	-0.03621876492122095
-1.2891113892365453	0.3873611262873844	-0.03460927067980499
-1.264080100125157	0.3790365944995788	-0.033116198610761816
-1.2390488110137667	0.3710582204452004	-0.03172842889103636
-1.2140175219023774	0.3634025904531031	-0.030436174282799683
-1.1889862327909881	0.356048357952357	-0.029230793976168734
-1.1639549436795988	0.34897601502585474	-0.028104637725856252
-1.1389236545682104	0.3421676929621362	-0.02705091490218081
-1.1138923654568202	0.3356069875265648	-0.026063584172487275
-1.0888610763454318	0.329278805346241	-0.025137260397469136
-1.0638297872340434	0.32316922835621575	-0.024267136024967606
-1.0387984981226523	0.3172653937091172	-0.02344891483598889
-1.013767209011264	0.31155538692490103	-0.022678756380322435
-0.9887359198998737	0.3060281463665231	-0.021953229863765786
-0.9637046307884853	0.3006733773851844	-0.021269276645871707
-0.9386733416770969	0.295481474698992	-0.020624180908856246
-0.9136420525657085	0.29044345176903597	-0.02001554850429267
-0.8886107634543183	0.2855508761422778	-0.019441294527597255
-0.8635794743429273	0.2807958099850587	-0.018899640887616517
-0.8385481852315388	0.2761707554147941	-0.018389126145228543
-0.8135168961201504	0.2716686049067686	-0.017908631368222058
-0.788485607008762	0.26728259831667645	-0.017457427962823055
-0.7634543178973718	0.2630062905415057	-0.01703525680496361
-0.7384230287859816	0.25883353882481275	-0.01664245307895515
-0.7133917396745932	0.2547585288582134	-0.016280138681380035
-0.6883604505632039	0.25077587971032245	-0.01595051402302891
-0.6633291614518155	0.24688091082715646	-0.01565729105977247
-0.6382978723404253	0.24307024328504012	-0.015406306813201529
-0.6132665832290352	0.23934308474385924	-0.015206295274451845
-0.5882352941176467	0.23570386679793254	-0.015069526824750823
-0.5632040050062583	0.232167306915676	-0.0150111291604616
-0.5381727158948699	0.22876664948231007	-0.015043486014993446
-0.5131414267834788	0.2255612039162369	-0.015157814347466575
-0.48811013767208866	0.22262278285893622	-0.0152870102012133
-0.46307884856070025	0.2199648856823474	-0.015283123589825823
-0.43804755944931184	0.21745444656326862	-0.015003795698093625
-0.41301627033792343	0.21488120183445536	-0.01446806420336666
-0.38798498122653324	0.21214376555014797	-0.013831995231658595
-0.36295369211514483	0.20927652869297825	-0.013228311609567278
-0.33792240300375376	0.20635301636278996	-0.012707885543429762
-0.31289111389236535	0.20342822824283308	-0.01227171251170453
-0.28785982478097694	0.20053220960936896	-0.011904825940832961
-0.26282853566958675	0.19767862104015466	-0.011591321844696828
-0.23779724655819834	0.19487239235528664	-0.011318475590425495
-0.21276595744680904	0.19211420918544292	-0.011076966992002307
-0.18773466833541974	0.18940281568612705	-0.010860154267055083
-0.16270337922403044	0.18673613485378562	-0.010663315747573995
-0.13767209011264026	0.18411179821683496	-0.010483064957068897
-0.11264080100125184	0.18152738892863146	-0.01031693920100267
-0.08760951188986255	0.1789805473183033	-0.010163119331779491
-0.06257822277847325	0.17646901099417756	-0.010020240351167553
-0.03754693366708395	0.17399062432036194	-0.009887262980985176
-0.01251564455569465	0.1715433340937884	-0.00976338582542595
0.01251564455569465	0.1691251795209352	-0.009647984638661455
0.03754693366708395	0.1667342803316069	-0.009540569849068717
0.06257822277847325	0.16436882477791678	-0.009440756525235017
0.08760951188986255	0.16202705824439564	-0.00934824293697184
0.11264080100125184	0.15970727270099389	-0.009262795143347755
0.13767209011264114	0.15740779699906454	-0.009184235876492086
0.16270337922403044	0.1551269879081465	-0.009112436542941721
0.18773466833541974	0.1528632217526433	-0.009047311534371522
0.21276595744680726	0.15061488649770194	-0.008988814290599237
0.23779724655819834	0.148380374136675	-0.00893693473095522
0.26282853566958764	0.14615807323934413	-0.008891697791887018
0.28785982478097694	0.1439463615269972	-0.008853162896493946
0.31289111389236623	0.14174359834486205	-0.0088214242470879
0.33792240300375376	0.1395481169039421	-0.008796611882772629
0.36295369211514483	0.13735821616205274	-0.008778893485981834
0.38798498122653235	0.13517215220751966	-0.00876847695896707
0.41301627033792343	0.13298812899873763	-0.008765613826716395
0.43804755944931273	0.13080428829720409	-0.008770603559367457
0.46307884856070025	0.12861869861119618	-0.008783798947744573
0.4881101376720913	0.1264293429402375	-0.008805612712940059
0.5131414267834788	0.12423410507645416	-0.008836525588432384
0.5381727158948699	0.1220307541758644	-0.008877096185218508
0.5632040050062574	0.11981692725942994	-0.008927973042567913
0.5882352941176467	0.11759010923735136	-0.008989909386615744
0.6132665832290378	0.11534760996862381	-0.009063781276515734
0.6382978723404253	0.11308653776727429	-0.009150610027467213
0.6633291614518164	0.11080376864408326	-0.00925159008187447
0.6883604505632039	0.10849591042327278	-0.009368123882822918
0.7133917396745932	0.10615926069445947	-0.009501865829426609
0.7384230287859808	0.10378975734865581	-0.009654778121564941
0.7634543178973718	0.10138292020583894	-0.009829202320817285
0.7884856070087629	0.09893378198062153	-0.010027951896585341
0.8135168961201504	0.09643680658253928	-0.010254433089658677
0.8385481852315397	0.09388579257558494	-0.010512804410478777
0.8635794743429273	0.09127375966997664	-0.010808189457798198
0.8886107634543183	0.08859281667635088	-0.011146964210668645
0.9136420525657059	0.08583401099558274	-0.011537149630498872
0.9386733416770969	0.08298716359150593	-0.011988955066156076
0.9637046307884862	0.08004070178367051	-0.012515540344856649
0.9887359198998737	0.07698151968472011	-0.013134098861720386
1.0137672090112648	0.07379493198409981	-0.013867417003369353
1.0387984981226523	0.07046486010690578	-0.014746146211812902
1.0638297872340434	0.0669745400941022	-0.015812144161602676
1.088861076345431	0.06330835147205582	-0.017123406847445677
1.1138923654568202	0.05945600797766937	-0.018761295198719816
1.1389236545682113	0.055421673007672645	-0.02084079304906472
1.1639549436795988	0.05124321155987399	-0.02352379088698625
1.18898623279099	0.047031649003722364	-0.027031826113756846
1.2140175219023774	0.04304755951264583	-0.031642484690609374
1.2390488110137667	0.039829545044758996	-0.03761990608249874
1.264080100125156	0.0383334055651563	-0.04496617917131915
1.2891113892365453	0.03982455471408852	-0.052881162361693906
1.3141426783479364	0.04500037101022247	-0.05927127686446618
1.339173967459324	0.05255256438230216	-0.0615346504145827
1.3642052565707132	0.05927359951074451	-0.05882892463052178
1.3892365456821025	0.06251407351321503	-0.05296875491648709
1.4142678347934918	0.06186870881533402	-0.04658028985097237
1.4392991239048811	0.058390850067121525	-0.04126820081773616
1.4643304130162704	0.0532516914817327	-0.037482603325407426
1.4893617021276597	0.04721498159436077	-0.03511456536656832
1.514392991239049	0.040669072675717066	-0.033922688398861006
1.5394242803504383	0.03377261876216142	-0.033700083650607005
1.5644555694618276	0.02656190276783743	-0.03431430980245792
1.589486858573217	0.019010626437397926	-0.0357072023223661
1.6145181476846044	0.011060447497497128	-0.03788879673280643
1.6395494367959955	0.0026372645039494103	-0.04093616218131668
1.6645807259073848	-0.006337042759834377	-0.04500049276071352
1.6896120150187741	-0.015929734384336758	-0.05032419949219716
1.7146433041301634	-0.026169695356326628	-0.05726941700110122
1.739674593241551	-0.03699127990635431	-0.06635691934814986
1.764705882352942	-0.04812126511500314	-0.07830331617843667
1.7897371714643295	-0.05886787321400577	-0.09400886861711663
1.8147684605757206	-0.06779350945489493	-0.11436484847908684
1.83979974968711	-0.07241801485036259	-0.13964720157958554
1.8648310387984974	-0.06948485253233816	-0.16839558007164004
1.8898623279098885	-0.056533971711725695	-0.19641530232093626
1.914893617021276	-0.03467560387084889	-0.21761074787578674
1.939924906132667	-0.009789183592978201	-0.22808112017183177
1.9649561952440546	0.011676124402389743	-0.22959835449572016
1.989987484355444	0.027137025873637644	-0.22646019296764433
2.015018773466835	0.036080735220425986	-0.22213853223543675
2.0400500625782225	0.03896314028299219	-0.22044679834447492
2.065081351689613	0.03881566765017741	-0.22498755868258277
2.090112640801001	0.040809415465462795	-0.23672123441333418
2.1151439299123904	0.04976642221475869	-0.25284997144205024
2.1401752190237784	0.0675337323174281	-0.26800266748345103
2.165206508135169	0.09205259576824032	-0.27693240736439084
2.1902377972465596	0.11841176729308822	-0.2771426453850143
2.2152690863579476	0.14188670081539545	-0.2702066077602
2.240300375469337	0.1609224937199598	-0.2594833877882762
2.265331664580725	0.17594318237552375	-0.24692995552886013
2.2903629536921155	0.18702830674946336	-0.23369596594706385
2.315394242803503	0.1946489955638877	-0.22148675811269522
2.340425531914894	0.20068736472062865	-0.2113522967234638
2.3654568210262834	0.20698996161943217	-0.20235558095980136
2.3904881101376714	0.2134922040842815	-0.1927404410943874
2.415519399249062	0.21872898293739373	-0.1821586978289775
2.4405506883604495	0.22202790963862906	-0.1718802861238161
2.4655819774718406	0.22429119020558197	-0.16300856646175663
2.490613266583228	0.22686090742532627	-0.15534081809453756
2.515644555694618	0.23026565156287715	-0.1478079263580752
2.5406758448060085	0.2341240360927337	-0.13958775379295504
2.565707133917396	0.23796102200239488	-0.1304404036442282
2.590738423028787	0.24149624885906462	-0.12013950008215968
2.6157697121401746	0.24410460829829006	-0.10834225768181546
2.6408010012515644	0.24474469347188732	-0.09528139200362012
2.665832290362953	0.24274814067667672	-0.08196193146787517
2.6908635794743425	0.23822417728583822	-0.06954243923702194
2.7158948685857336	0.23184828010108838	-0.05883405885530277
2.740926157697121	0.22448869118347758	-0.05011349765110246
2.765957446808511	0.21685726761011503	-0.043222070503171506
2.7909887359198997	0.2093809194962888	-0.03781827825528622
2.816020025031289	0.20225836354354332	-0.033559132780030754
2.841051314142678	0.19555485050771448	-0.03016631612735088
2.8660826032540676	0.18926957530413047	-0.027431441876965862
2.8911138923654573	0.18337296439639195	-0.025202679984414555
2.916145181476846	0.17782511445659033	-0.02336983727535287
2.9411764705882355	0.17258429757327143	-0.021852449333142315
2.9662077596996244	0.16761058184776223	-0.020591194295250748
2.991239048811014	0.16286713259476882	-0.01954191747697734
3.0162703379224016	0.15832044505338994	-0.01867151301803527
3.0413016270337927	0.1539401077203717	-0.017955083255674423
3.066332916145182	0.14969837889362658	-0.017373972368783186
3.091364205256571	0.1455697059797374	-0.016914403699152272
3.1163954943679606	0.14153024309682394	-0.016566542152613634
3.141426783479348	0.13755738672137818	-0.016323865132375062
3.166458072590739	0.13362933190492488	-0.016182767498104197
3.1914893617021267	0.12972464336588718	-0.01614235539831077
3.2165206508135173	0.12582183189545404	-0.016204405601347796
3.241551939924907	0.12189892477373876	-0.016373484788798742
3.2665832290362946	0.11793301831563197	-0.016657240025293008
3.2916145181476857	0.11389980111016662	-0.01706688989409562
3.316645807259073	0.10977303856604159	-0.017617968471172654
3.341677096370464	0.10552401462489414	-0.018331405145865662
3.366708385481852	0.10112093835357028	-0.019235067646119555
3.391739674593241	0.0965283485100148	-0.02036596151944768
3.416770963704632	0.09170660216528415	-0.021773378845238348
3.4418022528160197	0.08661164284087386	-0.02352343968591572
3.4668335419274103	0.08119546884809292	-0.025705694587328937
3.4918648310387983	0.07540818731613586	-0.028442775292686878
3.5168961201501876	0.06920350075582204	-0.031904473260412236
3.5419274092615756	0.06255145226855907	-0.03632789509463871
3.566958698372966	0.05546623012453322	-0.042044677653209794
3.591989987484357	0.04806421283475126	-0.04951190822652787
3.617021276595745	0.04067812207606458	-0.05932746388672869
3.642052565707134	0.034054634879866263	-0.07216528057058091
3.667083854818522	0.02959429317482254	-0.08847895986898885
3.6921151439299127	0.029318266252251313	-0.10781379819563935
3.7171464330413	0.03491570427389101	-0.12813324232347909
3.7421777221526913	0.04618938031778708	-0.14661800540878636
3.7672090112640806	0.061420924362008744	-0.1618474153541676
3.7922403003754686	0.07972662846723466	-0.17375243658270587
3.817271589486859	0.10097762921169684	-0.18133963808829198
3.8423028785982467	0.12354660142249596	-0.18297752264429265
3.867334167709638	0.14455976085443778	-0.17870204622747884
3.8923654568210253	0.1620624883163435	-0.17045800623442667
3.917396745932415	0.1759608477841601	-0.1604325802091652
3.9424280350438057	0.18705778577072252	-0.14972058764301188
3.967459324155193	0.19588774475617088	-0.13870070732951612
3.9924906132665843	0.2028273388627002	-0.12769797792413445
4.017521902377972	0.2083328167483609	-0.11685826996611956
4.042553191489361	0.2127427032598872	-0.10606068812369115
4.06758448060075	0.2161553798587077	-0.09503724218259998
4.09261576971214	0.21828973258917062	-0.08352575171411733
4.117647058823531	0.2185515020578297	-0.07170799380890289
4.142678347934918	0.2166228049141976	-0.06034195138859408
4.167709637046308	0.2128147328091039	-0.05026206169236866
4.192740926157697	0.20783987207605215	-0.04190820856797842
4.217772215269086	0.20240285854483098	-0.03526089864766796
4.2428035043804755	0.19697670238937537	-0.030049191235806183
4.267834793491865	0.19180461855535125	-0.02595419095322335
4.292866082603254	0.18698256483234488	-0.022702332799950806
4.317897371714643	0.18252980538445396	-0.020084292807319062
4.342928660826033	0.17843068991332522	-0.01794637802247817
4.367959949937422	0.17465600539635506	-0.016176808397245945
4.392991239048811	0.17117307318920272	-0.014693897111650131
4.418022528160199	0.16795021403871235	-0.01343729035215073
4.44305381727159	0.16495852155173285	-0.012361797455080564
4.468085106382979	0.1621723963040944	-0.01143309859433013
4.4931163954943685	0.15956953350477043	-0.010624722301691494
4.518147684605758	0.15713064540592558	-0.009915837297915411
4.543178973717145	0.15483892957211953	-0.009289617070565886
4.568210262828536	0.15267930750744352	-0.008732312225687905
4.593241551939924	0.15063804158419014	-0.00823313420895666
4.618272841051315	0.14870318783958147	-0.007784007330513723
4.643304130162704	0.14686484587356397	-0.007378560668410139
4.668335419274092	0.14511465837163406	-0.007011312940562564
4.693366708385483	0.14344528033034631	-0.0066774601448288395
4.71839799749687	0.14185013491379372	-0.006372856842087243
4.7434292866082615	0.14032331548855037	-0.00609396668072916
4.768460575719649	0.13885952042332317	-0.00583778023781617
4.793491864831038	0.13745399082474208	-0.005601729923396789
4.818523153942429	0.13610245001155796	-0.005383615465566038
4.843554443053817	0.13480104739704135	-0.005181542535703687
4.868585732165208	0.13354630828775882	-0.004993873250272479
4.8936170212765955	0.13233508998346188	-0.004819186540626824
4.918648310387985	0.13116454409949085	-0.004656246590801966
4.943679599499372	0.13003208511490794	-0.004503977905792322
4.968710888610763	0.12893536573205022	-0.004361445708192496
4.9937421777221545	0.12787226079900726	-0.004227839704430178
5.018773466833542	0.12684086305513453	-0.004102456348876099
5.043804755944931	0.1258394930075699	-0.003984666414984558
5.068836045056319	0.12486670927953014	-0.00387383955275937
5.09386733416771	0.12392124789413916	-0.003769203623029599
5.118898623279097	0.12300176103044258	-0.003669753205145329
5.1439299123904885	0.12210648769424282	-0.0035745421394500487
5.168961201501878	0.12123347763058678	-0.0034832355032782675
5.193992490613265	0.1203812466064127	-0.003396032527097359
5.219023779724656	0.11954887666122271	-0.0033130912604360657
5.244055068836044	0.11873566635329791	-0.00323430853958262
5.269086357947435	0.11794091517044603	-0.00315942861376263
5.2941176470588225	0.11716389308640007	-0.0030881625746685404
5.319148936170212	0.11640386588329754	-0.003020241013318839
5.344180225281603	0.11566011836409729	-0.0029554279318832755
5.36921151439299	0.1149319672022564	-0.002893521271303101
5.3942428035043815	0.11421876733975278	-0.002834350845418332
5.419274092615769	0.11351991652905813	-0.0027777770568049864
5.444305381727158	0.11283486218755989	-0.0027236905638934328
5.469336670838548	0.11216311529362066	-0.002672010068177924
5.494367959949937	0.11150427620775538	-0.0026226685623763207
5.519399249061328	0.11085806839971823	-0.0025755635773341973
5.5444305381727155	0.11022433228060269	-0.0025304358618547934
5.569461827284105	0.10960284457422187	-0.0024867195481567267
5.594493116395494	0.10899292831146212	-0.0024436714171869184
5.619524405506883	0.10839340284485832	-0.00240098118830441
5.644555694618273	0.10780326854941791	-0.002359049840514091
5.669586983729662	0.10722214373050853	-0.002318436062201737
5.694618272841051	0.10664997833071066	-0.002279405142702459
5.719649561952441	0.10608672321203017	-0.0022419640702397714
5.74468085106383	0.10553224036475761	-0.002206018083624098
5.769712140175219	0.1049863251175509	-0.0021714594011770505
5.7947434292866085	0.10444874047396269	-0.00213819775102482
5.819774718397996	0.10391924005654563	-0.0021061672360529055
5.844806007509387	0.1033975818449635	-0.0020753271290348263
5.869837296620776	0.10288353858045873	-0.002045662763562814
5.894868585732166	0.10237691062958731	-0.0020171875377222176
5.919899874843555	0.10187754801108095	-0.001989942911125253
5.9449311639549425	0.10138538927120688	-0.001963984474733532
5.9699624530663336	0.1009005159570755	-0.001939321957334525
5.994993742177721	0.10042316858045286	-0.0019157581929895723
6.020025031289112	0.09995354108105303	-0.0018926491303907778
6.0450563204005014	0.09949121665680849	-0.0018689734299825178
6.07008760951189	0.09903490429298767	-0.001844172252216919
6.09511889862328	0.09858333930534524	-0.0018187966514836146
6.120150187734667	0.09813615223381511	-0.0017938260211010637
6.145181476846059	0.09769357578269222	-0.0017698498515179156
6.170212765957445	0.09725588921264272	-0.0017470201944093516
6.195244055068836	0.09682322602843207	-0.0017252940248154852
6.2202753441802265	0.09639559712959667	-0.0017045920038314955
6.245306633291613	0.0959729527526818	-0.001684857079830654
6.270337922403005	0.09555523489911799	-0.0016660638181437842
6.295369211514392	0.09514242060744138	-0.0016481984684137418
6.320400500625783	0.09473454841087658	-0.0016311985935960893
6.3454317897371695	0.09433166890654299	-0.001614846667931949
6.37046307884856	0.09393363253990206	-0.0015987363051121195
6.395494367959952	0.0935398873097002	-0.0015825595772011314
6.420525657071338	0.09314974951758881	-0.0015664933279046639
6.445556946182729	0.09276287693305729	-0.0015510426795330157
6.470588235294116	0.09237926294538923	-0.0015366288454492644
6.495619524405506	0.09199898015928021	-0.001523487433580828
6.520650813516895	0.09162204914704919	-0.0015117609195570425
6.545682102628285	0.09124840298633252	-0.0015015906339142515
6.570713391739676	0.09087788010498699	-0.0014932279633841916
6.5957446808510625	0.09051031735554016	-0.0014871734117705704
6.620775969962453	0.09014574504504047	-0.0014842202809414312
6.645807259073841	0.08978456603277785	-0.0014854031980712223
6.670838548185231	0.08942775856856056	-0.0014919208905745662
6.695869837296622	0.08907715262717364	-0.001504936086316494
6.720901126408009	0.0887357082687954	-0.0015252092180832594
6.745932415519399	0.08840804512174572	-0.001552458031182452
6.770963704630788	0.0881009905458896	-0.0015829955543013446
6.795994993742178	0.08781993326157878	-0.0016052623383983888
6.821026282853566	0.0875582312644676	-0.001602092459686344
6.8460575719649555	0.08729476490445975	-0.001567009228526206
6.871088861076346	0.08701211736098635	-0.0015127097459984862
6.896120150187734	0.08670913256250135	-0.001456466375978474
6.921151439299124	0.08639349066512114	-0.001407483610667129
6.946182728410513	0.08607256878412617	-0.0013676356467972883
6.971214017521902	0.08575089034656358	-0.0013357654843116767
6.996245306633291	0.08543073385026467	-0.00131015456162073
7.0212765957446805	0.08511309823705915	-0.0012893597018671793
7.046307884856071	0.08479834078483695	-0.0012723671652896673
7.071339173967459	0.08448652617731955	-0.0012585510239268988
7.0963704630788484	0.08417761585922001	-0.001247605069171584
7.121401752190238	0.08387158926570404	-0.0012394878661906306
7.146433041301627	0.0835685462759157	-0.001234370556497208
7.171464330413016	0.08326879220870076	-0.0012325634157191734
7.196495619524406	0.08297287021782118	-0.0012344617242756317
7.221526908635795	0.08268168205476023	-0.0012406546434505922
7.246558197747184	0.08239717670664692	-0.0012519076346260566
7.2715894868585735	0.08212330995486106	-0.0012678402388823923
7.296620775969963	0.08186509213760029	-0.001283947113675965
7.321652065081352	0.08162330632306336	-0.0012901163575809727
7.3466833541927405	0.08138862397615654	-0.001277091725842297
7.371714643304131	0.08114709394496433	-0.0012468843568787802
7.39674593241552	0.08089260478155946	-0.0012102451576641166
7.421777221526909	0.08062794049391009	-0.0011758633118833794
7.446808510638299	0.08035817568165093	-0.0011469194451739079
7.471839799749687	0.08008702415258906	-0.0011233819714580734
7.496871088861077	0.07981652124709182	-0.0011042346914282852
7.521902377972466	0.07954761790724074	-0.0010884348477982753
7.546933667083856	0.0792806877226262	-0.001075167513791997
7.571964956195245	0.07901582034671506	-0.0010638543629613306
7.5969962453066335	0.07875297108794843	-0.0010541047743002352
7.622027534418024	0.0784920332345207	-0.001045667269195888
7.647058823529412	0.07823287205018925	-0.0010383940819072568
7.672090112640802	0.07797534063004896	-0.001032218880872196
7.697121401752189	0.0777192880362989	-0.001027145101432092
7.72215269086358	0.0774645656340116	-0.0010232422472695735
7.74718397997497	0.07721103530422102	-0.0010206471890352453
7.772215269086359	0.07695858007933509	-0.0010195670150695835
7.797246558197749	0.07670711289417387	-0.0010202857093216805
7.8222778473091354	0.0764565926564087	-0.0010231946638617484
7.8473091364205265	0.0762071130266353	-0.0010288398842080854
7.872340425531913	0.07595909541167689	-0.001037841599394948
7.897371714643305	0.07571336054878852	-0.0010505295961331929
7.922403003754695	0.07547062941311822	-0.0010665152172387449
7.947434292866082	0.07523044362635645	-0.001085205920657653
7.972465581977473	0.07499136300624887	-0.0011078429228497666
7.99749687108886	0.0747538573925457	-0.0011382865537344494
8.022528160200253	0.0745228116195662	-0.0011803709742212037
8.047559449311638	0.07430730076686842	-0.0012337472191349952
8.072590738423028	0.07411665103136578	-0.0012893323661909845
8.09762202753442	0.07395006534681592	-0.001329382050175007
8.122653316645806	0.07378914667200043	-0.0013422991782138516
8.147684605757199	0.073613208616095	-0.001338702200345987
8.172715894868585	0.07342083232537	-0.0013410352328831199
8.197747183979974	0.07322893545064701	-0.0013628313112021978
8.222778473091363	0.07306009353912835	-0.0013994552375087288
8.247809762202753	0.07292737013773731	-0.001426870444193623
8.272841051314145	0.07281699090351168	-0.0014153113701562414
8.297872340425531	0.07269389076644295	-0.0013594242567027404
8.32290362953692	0.0725361665242854	-0.0012833627256763763
8.34793491864831	0.07234868606024669	-0.001212159011634975
8.3729662077597	0.07214669804159612	-0.001154587244748359
8.397997496871088	0.07194042604125173	-0.0011072586909165738
8.423028785982478	0.07173129785815568	-0.0010651835805531445
8.448060075093867	0.07151752254261012	-0.0010282292961410477
8.473091364205256	0.07129987835071461	-0.0009989804796394358
8.498122653316646	0.07108151685606678	-0.0009787819570301615
8.523153942428035	0.07086588001198635	-0.0009668508472421011
8.548185231539424	0.07065538022448337	-0.000960539248187009
8.573216520650814	0.07044987524438362	-0.0009562294660921816
8.598247809762203	0.07024623807621211	-0.0009522322048953064
8.623279098873592	0.07004158893150425	-0.0009509286989027727
8.648310387984981	0.06983658945120652	-0.000956622215432551
8.67334167709637	0.06963536548794025	-0.0009725842840141302
8.69837296620776	0.06944476041546288	-0.0009995459266542578
8.72340425531915	0.06927365601331381	-0.0010331759001844937
8.748435544430539	0.06912826340957778	-0.0010604458092447616
8.773466833541928	0.06900168337272383	-0.0010631192677803963
8.798498122653317	0.06887233589822728	-0.0010344085060882413
8.823529411764707	0.06872264509183168	-0.0009870517250632344
8.848560700876096	0.06855152200879822	-0.0009383624917642941
8.873591989987485	0.06836683744461602	-0.0008975428577579492
8.898623279098874	0.06817630504701278	-0.0008663351385596735
8.92365456821026	0.06798479343067854	-0.0008431035832609235
8.948685857321653	0.06779445503447512	-0.0008253214711353846
8.973717146433042	0.06760541924399455	-0.0008111303406444503
8.998748435544432	0.06741723655421694	-0.0008001491509874864
9.023779724655821	0.067230185359902	-0.0007928528755519054
9.048811013767207	0.06704543257702511	-0.0007895662731426806
9.0738423028786	0.06686477315956552	-0.0007898552003138826
9.098873591989985	0.06669012562198517	-0.00079179216464495
9.123904881101378	0.06652182963559916	-0.0007915549791693288
9.148936170212767	0.06635660662031206	-0.0007855979710218869
9.173967459324153	0.06618935302504703	-0.0007743749769790476
9.198998748435546	0.06601761724123101	-0.0007616472165227484
9.224030037546932	0.0658421687098194	-0.0007506289483914103
9.249061326658325	0.06566466960240547	-0.0007426419390422906
9.27409261576971	0.06548631916663794	-0.0007379126558079846
9.2991239048811	0.06530771880854935	-0.0007364052614023953
9.324155193992492	0.06512909587521953	-0.0007382170552416439
9.349186483103878	0.06495052360007669	-0.0007437371439050905
9.374217772215271	0.06477210895089591	-0.0007537417318218415
9.399249061326657	0.06459421912865082	-0.0007694961163999953
9.424280350438046	0.06441786194088905	-0.0007928553342520517
9.449311639549435	0.06424539056677325	-0.000826231864784116
9.474342928660825	0.06408170360482046	-0.0008719875551854023
9.499374217772218	0.06393564337211721	-0.0009301700187496209
9.524405506883603	0.0638192364868786	-0.0009932640351169725
9.549436795994993	0.06373907391581923	-0.001040802612795183
9.574468085106382	0.06368076014343238	-0.0010475359479808904
9.599499374217771	0.06361144252355899	-0.0010088992696687255
9.62453066332916	0.0635091533275034	-0.000947003419925388
9.64956195244055	0.0633758177062802	-0.0008863405159151017
9.67459324155194	0.06322396379721518	-0.0008387388034054172
9.699624530663328	0.06306516347864033	-0.0008061693963391792
9.724655819774718	0.06290768686170978	-0.0007860378013990893
9.749687108886107	0.06275684900833234	-0.0007729896195062258
9.774718397997496	0.06261357276223656	-0.0007596972206608266
9.799749687108886	0.06247302747814132	-0.0007408608057144356
9.824780976220275	0.06232891915782446	-0.000717498265937172
9.849812265331664	0.0621792036491442	-0.0006942571258679309
9.874843554443054	0.06202555843282731	-0.0006743868592426483
9.899874843554443	0.061870264100473804	-0.0006587657054470675
9.924906132665832	0.061714845136881635	-0.000647109949975827
9.949937421777221	0.061560088471281915	-0.0006389215819778415
9.97496871088861	0.061406371687011685	-0.0006338726058654209
10.0	0.06125395014151458	-0.0006319147660945601
