-10.0	-0.05942868195729378	-0.000588928099466271
-9.97496871088861	-0.05957510764753504	-0.0006002873902160727
-9.949937421777221	-0.05972399931276495	-0.0006133085724215198
-9.924906132665832	-0.05987565457690902	-0.0006284460129325486
-9.899874843554443	-0.060030387644824934	-0.0006463156467104297
-9.874843554443054	-0.0601885275773304	-0.0006677373631191891
-9.849812265331664	-0.06035041061231272	-0.0006938241001550743
-9.824780976220275	-0.060516333150110846	-0.000726122782636715
-9.799749687108886	-0.0606864334737951	-0.0007668169506538092
-9.774718397997496	-0.060860435479685115	-0.0008190107839725624
-9.749687108886107	-0.06103711106608589	-0.0008870963055760961
-9.724655819774718	-0.06121318065385761	-0.0009771085745942515
-9.699624530663328	-0.06138117736099691	-0.0010966416913486682
-9.67459324155194	-0.0615257904482176	-0.0012529621876295888
-9.64956195244055	-0.061619632745801844	-0.0014460170287352858
-9.62453066332916	-0.06162572059626026	-0.0016522753152376224
-9.599499374217771	-0.06152424224606623	-0.0018083448098013127
-9.574468085106382	-0.061360229761283414	-0.001836692568275733
-9.549436795994993	-0.06123479357451256	-0.001723845558656914
-9.524405506883603	-0.061214964089232105	-0.0015374521959868742
-9.499374217772216	-0.061295196740652536	-0.0013513467777700183
-9.474342928660825	-0.06143910584121404	-0.0012002986771887658
-9.449311639549435	-0.0616154382519829	-0.0010898121527447985
-9.424280350438046	-0.061805465752640565	-0.0010146906044222193
-9.399249061326657	-0.0619992027208669	-0.0009685403428347783
-9.37421777221527	-0.06219082990163738	-0.0009467121296177217
-9.349186483103878	-0.06237529307344314	-0.000946356633110712
-9.32415519399249	-0.06254584172101918	-0.0009647102310840067
-9.2991239048811	-0.06269335105961371	-0.0009951123269001105
-9.274092615769712	-0.06281115583717867	-0.0010219785407199616
-9.249061326658325	-0.06290683056863511	-0.0010238640856585768
-9.224030037546934	-0.06300470600448183	-0.0009918371919092062
-9.198998748435546	-0.06312518389314814	-0.0009392738466882516
-9.173967459324155	-0.06326996769778948	-0.0008852238598855144
-9.148936170212767	-0.06343049297963876	-0.0008394379207814218
-9.123904881101378	-0.06359893467968103	-0.0008031858641813633
-9.098873591989987	-0.06377114735930167	-0.0007748381994486103
-9.0738423028786	-0.06394522815620451	-0.0007528333521929081
-9.048811013767208	-0.06412007981509316	-0.00073601765895219
-9.023779724655821	-0.06429498822355217	-0.000723387933688785
-8.998748435544432	-0.06446956713579244	-0.0007140389672385394
-8.973717146433042	-0.0646436844209406	-0.0007072150089953294
-8.948685857321653	-0.06481736041400854	-0.0007023287493776592
-8.923654568210262	-0.06499068916190165	-0.0006989407302694789
-8.898623279098874	-0.06516379210193524	-0.0006967263024750259
-8.873591989987485	-0.06533679463307518	-0.0006954452414217188
-8.848560700876096	-0.06550981565778269	-0.0006949182117213654
-8.823529411764707	-0.06568296371026339	-0.0006950097459035853
-8.798498122653317	-0.06585633619276532	-0.0006956162412111444
-8.773466833541928	-0.0660300199690278	-0.0006966575366020439
-8.748435544430539	-0.0662040924731846	-0.0006980709767329119
-8.72340425531915	-0.06637862294348107	-0.0006998071972883352
-8.69837296620776	-0.06655367360973319	-0.0007018271125264902
-8.67334167709637	-0.06672930076768235	-0.0007040997580505803
-8.648310387984981	-0.06690555572062085	-0.0007066007600526059
-8.623279098873592	-0.06708248558662877	-0.0007093112849899663
-8.598247809762203	-0.06726013397232666	-0.0007122173847998459
-8.573216520650814	-0.06743854150188344	-0.0007153097028695238
-8.548185231539424	-0.06761774616143068	-0.0007185835527944578
-8.523153942428035	-0.06779778335829878	-0.0007220394306984013
-8.498122653316646	-0.06797868547077623	-0.0007256840701546502
-8.473091364205256	-0.06816048040961409	-0.0007295321689293338
-8.448060075093867	-0.06834318820101348	-0.0007336087961516274
-8.423028785982478	-0.06852681364542601	-0.0007379518507371341
-8.397997496871088	-0.06871133170463661	-0.0007426116797580734
-8.3729662077597	-0.06889666207870615	-0.0007476384536301006
-8.34793491864831	-0.069082639218629	-0.0007530343412811141
-8.32290362953692	-0.06926902763459619	-0.0007586420194226617
-8.297872340425531	-0.06945570369000986	-0.0007640292787240988
-8.272841051314144	-0.06964298504394062	-0.0007686602811621396
-8.247809762202753	-0.06983157634598758	-0.0007724334073247463
-8.222778473091363	-0.070021945818314	-0.0007758001022772215
-8.197747183979974	-0.07021406425524734	-0.0007792335295197517
-8.172715894868585	-0.07040772827393216	-0.0007829188886469551
-8.147684605757197	-0.07060281980128558	-0.0007868760586410284
-8.122653316645806	-0.07079929533620088	-0.0007911179326759582
-8.097622027534417	-0.07099711702206157	-0.0007956655935224405
-8.072590738423028	-0.07119624902550203	-0.0008005252903454385
-8.047559449311638	-0.07139666926976052	-0.0008056950730493673
-8.02252816020025	-0.07159836269054587	-0.0008111778234786149
-7.9974968710888605	-0.0718013042308332	-0.0008169799296678659
-7.972465581977473	-0.07200544626994443	-0.0008230887231815281
-7.947434292866082	-0.07221073799962152	-0.0008294275323383893
-7.922403003754694	-0.07241721922727873	-0.0008358405438662064
-7.897371714643305	-0.07262511252803527	-0.0008422256944391054
-7.872340425531914	-0.07283469684383004	-0.0008487172031250989
-7.8473091364205265	-0.07304608283400427	-0.000855621105052301
-7.8222778473091354	-0.07325920051179047	-0.0008632341822819717
-7.797246558197748	-0.07347388776880237	-0.0008718033882664095
-7.772215269086359	-0.073689898459663	-0.0008815583278231065
-7.7471839799749675	-0.0739068509999381	-0.0008926951051912158
-7.72215269086358	-0.0741242025557387	-0.0009053067744865528
-7.697121401752189	-0.07434122041687719	-0.000919338476150236
-7.672090112640801	-0.07455679595525666	-0.000934378318173279
-7.647058823529412	-0.07476963479691001	-0.0009488558016165632
-7.622027534418023	-0.07497985030081988	-0.0009596636248381807
-7.596996245306634	-0.07519050239767466	-0.0009642092236180344
-7.571964956195245	-0.07540585402990185	-0.0009632334004179982
-7.546933667083856	-0.07562788866701275	-0.0009600979737617449
-7.5219023779724665	-0.07585580893971144	-0.0009576867732944971
-7.496871088861077	-0.07608794450133427	-0.000957152188624355
-7.471839799749688	-0.0763230102359227	-0.0009585303281912094
-7.446808510638299	-0.07656028288473316	-0.00096148311588036
-7.421777221526909	-0.07679941786776645	-0.0009656444219072052
-7.39674593241552	-0.07704027588301887	-0.0009707159226912954
-7.371714643304131	-0.07728282393899821	-0.0009764705623722114
-7.346683354192741	-0.07752709196079977	-0.0009827407768296104
-7.321652065081352	-0.0777731463502569	-0.000989418974616324
-7.296620775969963	-0.07802105628191658	-0.0009964508170894337
-7.2715894868585735	-0.07827087546044442	-0.0010038081298386764
-7.246558197747184	-0.07852264880450655	-0.0010114687504597236
-7.221526908635795	-0.07877642182713096	-0.001019413447411549
-7.196495619524406	-0.07903224319859437	-0.0010276281306619284
-7.171464330413016	-0.07929016398170141	-0.0010361049503817832
-7.146433041301627	-0.07955023642900194	-0.0010448421962529625
-7.121401752190238	-0.07981251286122504	-0.0010538437482767865
-7.0963704630788484	-0.08007704436352636	-0.0010631180233237891
-7.071339173967459	-0.0803438795120579	-0.0010726753284915902
-7.04630788485607	-0.08061306578725791	-0.0010825222164708853
-7.0212765957446805	-0.08088466005904493	-0.0010926564003046063
-6.996245306633291	-0.08115874636723408	-0.0011030779590952139
-6.971214017521902	-0.0814354323039499	-0.0011138198742546984
-6.946182728410513	-0.08171481624194055	-0.0011249562254132123
-6.921151439299123	-0.08199697390575444	-0.001136579115795039
-6.896120150187734	-0.08228197227660328	-0.0011487889059726142
-6.871088861076345	-0.08256987986273323	-0.001161706265313811
-6.8460575719649555	-0.08286076485631444	-0.0011754933170472492
-6.821026282853566	-0.08315467858149184	-0.0011903824327159085
-6.795994993742177	-0.08345161295908188	-0.001206708420107741
-6.770963704630788	-0.08375142020046944	-0.0012249336093348856
-6.745932415519399	-0.08405366695476246	-0.001245645985934199
-6.720901126408009	-0.08435737968458756	-0.0012694447616645316
-6.69586983729662	-0.08466072917306366	-0.0012964840196734023
-6.670838548185231	-0.08496112748207452	-0.0013253689480813152
-6.645807259073841	-0.08525696493128798	-0.0013519148709943418
-6.620775969962453	-0.08555102247884783	-0.0013706598175752815
-6.595744680851063	-0.08585030867582333	-0.0013804110646120776
-6.570713391739676	-0.08615962591421855	-0.0013860593778540486
-6.545682102628285	-0.08647806762585031	-0.0013932246544210158
-6.520650813516897	-0.08680172805868924	-0.001404129820004013
-6.495619524405506	-0.08712706017961569	-0.0014173226764471886
-6.470588235294117	-0.0874533450064483	-0.0014291289918384326
-6.445556946182729	-0.08778352507269904	-0.0014370193608036624
-6.420525657071338	-0.08812113436143054	-0.0014422124501060202
-6.395494367959951	-0.0884670211552292	-0.001447689380701403
-6.37046307884856	-0.08882001061684353	-0.0014553274660663168
-6.34543178973717	-0.08917873976304413	-0.0014655662997792446
-6.320400500625783	-0.08954234798730631	-0.0014781629574015243
-6.295369211514392	-0.08991043600365867	-0.001492699443251616
-6.270337922403004	-0.09028292574902341	-0.0015087714559827436
-6.245306633291613	-0.09065996807520715	-0.0015260913311114371
-6.2202753441802265	-0.09104180706948029	-0.0015445598059469906
-6.195244055068836	-0.09142864250358063	-0.0015642129470006122
-6.170212765957448	-0.09182061183734636	-0.0015851251192707805
-6.145181476846059	-0.09221782310270221	-0.0016073860440654342
-6.120150187734667	-0.09262034731137891	-0.0016311193009395097
-6.09511889862328	-0.09302816122634727	-0.001656482165399098
-6.070087609511891	-0.0934410542154378	-0.0016835963030589207
-6.0450563204005014	-0.09385856348030952	-0.0017123269098516941
-6.020025031289112	-0.09428018735352506	-0.001741883592550439
-5.994993742177721	-0.09470621324748674	-0.0017707083850849459
-5.9699624530663336	-0.09513847502766115	-0.0017975936042743945
-5.9449311639549425	-0.09557928581596631	-0.0018231268664638672
-5.919899874843555	-0.09602965735730962	-0.0018490366969021593
-5.894868585732166	-0.09648937507173283	-0.001876614148398667
-5.869837296620776	-0.09695799586897547	-0.0019063470498572044
-5.844806007509387	-0.09743532435022839	-0.0019382963839111172
-5.819774718397998	-0.09792143194322556	-0.001972409974516934
-5.7947434292866085	-0.09841656777762164	-0.0020086509491472615
-5.769712140175219	-0.09892108881599437	-0.002047031018507589
-5.74468085106383	-0.09943542147231277	-0.002087612104002587
-5.719649561952441	-0.09996004348182996	-0.0021305014266833483
-5.694618272841051	-0.10049547618811161	-0.00217584761726608
-5.669586983729662	-0.10104228115091196	-0.0022238392288327913
-5.644555694618273	-0.10160105717204626	-0.0022747045730604903
-5.619524405506883	-0.10217243536412912	-0.002328709306330251
-5.594493116395494	-0.10275707422595382	-0.0023861445705878476
-5.569461827284105	-0.10335566864380752	-0.002447299946459827
-5.5444305381727155	-0.10396899500787082	-0.0025124374355078444
-5.519399249061326	-0.1045979860012265	-0.002581804229249793
-5.494367959949937	-0.10524380645019349	-0.002655701514839237
-5.469336670838549	-0.10590787724543649	-0.0027346378728201753
-5.444305381727158	-0.10659172061382449	-0.0028194693019012035
-5.419274092615769	-0.10729676450482462	-0.0029113088412288934
-5.3942428035043815	-0.10802435369296326	-0.0030113541279093436
-5.36921151439299	-0.10877583792262335	-0.00312084806708908
-5.344180225281603	-0.10955256185943618	-0.0032410605295346007
-5.319148936170212	-0.11035585301862483	-0.0033730780498881646
-5.2941176470588225	-0.11118740018037254	-0.0035173939204558857
-5.269086357947435	-0.11205037715505206	-0.0036740124041016314
-5.244055068836044	-0.11295017679146113	-0.0038441044867636998
-5.219023779724656	-0.11389284909751307	-0.004031597163611025
-5.193992490613266	-0.11488328018383775	-0.004242150778652143
-5.168961201501876	-0.11592571389872308	-0.0044816148920371335
-5.1439299123904885	-0.1170250217916502	-0.0047560907933037605
-5.1188986232791	-0.11818728816069868	-0.005072784541752265
-5.09386733416771	-0.11941993769514347	-0.00544086578801678
-5.06883604505632	-0.12073177492551856	-0.005872330251206273
-5.043804755944931	-0.12213302576791119	-0.006383075232080523
-5.018773466833542	-0.12363532304738989	-0.0069944057472555304
-4.993742177722154	-0.12525148685505538	-0.007735224962950066
-4.968710888610763	-0.12699480728135892	-0.008645259617962184
-4.943679599499373	-0.12887723969581089	-0.009779820757881169
-4.918648310387985	-0.13090530169829595	-0.011216760655983135
-4.893617021276597	-0.1330711850969184	-0.013066277888491531
-4.868585732165207	-0.13533407652120122	-0.015483392292770376
-4.843554443053817	-0.13758222249613983	-0.018679193471527522
-4.818523153942427	-0.13956092413031485	-0.0229146864953335
-4.793491864831038	-0.14075718621680355	-0.028429172360625032
-4.768460575719651	-0.1402947652956783	-0.0352056745192129
-4.7434292866082615	-0.13708280288812258	-0.04252403516400713
-4.71839799749687	-0.13055385148252974	-0.04868682078919609
-4.69336670838548	-0.12154831160086044	-0.0517058331926306
-4.668335419274092	-0.11212737857422539	-0.05056882723372841
-4.643304130162704	-0.1045125895429937	-0.04577134168113017
-4.618272841051315	-0.10005269499020564	-0.03900278569938628
-4.593241551939924	-0.09870329221722152	-0.03214704993407891
-4.568210262828536	-0.09952564565572164	-0.02632480824974681
-4.543178973717147	-0.1015324625366727	-0.021812948959199926
-4.518147684605758	-0.104064613059772	-0.018458379852623066
-4.4931163954943685	-0.10676983464647272	-0.016002675088864757
-4.468085106382977	-0.1094848503168171	-0.014214284617819997
-4.44305381727159	-0.11214505195178592	-0.012917636403316501
-4.418022528160201	-0.11473315257697436	-0.011987388414167466
-4.392991239048811	-0.11725305841563305	-0.01133554963731219
-4.367959949937422	-0.11971772181753071	-0.010899556673647934
-4.342928660826031	-0.12214520547984442	-0.010633600947009408
-4.317897371714643	-0.12455855797554882	-0.010505341265278245
-4.292866082603254	-0.12698313133349615	-0.010496466832322124
-4.267834793491865	-0.12944133334139352	-0.010599845225236978
-4.2428035043804755	-0.13195189179677724	-0.01081372947943847
-4.217772215269086	-0.13453275651551477	-0.011139254618334343
-4.192740926157699	-0.1372031139557941	-0.011580946167492542
-4.167709637046308	-0.13998405366277344	-0.012147761733836193
-4.142678347934918	-0.14289884499360062	-0.012854061907277586
-4.117647058823529	-0.1459732475683535	-0.013720782085180142
-4.09261576971214	-0.1492358816592434	-0.014777133864776651
-4.067584480600752	-0.1527185438210985	-0.01606315224919283
-4.042553191489361	-0.15645624597050256	-0.017633489004749356
-4.017521902377972	-0.16048654782940774	-0.019563034318064637
-3.9924906132665825	-0.16484730714977713	-0.021955220064255723
-3.967459324155193	-0.16957103879986857	-0.024954174414495156
-3.9424280350438052	-0.17467215099309996	-0.028762027848451693
-3.917396745932415	-0.18011949953358197	-0.03366172993579222
-3.8923654568210257	-0.18577978824065777	-0.04004085671841795
-3.867334167709638	-0.19130825512572613	-0.04839514328975589
-3.8423028785982494	-0.19596629306329438	-0.05924597372246718
-3.8172715894868587	-0.19842036426425702	-0.0728303389306533
-3.7922403003754686	-0.1968245367925996	-0.088439572050417
-3.7672090112640793	-0.18973943867831977	-0.10376498964392909
-3.7421777221526913	-0.17777617502641485	-0.11544499350494958
-3.717146433041303	-0.16409648927383058	-0.12135778411216011
-3.6921151439299127	-0.15232212854558513	-0.12230447754345689
-3.6670838548185225	-0.14433765111354013	-0.12097853259147878
-3.6420525657071328	-0.13998603021251954	-0.12033599903123202
-3.617021276595745	-0.137391604483581	-0.12251785829784875
-3.5919899874843564	-0.13377086363111035	-0.12795421020915257
-3.566958698372966	-0.12672396742915293	-0.13514832270673305
-3.541927409261576	-0.1154369749886417	-0.14135000782435786
-3.5168961201501876	-0.1011859432501403	-0.14403414065554246
-3.4918648310387996	-0.08636680616827563	-0.14236060445123067
-3.46683354192741	-0.07286669753250896	-0.13702703269024138
-3.4418022528160197	-0.0616641776665956	-0.12925080446776185
-3.4167709637046295	-0.052945436351064856	-0.12039375744371739
-3.391739674593241	-0.045992539909986085	-0.11144180416549021
-3.366708385481853	-0.03980484217842539	-0.10226716495229998
-3.341677096370464	-0.034318289067929886	-0.09188030568428274
-3.3166458072590737	-0.030756943859400643	-0.07985329332836451
-3.291614518147683	-0.030313491457726105	-0.06725057680507637
-3.2665832290362946	-0.03287442062863022	-0.055700532114125484
-3.2415519399249066	-0.03738482332625104	-0.04612895561682409
-3.2165206508135173	-0.04277902615454421	-0.03861350498778393
-3.191489361702127	-0.048371927591685626	-0.032826512038897665
-3.166458072590739	-0.05381775649920151	-0.028372000597583547
-3.14142678347935	-0.05897458512578213	-0.0249146275431157
-3.11639549436796	-0.06380401781216039	-0.022201294175093755
-3.091364205256571	-0.06831514300258723	-0.020048499728221203
-3.0663329161451807	-0.07253650860400063	-0.018324484704373326
-3.0413016270337927	-0.07650290440051499	-0.01693432517324825
-3.0162703379224034	-0.08024945031080799	-0.015809067268840515
-2.991239048811014	-0.08380917890024753	-0.01489817460569759
-2.966207759699625	-0.08721224850942333	-0.014164360664501427
-2.941176470588234	-0.09048588350956965	-0.013580064505735456
-2.916145181476846	-0.09365459637212803	-0.013125042601255119
-2.891113892365457	-0.09674045635758288	-0.012784701866524556
-2.8660826032540676	-0.09976326692848758	-0.012548859717316549
-2.8410513141426783	-0.10274062743605805	-0.01241055698994449
-2.816020025031289	-0.1056882495607323	-0.01236444611962513
-2.790988735919901	-0.108621808201121	-0.012404859453314918
-2.7659574468085104	-0.11156127025284013	-0.012526248530119896
-2.740926157697121	-0.11453308156738418	-0.012729158215947292
-2.715894868585732	-0.11756427236822731	-0.013024983865076778
-2.6908635794743425	-0.12067688445323377	-0.013431727509321478
-2.6658322903629545	-0.12389048437526862	-0.01396917827603654
-2.6408010012515644	-0.12722645092812623	-0.014659853929802513
-2.615769712140175	-0.13070969041446379	-0.015532502469189358
-2.5907384230287853	-0.13436871899766656	-0.016625845692797042
-2.565707133917396	-0.13823510575881715	-0.017992851888045516
-2.540675844806008	-0.14234211657947649	-0.01970648582421669
-2.515644555694618	-0.14672149415642677	-0.02186793347156664
-2.4906132665832286	-0.15139611789982066	-0.024618274638148127
-2.4655819774718406	-0.15636406952257698	-0.028154009719351947
-2.440550688360452	-0.16156575019057762	-0.0327440430828729
-2.4155193992490616	-0.16682107631738363	-0.0387363901424545
-2.3904881101376714	-0.1717271665381066	-0.046519970978366215
-2.365456821026282	-0.175546405881863	-0.05637472087649695
-2.340425531914894	-0.17721894193611476	-0.06816249226727414
-2.3153942428035057	-0.17572191140763094	-0.08099584892427547
-2.2903629536921155	-0.17079840749186426	-0.09335632826259038
-2.2653316645807253	-0.16331340857790466	-0.10406947408028486
-2.2403003754693356	-0.15427503885112337	-0.11315138065650476
-2.2152690863579476	-0.14364807647768885	-0.12100794453439728
-2.190237797246559	-0.130905034640451	-0.12705650471239927
-2.165206508135169	-0.11650504737905432	-0.13000233291881927
-2.140175219023779	-0.10193995479984319	-0.1292831752808704
-2.1151439299123904	-0.08856322816018913	-0.12548080028233627
-2.0901126408010025	-0.07687266873759357	-0.11966953809104541
-2.0650813516896127	-0.06651897342986945	-0.11258989031414102
-2.0400500625782225	-0.05699732889875597	-0.10402644402733002
-2.0150187734668323	-0.04881231698555166	-0.09317722838350115
-1.989987484355444	-0.04354440402410842	-0.08020548623984203
-1.9649561952440555	-0.04219199886739644	-0.06678768733065446
-1.939924906132667	-0.04421513023097079	-0.054740638555832
-1.914893617021277	-0.048299319688342335	-0.044902203705489946
-1.8898623279098858	-0.05329216803051473	-0.03724108202458204
-1.8648310387984974	-0.05848898258700985	-0.03136639008885428
-1.839799749687109	-0.06353999771293517	-0.02685072450078585
-1.8147684605757206	-0.0683012161183374	-0.023342595641373032
-1.7897371714643304	-0.0727317812332351	-0.020579750095283386
-1.764705882352942	-0.07683785404415944	-0.018372917910095696
-1.7396745932415527	-0.08064473661240612	-0.016586332981095492
-1.7146433041301625	-0.08418373207018104	-0.015122013669041173
-1.6896120150187741	-0.08748624783295322	-0.01390843262210506
-1.664580725907384	-0.09058136206801448	-0.012892662516011413
-1.6395494367959955	-0.09349501077022193	-0.012034986474702858
-1.6145181476846062	-0.09624990806892075	-0.011305189464531601
-1.589486858573217	-0.0988657754030613	-0.010679983614141672
-1.5644555694618276	-0.1013596791037128	-0.010141199744875026
-1.5394242803504374	-0.10374638436050287	-0.009674500721592372
-1.514392991239049	-0.10603868599815236	-0.00926845404875469
-1.4893617021276597	-0.10824770160727115	-0.008913854804316182
-1.4643304130162704	-0.11038312428290431	-0.008603225220886773
-1.4392991239048811	-0.1124534373572641	-0.008330440478264353
-1.4142678347934918	-0.11446609545242126	-0.008090445770811444
-1.3892365456821025	-0.11642767660778675	-0.00787904015612756
-1.3642052565707132	-0.11834400999203187	-0.007692709808852366
-1.339173967459324	-0.12022028320273526	-0.007528498211218579
-1.3141426783479346	-0.1220611325853409	-0.0073839042352324274
-1.2891113892365453	-0.1238707194566715	-0.00725680148627636
-1.264080100125157	-0.12565279463206247	-0.007145373999970658
-1.2390488110137667	-0.12741075323918283	-0.007048064625191322
-1.2140175219023774	-0.12914768145329425	-0.006963533329491997
-1.1889862327909881	-0.13086639650094245	-0.006890623327301129
-1.1639549436795988	-0.132569481042912	-0.006828333424111779
-1.1389236545682104	-0.13425931285469872	-0.006775795339210869
-1.1138923654568202	-0.13593809056598083	-0.006732255049023236
-1.0888610763454318	-0.1376078560931686	-0.006697057406967327
-1.0638297872340434	-0.13927051429582626	-0.006669633461475574
-1.0387984981226523	-0.1409278503040695	-0.006649490024365032
-1.013767209011264	-0.14258154489680375	-0.0066362011469328075
-0.9887359198998737	-0.1442331882562593	-0.006629401248685149
-0.9637046307884853	-0.14588429238132783	-0.006628779719919778
-0.9386733416770969	-0.14753630240782267	-0.006634076890387586
-0.9136420525657085	-0.1491906070567791	-0.006645081327942073
-0.8886107634543183	-0.15084854840983297	-0.006661628510456388
-0.8635794743429273	-0.15251143119088728	-0.006683601010307225
-0.8385481852315388	-0.15418053171136936	-0.00671093045604329
-0.8135168961201504	-0.15585710660365493	-0.00674360170901743
-0.788485607008762	-0.15754240140889542	-0.0067816599421854085
-0.7634543178973718	-0.15923765897062025	-0.0068252216779683406
-0.7384230287859816	-0.16094412735491925	-0.006874491400820845
-0.7133917396745932	-0.16266306655158802	-0.006929786214774386
-0.6883604505632039	-0.16439575226645609	-0.0069915723279393716
-0.6633291614518155	-0.16614347319389872	-0.007060519141330587
-0.6382978723404253	-0.1679075142253329	-0.007137579657583437
-0.6132665832290352	-0.169689109935923	-0.0072241098880087284
-0.5882352941176467	-0.1714893358817693	-0.00732204400016867
-0.5632040050062583	-0.173308870603476	-0.007434141345725745
-0.5381727158948699	-0.17514749202606916	-0.007564298607399572
-0.5131414267834788	-0.1770030464432022	-0.0077178181612762575
-0.48811013767208866	-0.17886946514153085	-0.007901180704283417
-0.46307884856070025	-0.18073350261595866	-0.008119934007780175
-0.43804755944931184	-0.18257160419410967	-0.008371597512213447
-0.41301627033792343	-0.18435470413932098	-0.008630996136734084
-0.38798498122653324	-0.18607557425575877	-0.008840304659725975
-0.36295369211514483	-0.18778520610991967	-0.008941417553606945
-0.33792240300375376	-0.1895685177156552	-0.008939264910876363
-0.31289111389236535	-0.19146922376673603	-0.008896074419027011
-0.28785982478097694	-0.19347556331270843	-0.008867008371579041
-0.26282853566958675	-0.19555865760496616	-0.008874405372670938
-0.23779724655819834	-0.1976967654294639	-0.008919985265292196
-0.21276595744680904	-0.199878416816337	-0.008998784413431424
-0.18773466833541974	-0.20209905685783708	-0.00910549451937559
-0.16270337922403044	-0.20435794473289848	-0.009236281280687972
-0.13767209011264026	-0.2066563325212431	-0.009388980445078743
-0.11264080100125184	-0.20899654357361142	-0.009562911652260614
-0.08760951188986255	-0.21138154039057122	-0.00975871151283747
-0.06257822277847325	-0.21381473377159121	-0.009978293241952
-0.03754693366708395	-0.21629989744671896	-0.010224962378960603
-0.01251564455569465	-0.21884110485925534	-0.010503714246432691
0.01251564455569465	-0.2214426130758032	-0.010821761354792805
0.03754693366708395	-0.22410858590202615	-0.01118937506491341
0.06257822277847325	-0.22684245582774626	-0.011621170521495083
0.08760951188986255	-0.2296455210804763	-0.0121380001379474
0.11264080100125184	-0.23251395191390517	-0.012769576849259182
0.13767209011264114	-0.2354325510753083	-0.013557571056536113
0.16270337922403044	-0.23836219952884063	-0.014557426717513422
0.18773466833541974	-0.24121654803224013	-0.015832412392199707
0.21276595744680726	-0.2438272615303706	-0.017421606653545876
0.23779724655819834	-0.24592512557806545	-0.019247254497018598
0.26282853566958764	-0.24724270187985298	-0.020959591770633737
0.28785982478097694	-0.2478545084658036	-0.021928522102001538
0.31289111389236623	-0.24842213040535555	-0.021725230277070906
0.33792240300375376	-0.24970525206165084	-0.020626981776928344
0.36295369211514483	-0.25192165364529195	-0.019278937083613945
0.38798498122653235	-0.25484908211892054	-0.018114734084572315
0.41301627033792343	-0.25820161282705156	-0.017265044436490698
0.43804755944931273	-0.2617866482351682	-0.01670864324583332
0.46307884856070025	-0.2655022560884106	-0.01638443763369435
0.4881101376720913	-0.269301698783759	-0.016234802664889678
0.5131414267834788	-0.27316694390936613	-0.016215585555050677
0.5381727158948699	-0.2770938990336915	-0.016295292736864503
0.5632040050062574	-0.2810849762236337	-0.016452036157996425
0.5882352941176467	-0.2851455052235793	-0.01667073090952384
0.6132665832290378	-0.28928204891936726	-0.016941011855131582
0.6382978723404253	-0.29350163933579854	-0.017255789641343028
0.6633291614518164	-0.297811455671094	-0.017610274191314362
0.6883604505632039	-0.3022187132275558	-0.018001318220934537
0.7133917396745932	-0.30673065163638147	-0.018426974989312464
0.7384230287859808	-0.3113545685460588	-0.018886199005128432
0.7634543178973718	-0.3160978730375934	-0.019378642761429865
0.7884856070087629	-0.32096814678769303	-0.019904518794103182
0.8135168961201504	-0.32597320777025995	-0.02046450694447284
0.8385481852315397	-0.33112117461822055	-0.021059693586551922
0.8635794743429273	-0.33642053139848915	-0.021691534075261726
0.8886107634543183	-0.3418801933454132	-0.022361832643835122
0.9136420525657059	-0.3475095744818786	-0.023072735976746694
0.9386733416770969	-0.3533186582522476	-0.023826738060105476
0.9637046307884862	-0.3593180724078784	-0.024626694889983855
0.9887359198998737	-0.36551916948393415	-0.025475848347955216
1.0137672090112648	-0.37193411431445944	-0.026377859130728848
1.0387984981226523	-0.37857598017142347	-0.02733684911630438
1.0638297872340434	-0.3854588552934366	-0.028357454014095396
1.088861076345431	-0.39259796180129136	-0.029444887623546023
1.1138923654568202	-0.4000097892912724	-0.030605019554550694
1.1389236545682113	-0.4077122457633202	-0.031844468885220995
1.1639549436795988	-0.4157248289951647	-0.03317071699744817
1.18898623279099	-0.42406882202925633	-0.034592243800390915
1.2140175219023774	-0.4327675171178038	-0.036118692809649966
1.2390488110137667	-0.44184647329079674	-0.03776107220983538
1.264080100125156	-0.45133381369422754	-0.039532001252090165
1.2891113892365453	-0.4612605700042305	-0.041446014357742006
1.3141426783479364	-0.4716610825568541	-0.04351993945260396
1.339173967459324	-0.4825734663019896	-0.045773372842506876
1.3642052565707132	-0.4940401541739694	-0.048229281105841404
1.3892365456821025	-0.5061085306812854	-0.05091477215218071
1.4142678347934918	-0.5188316688270644	-0.05386209450320337
1.4392991239048811	-0.5322691815747786	-0.0571099486523127
1.4643304130162704	-0.5464881922905902	-0.06070523116506105
1.4893617021276597	-0.5615644114672298	-0.06470538733072975
1.514392991239049	-0.5775832684025319	-0.06918163124671109
1.5394242803504383	-0.5946409633982865	-0.07422341696800963
1.5644555694618276	-0.6128451308392822	-0.0799447279605866
1.589486858573217	-0.6323144371707667	-0.08649300686668415
1.6145181476846044	-0.6531756762266441	-0.09406184572465665
1.6395494367959955	-0.6755553635403428	-0.10290870768414578
1.6645807259073848	-0.6995597641927063	-0.11337821788002947
1.6896120150187741	-0.7252319390809041	-0.1259276070505434
1.7146433041301634	-0.7524681541211651	-0.14113765089446242
1.739674593241551	-0.780881599164382	-0.1596598857368605
1.764705882352942	-0.8096601712533817	-0.18200604644289123
1.7897371714643295	-0.8376164237214798	-0.20812222274384165
1.8147684605757206	-0.8637275385835452	-0.2369648662406547
1.83979974968711	-0.8881725010267609	-0.2666894436103897
1.8648310387984974	-0.9130175025220857	-0.29606257391556745
1.8898623279098885	-0.9409465373778461	-0.326156668944948
1.914893617021276	-0.9731137359934836	-0.3595980297460164
1.939924906132667	-1.00955922102824	-0.39894449301115986
1.9649561952440546	-1.049725649908595	-0.44748640275399676
1.989987484355444	-1.0905944848309002	-0.5091386429503472
2.015018773466835	-1.1260904638623073	-0.5856287866623645
2.0400500625782225	-1.1497428170832706	-0.6740942383839453
2.065081351689613	-1.1586905656879631	-0.7681556674241329
2.090112640801001	-1.1549642660433852	-0.8618790884465314
2.1151439299123904	-1.1436499070497934	-0.9529182248196836
2.1401752190237784	-1.1293396648754768	-1.0439156750907481
2.165206508135169	-1.112144389691848	-1.1398885310156472
2.1902377972465596	-1.0893046113932563	-1.2435824453859856
2.2152690863579476	-1.0588846438978967	-1.3575896312679894
2.240300375469337	-1.0152235466976678	-1.4873615786765133
2.265331664580725	-0.9444513473510003	-1.6338511571367011
2.2903629536921155	-0.8326832082046907	-1.785742452140205
2.315394242803503	-0.6757801547280153	-1.925679478982183
2.340425531914894	-0.47589175830154096	-2.037622454407209
2.3654568210262834	-0.24039221294692714	-2.1033742614721604
2.3904881101376714	0.010093754034378843	-2.1075569552396085
2.415519399249062	0.24845881147450521	-2.0521308907527986
2.4405506883604495	0.4589964341219668	-1.9524310349261635
2.4655819774718406	0.6376524505365952	-1.8216935430863825
2.490613266583228	0.7825724540285663	-1.6687348731429168
2.515644555694618	0.892822996208456	-1.5020126970317567
2.5406758448060085	0.9699028207745848	-1.3283928765569792
2.565707133917396	1.0143735790748911	-1.1521180170121452
2.590738423028787	1.0248207412186963	-0.9794155307458899
2.6157697121401746	1.002865999066886	-0.8197062829752157
2.6408010012515644	0.9552221480347567	-0.6813155737832409
2.665832290362953	0.8914777107451037	-0.5682521935273964
2.6908635794743425	0.8207162501886689	-0.47972122956532415
2.7158948685857336	0.7491857001886899	-0.41205145099369755
2.740926157697121	0.6801749362732745	-0.3610363003526509
2.765957446808511	0.6150089065489626	-0.323180563579607
2.7909887359198997	0.5540138237115397	-0.29602098503586216
2.816020025031289	0.4971722494837514	-0.2780744150320499
2.841051314142678	0.44459172505200195	-0.26870476548425104
2.8660826032540676	0.39697928404850114	-0.2679445209538418
2.8911138923654573	0.356272278080346	-0.2760752504505941
2.916145181476846	0.32630750936150177	-0.29245109759889687
2.9411764705882355	0.31241410743288744	-0.3129703117274587
2.9662077596996244	0.3173509624667896	-0.3276092874970191
2.991239048811014	0.33422439421860384	-0.32420799608896556
3.0162703379224016	0.3475377385802081	-0.29997357083141485
3.0413016270337927	0.34633405060199385	-0.26456671499951046
3.066332916145182	0.33067079567297863	-0.2293263644412826
3.091364205256571	0.3058407836209325	-0.19985839924269225
3.1163954943679606	0.27662785051955385	-0.17706602890077353
3.141426783479348	0.2458800273822601	-0.15999413674355592
3.166458072590739	0.21498102364120353	-0.1473821260575062
3.1914893617021267	0.18449003727458768	-0.13817040066427574
3.2165206508135173	0.15455251555967076	-0.13157861273519153
3.241551939924907	0.12511750086664453	-0.1270622748683315
3.2665832290362946	0.0960439561826596	-0.12425323311861758
3.2916145181476857	0.0671503527986439	-0.12291145689266086
3.316645807259073	0.038236390743144444	-0.12289138932065535
3.341677096370464	0.009091149189509817	-0.1241202825835638
3.366708385481852	-0.02050542846075798	-0.1265855116245777
3.391739674593241	-0.05078440388115357	-0.13032868825074387
3.416770963704632	-0.0819914653860101	-0.13544534584018733
3.4418022528160197	-0.1143914657155225	-0.1420898127992001
3.4668335419274103	-0.14827328010770868	-0.15048568108489244
3.4918648310387983	-0.18395422465923694	-0.16094311034206657
3.5168961201501876	-0.2217826057296297	-0.1738851981237783
3.5419274092615756	-0.26213542349937313	-0.1898868404319121
3.566958698372966	-0.30540501505344775	-0.20973068109772816
3.591989987484357	-0.3519620380392179	-0.23448473192342098
3.617021276595745	-0.4020709786584229	-0.2656010637023082
3.642052565707134	-0.4557205621400051	-0.30501434954596396
3.667083854818522	-0.512337648150909	-0.35516834672957165
3.6921151439299127	-0.5704447535676946	-0.41884610341877415
3.7171464330413	-0.6274869496596054	-0.4988144602999577
3.7421777221526913	-0.6798109375694148	-0.5976433660897388
3.7672090112640806	-0.722146207612564	-0.7174726199089689
3.7922403003754686	-0.7473620891116277	-0.85850457090227
3.817271589486859	-0.748570804368895	-1.0179425746319133
3.8423028785982467	-0.7205805145467412	-1.1924596558989344
3.867334167709638	-0.6564000894019584	-1.3799709235164732
3.8923654568210253	-0.543422001684629	-1.574533770457144
3.917396745932415	-0.3685784569229793	-1.7578809028435811
3.9424280350438057	-0.13150519580585485	-1.9006361567344832
3.967459324155193	0.1494058330410324	-1.975629361261905
3.9924906132665843	0.444110568062686	-1.969655847227302
4.017521902377972	0.721610194036785	-1.885261222761692
4.042553191489361	0.9571002603327523	-1.737840446876477
4.06758448060075	1.1377134651557648	-1.5494601269129706
4.09261576971214	1.2605562142628868	-1.3397363772068125
4.117647058823531	1.3260591853607901	-1.1255949026577774
4.142678347934918	1.3392837964054456	-0.9242276853698489
4.167709637046308	1.3122497155950192	-0.7494096252131379
4.192740926157697	1.2605654323751017	-0.6071305945793674
4.217772215269086	1.197926064464169	-0.4958127269894995
4.2428035043804755	1.1332535755983915	-0.4100114425120327
4.267834793491865	1.0711710744112621	-0.3437746088657172
4.292866082603254	1.0136048765092647	-0.292123371563896
4.317897371714643	0.9610771787345054	-0.25129999594199137
4.342928660826033	0.9134619958492141	-0.21857361502238756
4.367959949937422	0.8703713967593876	-0.19197623852538223
4.392991239048811	0.8313389219759362	-0.17008173084441178
4.418022528160199	0.7959003006325451	-0.15184410803846318
4.44305381727159	0.7636248188558046	-0.13648686643155605
4.468085106382979	0.7341274586088704	-0.12342919273825922
4.4931163954943685	0.7070739385843932	-0.11223214942099752
4.518147684605758	0.6821779361936375	-0.10255752405575794
4.543178973717145	0.659193640108886	-0.0941399721698905
4.568210262828536	0.6379089621856222	-0.08676902312070908
4.593241551939924	0.618140444214391	-0.08027642044825525
4.618272841051315	0.5997291943303225	-0.07452662737737734
4.643304130162704	0.5825374972612005	-0.06940956362925621
4.668335419274092	0.5664459856509039	-0.06483488356305803
4.693366708385483	0.5513510989110921	-0.060727130985915756
4.71839799749687	0.5371620067881491	-0.057021527388177756
4.7434292866082615	0.523796351125827	-0.053661787033834424
4.768460575719649	0.5111775309219153	-0.05060175465340855
4.793491864831038	0.49923718742054213	-0.047806682690522184
4.818523153942429	0.4879178143758818	-0.04524916733612855
4.843554443053817	0.47717059515680127	-0.04290469880885284
4.868585732165208	0.466952236583686	-0.04075067840369154
4.8936170212765955	0.4572234677987801	-0.03876683139165635
4.918648310387985	0.44794856708879394	-0.03693538118865353
4.943679599499372	0.43909514811501715	-0.03524087926926478
4.968710888610763	0.4306339833275512	-0.033669872758702535
4.9937421777221545	0.42253882646165586	-0.0322104497046021
5.018773466833542	0.41478608105992	-0.030851604043528574
5.043804755944931	0.4073539146593159	-0.029582638063320316
5.068836045056319	0.40022090635633134	-0.028393596713073704
5.09386733416771	0.39336605566553295	-0.027276971232378877
5.118898623279097	0.38677074258694333	-0.026227981856647542
5.1439299123904885	0.3804194971664234	-0.02524270022856001
5.168961201501878	0.3742988966778178	-0.024316866162765724
5.193992490613265	0.3683965823808828	-0.023445981975629443
5.219023779724656	0.3627008659372244	-0.022625651582976553
5.244055068836044	0.35720059899444223	-0.021851925295255106
5.269086357947435	0.35188543788317705	-0.02112161309733397
5.2941176470588225	0.3467464018024238	-0.020432048244913556
5.319148936170212	0.3417760165816617	-0.01978021326295483
5.344180225281603	0.3369675302385895	-0.019161714540828406
5.36921151439299	0.33231288727216857	-0.018570722213087712
5.3942428035043815	0.3278012550926821	-0.018002615252596582
5.419274092615769	0.32342161265497094	-0.017456843863335347
5.444305381727158	0.3191663219537766	-0.01693514578375689
5.469336670838548	0.3150306206544746	-0.016438291642048186
5.494367959949937	0.3110105048746874	-0.015965508458969616
5.519399249061328	0.3071018067400759	-0.015515294018369943
5.5444305381727155	0.30330017472641213	-0.015086033379214242
5.569461827284105	0.29960124788853104	-0.014676234751827555
5.594493116395494	0.2960007863682588	-0.014284579040392001
5.619524405506883	0.29249474293958233	-0.013909907819335876
5.644555694618273	0.2890793022418938	-0.01355119292681875
5.669586983729662	0.2857509052872187	-0.013207488243112256
5.694618272841051	0.2825062448843827	-0.012877845225569659
5.719649561952441	0.27934216159624636	-0.01256120995669896
5.74468085106383	0.27625540849427566	-0.012256469300422831
5.769712140175219	0.27324258219511144	-0.011962789082723205
5.7947434292866085	0.2703004948726644	-0.011679806003374094
5.819774718397996	0.26742645210361093	-0.011407320542249813
5.844806007509387	0.2646180959618638	-0.011145009098636666
5.869837296620776	0.26187319545558374	-0.010892428120193545
5.894868585732166	0.25918957965551126	-0.01064910523157532
5.919899874843555	0.25656514467529234	-0.010414594181164583
5.9449311639549425	0.25399787366641835	-0.010188494980027968
5.9699624530663336	0.2514858569511711	-0.00997045831493043
5.994993742177721	0.24902731785222798	-0.009760179370436564
6.020025031289112	0.24662065051624094	-0.009557367673458328
6.0450563204005014	0.24426445325975532	-0.009361656139732347
6.07008760951189	0.24195746129105622	-0.009172420370839443
6.09511889862328	0.2396982048454417	-0.00898866554360958
6.120150187734667	0.23748457758992014	-0.008809434360654969
6.145181476846059	0.2353141568670969	-0.008634558202447518
6.170212765957445	0.23318509740554472	-0.008464550073652696
6.195244055068836	0.2310962671343555	-0.008299831631329108
6.2202753441802265	0.22904677992426947	-0.00814044475223015
6.245306633291613	0.2270357120940112	-0.007986203615408624
6.270337922403005	0.22506206742466084	-0.007836859122708179
6.295369211514392	0.22312481610617318	-0.007692172901193353
6.320400500625783	0.22122293032513873	-0.007551939213320327
6.3454317897371695	0.21935540596027092	-0.007415989081606941
6.37046307884856	0.21752127639675845	-0.007284191220466543
6.395494367959952	0.2157196259661136	-0.007156454049697877
6.420525657071338	0.2139496109259751	-0.007032727439353237
6.445556946182729	0.21221049722648733	-0.006912994782458479
6.470588235294116	0.2105017196545651	-0.006797227393741084
6.495619524405506	0.20882292745932585	-0.006685244203094867
6.520650813516895	0.20717385821758239	-0.00657645305088754
6.545682102628285	0.20555381794347394	-0.006469764111265014
6.570713391739676	0.20396119307693628	-0.006364287462097731
6.5957446808510625	0.2023941392648423	-0.006260253963281781
6.620775969962453	0.200851759150817	-0.006158548835654962
6.645807259073841	0.19933402112084853	-0.0060595547662244675
6.670838548185231	0.19784084916761557	-0.005962794523716508
6.695869837296622	0.19637139034360196	-0.005867491153428883
6.720901126408009	0.19492422865255232	-0.005773524633675559
6.745932415519399	0.1934983559160388	-0.005681501394203398
6.770963704630788	0.19209343665416778	-0.005591982776124119
6.795994993742178	0.19070936038208242	-0.0055051377416335395
6.821026282853566	0.18934593908248853	-0.005420886378976628
6.8460575719649555	0.18800287402275817	-0.005339074137970259
6.871088861076346	0.18667980843270993	-0.005259542761072114
6.896120150187734	0.1853763679784839	-0.005182129476755323
6.921151439299124	0.18409215107670107	-0.005106643232086386
6.946182728410513	0.18282667624841675	-0.005032892701093625
6.971214017521902	0.1815794009241447	-0.004960791574934342
6.996245306633291	0.1803498637648362	-0.0048903782124956885
7.0212765957446805	0.17913775736496884	-0.0048216780385196695
7.046307884856071	0.17794284315713949	-0.004754577081367603
7.071339173967459	0.17676478532664408	-0.004688814361354016
7.0963704630788484	0.17560303054839732	-0.0046241568945630945
7.121401752190238	0.17445695169561226	-0.004560615544827784
7.146433041301627	0.1733261011812992	-0.004498367406051584
7.171464330413016	0.1722102110252015	-0.004437537675617026
7.196495619524406	0.17110905744634586	-0.004378144266553044
7.221526908635795	0.17002239405070263	-0.004320147975769809
7.246558197747184	0.1689499487766355	-0.004263495635835501
7.2715894868585735	0.16789143648773397	-0.004208137613677054
7.296620775969963	0.16684656906664408	-0.004154031501426
7.321652065081352	0.16581506039966243	-0.004101140375295367
7.3466833541927405	0.16479662579656384	-0.004049430029176765
7.371714643304131	0.16379097723951386	-0.003998870956962677
7.39674593241552	0.16279782374036422	-0.003949447132184397
7.421777221526909	0.16181688101465852	-0.0039011590505850513
7.446808510638299	0.16084787575168047	-0.003854016302297203
7.471839799749687	0.15989054012458226	-0.003808033565780175
7.496871088861077	0.15894460643564035	-0.00376323393724054
7.521902377972466	0.1580098050385006	-0.003719654594342467
7.546933667083856	0.1570858637063166	-0.0036773530079226013
7.571964956195245	0.1561725074420801	-0.0036364146690150007
7.5969962453066335	0.1552694590372985	-0.0035969639028338996
7.622027534418024	0.15437644161890862	-0.0035591796671715498
7.647058823529412	0.15349318573011494	-0.003523318896841446
7.672090112640802	0.15261944612120448	-0.003489750931853483
7.697121401752189	0.15175503893595454	-0.0034590072700871055
7.72215269086358	0.1508999212032469	-0.0034318491701433723
7.74718397997497	0.15005435616210772	-0.003409344265933298
7.772215269086359	0.1492192429775585	-0.0033929002642090894
7.797246558197749	0.14839671390904474	-0.003384072585034606
7.8222778473091354	0.14759095960312063	-0.0033836570561929513
7.8473091364205265	0.14680841891651397	-0.0033892712963820987
7.872340425531913	0.1460546033816179	-0.0033919394494966726
7.897371714643305	0.14532604395609194	-0.0033776017950057496
7.922403003754695	0.14460764900133594	-0.003339098298834206
7.947434292866082	0.14388563399955956	-0.0032833069228031114
7.972465581977473	0.14315670759296584	-0.0032209779992844745
7.99749687108886	0.14242267812625453	-0.003159066853876194
8.022528160200253	0.1416865931940725	-0.003102262239997794
8.047559449311638	0.14095301207800492	-0.0030532972997261987
8.072590738423028	0.14022699613910294	-0.003011937766114345
8.09762202753442	0.13951229473725757	-0.0029749124088606638
8.122653316645806	0.13880915498775348	-0.002937146564984519
8.147684605757199	0.1381136597768764	-0.0028954930606432533
8.172715894868585	0.13742157541361788	-0.0028514030358226666
8.197747183979974	0.1367319905247948	-0.002808239408137736
8.222778473091363	0.13604628456708934	-0.0027679816077192665
8.247809762202753	0.13536597922428673	-0.0027309702015955173
8.272841051314145	0.1346919880478472	-0.0026968195473862366
8.297872340425531	0.134024700769781	-0.0026650139986887506
8.32290362953692	0.13336420178627417	-0.0026351181129679463
8.34793491864831	0.13271042160243507	-0.0026068140043743887
8.3729662077597	0.13206321856442305	-0.002579887464278563
8.397997496871088	0.13142241884966932	-0.0025542070359077518
8.423028785982478	0.13078783508866199	-0.0025297083049025393
8.448060075093867	0.13015927502262326	-0.002506385588701726
8.473091364205256	0.12953654649082313	-0.0024842908283545795
8.498122653316646	0.12891946296659196	-0.002463539273697815
8.523153942428035	0.12830785367052844	-0.0024443213104375777
8.548185231539424	0.127701582504975	-0.0024269181140958024
8.573216520650814	0.12710057675494202	-0.002411716146154652
8.598247809762203	0.12650485585625315	-0.002399223661798622
8.623279098873592	0.12591456606617957	-0.002390136421081393
8.648310387984981	0.12533016147674036	-0.0023854987686901946
8.67334167709637	0.12475295956664656	-0.0023867269813647174
8.69837296620776	0.12418595126506471	-0.0023949716282626876
8.72340425531915	0.12363420676475823	-0.0024093177857043707
8.748435544430539	0.12310307391681352	-0.00242383421697126
8.773466833541928	0.12259188884055394	-0.002427099373576602
8.798498122653317	0.12208884462057501	-0.002410998124994776
8.823529411764707	0.12157982665182399	-0.0023810871518373244
8.848560700876096	0.1210617769085216	-0.0023508576518547902
8.873591989987485	0.12054219055495619	-0.002329457170704277
8.898623279098874	0.12003184397435884	-0.0023173692260847617
8.92365456821026	0.11953870760600704	-0.002306503159712467
8.948685857321653	0.11906109603021608	-0.002283971103454241
8.973717146433042	0.11858630414274796	-0.002243407187782681
8.998748435544432	0.11810260304221654	-0.0021915506756716163
9.023779724655821	0.11760861722753102	-0.0021392354184367746
9.048811013767207	0.11710916657277703	-0.002092456274890936
9.0738423028786	0.1166091106193976	-0.002052363883399369
9.098873591989985	0.11611146228996017	-0.0020180423321549956
9.123904881101378	0.11561773171097389	-0.0019881835635854744
9.148936170212767	0.11512856556383166	-0.0019616605427888872
9.173967459324153	0.11464417640403557	-0.001937626008213414
9.198998748435546	0.11416457366374022	-0.0019154714037988435
9.224030037546932	0.11368967808733732	-0.0018947643705630596
9.249061326658325	0.1132193762730358	-0.001875196414235697
9.27409261576971	0.11275354590112752	-0.0018565449509672788
9.2991239048811	0.11229206688458238	-0.0018386471050123865
9.324155193992492	0.11183482583516646	-0.001821381889245799
9.349186483103878	0.11138171740865044	-0.00180465808717728
9.374217772215271	0.11093264424465854	-0.0017884059560546312
9.399249061326657	0.11048751632445697	-0.0017725714918233326
9.424280350438046	0.11004625013582103	-0.00175711242644562
9.449311639549435	0.10960876782436646	-0.0017419954131662058
9.474342928660825	0.10917499640822204	-0.0017271940421281912
9.499374217772218	0.10874486708502662	-0.0017126874514207385
9.524405506883603	0.10831831464046626	-0.0016984593793837321
9.549436795994993	0.10789527695560164	-0.0016844975546817104
9.574468085106382	0.10747569458077155	-0.0016707933678683645
9.599499374217771	0.10705951032496142	-0.0016573419015102064
9.62453066332916	0.10664666903293618	-0.0016441425787673408
9.64956195244055	0.10623711811745817	-0.0016312004286484771
9.67459324155194	0.10583080913075182	-0.0016185275433016066
9.699624530663328	0.1054277005827009	-0.0016061448842461662
9.724655819774718	0.1050277636970085	-0.0015940845304731194
9.749687108886107	0.10463099429819689	-0.0015823902057671563
9.774718397997496	0.10423743432228161	-0.001571108668832935
9.799749687108886	0.10384719998094827	-0.0015602532395544988
9.824780976220275	0.10346048051156931	-0.00154971142171563
9.849812265331664	0.10307740321858017	-0.001539126601427493
9.874843554443054	0.10269772929778309	-0.0015279897173016699
9.899874843554443	0.10232079902673608	-0.0015161148361657883
9.924906132665832	0.10194606202432244	-0.0015038795992000087
9.949937421777221	0.10157344057375806	-0.0014918031346767557
9.97496871088861	0.10120311705716478	-0.0014801825081415115
10.0	0.1008352731318416	-0.0014691169664510645
