-10.0	-0.09912095378150454	-0.00145471463072612
-9.97496871088861	-0.09948323234281098	-0.0014663036834676596
-9.949937421777221	-0.09984881398156809	-0.0014794168790306372
-9.924906132665832	-0.10021751006343571	-0.0014942559815720874
-9.899874843554443	-0.10058912365174777	-0.0015111670513663356
-9.874843554443054	-0.10096328134837762	-0.0015306860590081212
-9.849812265331664	-0.10133917734910192	-0.0015535086832671324
-9.824780976220275	-0.10171518848341066	-0.0015802384405706887
-9.799749687108886	-0.10208852790364631	-0.0016105751880943348
-9.774718397997496	-0.10245580403993415	-0.001641713252934135
-9.749687108886107	-0.10281592014812979	-0.0016673401664899362
-9.724655819774718	-0.10317374904570897	-0.0016808473005797686
-9.699624530663328	-0.10353822581149252	-0.0016815333906308322
-9.67459324155194	-0.10391529001117128	-0.0016752003596202658
-9.64956195244055	-0.10430490699387462	-0.0016684778254082294
-9.62453066332916	-0.1047039799095657	-0.0016648827884894746
-9.599499374217771	-0.10510954403180861	-0.0016651431297235036
-9.574468085106382	-0.10551974701978395	-0.0016687697879798763
-9.549436795994993	-0.1059336460616116	-0.0016750237079335983
-9.524405506883603	-0.10635083112976318	-0.0016832630890079026
-9.499374217772216	-0.10677116561297417	-0.0016930094359375591
-9.474342928660825	-0.10719464439542392	-0.0017039267090151189
-9.449311639549435	-0.1076213227429843	-0.0017157859882763055
-9.424280350438046	-0.10805128193251257	-0.0017284359486654383
-9.399249061326657	-0.10848461270365917	-0.0017417823498507429
-9.37421777221527	-0.10892140667642636	-0.0017557753786477809
-9.349186483103878	-0.10936175021861594	-0.0017704031214630656
-9.32415519399249	-0.1098057166711488	-0.0017856895087577929
-9.2991239048811	-0.11025335230688782	-0.0018016941154085225
-9.274092615769712	-0.11070464998213758	-0.0018185068134246307
-9.249061326658325	-0.11115950711907807	-0.0018362180436319459
-9.224030037546934	-0.11161769085991935	-0.0018548258340354423
-9.198998748435546	-0.11207891572272999	-0.0018740629524385544
-9.173967459324155	-0.112543179264053	-0.0018933380232933894
-9.148936170212767	-0.11301106056616561	-0.001912188152129582
-9.123904881101378	-0.11348323330357779	-0.0019308178342888616
-9.098873591989987	-0.1139597913376349	-0.0019496380416396814
-9.0738423028786	-0.11444068106150418	-0.0019685593271248913
-9.048811013767208	-0.11492643742382391	-0.0019874271389995896
-9.023779724655821	-0.11541776834323159	-0.0020068377657827957
-8.998748435544432	-0.11591469493788509	-0.0020278803366209353
-8.973717146433042	-0.11641650015960359	-0.0020514339592897085
-8.948685857321653	-0.11692198763774009	-0.0020778687270887053
-8.923654568210262	-0.11742962739739049	-0.002106708686702999
-8.898623279098874	-0.11793826108440619	-0.0021360277755119728
-8.873591989987485	-0.11844888423288857	-0.0021628721587725053
-8.848560700876096	-0.1189652561817951	-0.0021861030124986774
-8.823529411764707	-0.11949078962762982	-0.002208320802727759
-8.798498122653317	-0.12002584276301498	-0.002233586769001622
-8.773466833541928	-0.12056858268938875	-0.0022650120148703934
-8.748435544430539	-0.12111627998221941	-0.0023047240684995196
-8.72340425531915	-0.12166510082560222	-0.002354337760941197
-8.69837296620776	-0.1222090032812666	-0.0024141701492280676
-8.67334167709637	-0.12273950002845169	-0.0024801551576952574
-8.648310387984981	-0.1232501222059561	-0.002539510212068191
-8.623279098873592	-0.12374727100150196	-0.002573447000080234
-8.598247809762203	-0.12425303436080348	-0.002573992558502769
-8.573216520650814	-0.12478655101055658	-0.0025536556357858287
-8.548185231539424	-0.125349948080542	-0.0025307098972240094
-8.523153942428035	-0.1259355137278746	-0.0025153193823199554
-8.498122653316646	-0.12653550914143707	-0.0025098472179071463
-8.473091364205256	-0.12714508627250964	-0.002513364291886422
-8.448060075093867	-0.12776168716787417	-0.002524337069013269
-8.423028785982478	-0.1283839531707347	-0.0025415508981195267
-8.397997496871088	-0.12901091152328803	-0.00256422004060515
-8.3729662077597	-0.1296414588222028	-0.002591714360241207
-8.34793491864831	-0.1302742095118372	-0.002623030511097066
-8.32290362953692	-0.13090785103845626	-0.002656287724753001
-8.297872340425531	-0.13154182611419252	-0.0026885201276374143
-8.272841051314144	-0.13217757812305564	-0.0027158691591583073
-8.247809762202753	-0.13281980114092384	-0.0027359004023009698
-8.222778473091363	-0.1334737486170834	-0.002750697099237115
-8.197747183979974	-0.1341409991725957	-0.002764885962692351
-8.172715894868585	-0.1348199920833686	-0.002781643156833047
-8.147684605757197	-0.13550868495447332	-0.002801970711596727
-8.122653316645806	-0.13620570753230066	-0.0028257941236704137
-8.097622027534417	-0.136910313180862	-0.0028528104738574367
-8.072590738423028	-0.13762204265890698	-0.0028828162982632577
-8.047559449311638	-0.13834040106456147	-0.002915733994309222
-8.02252816020025	-0.1390645810804445	-0.0029514022238459198
-7.9974968710888605	-0.13979339776725208	-0.0029890251441939686
-7.972465581977473	-0.1405260134551467	-0.0030264521894792368
-7.947434292866082	-0.1412636796281994	-0.0030606355891194675
-7.922403003754694	-0.14201012983791905	-0.0030903350781663202
-7.897371714643305	-0.14276856682531136	-0.003117596175178039
-7.872340425531914	-0.14353946669072304	-0.003145363255287678
-7.8473091364205265	-0.14432175020414384	-0.0031752968955320038
-7.8222778473091354	-0.14511432957252435	-0.0032078487714309323
-7.797246558197748	-0.14591654329597503	-0.0032429874885387677
-7.772215269086359	-0.1467280164338094	-0.0032806214636033754
-7.7471839799749675	-0.1475484167494887	-0.003320705459118986
-7.72215269086358	-0.14837724867108992	-0.0033631191203727234
-7.697121401752189	-0.1492138291819458	-0.0034073173348229124
-7.672090112640801	-0.15005776285587125	-0.003451946199045597
-7.647058823529412	-0.15090988908551672	-0.003495175494827557
-7.622027534418023	-0.1517724939967371	-0.003536109110424984
-7.596996245306634	-0.15264788641690163	-0.003575744667516381
-7.571964956195245	-0.1535369177733159	-0.003616046581267157
-7.546933667083856	-0.15443919766405312	-0.003658483048874908
-7.5219023779724665	-0.15535408459732025	-0.003703716433438614
-7.496871088861077	-0.15628115236411233	-0.0037520295319701247
-7.471839799749688	-0.15722014591577693	-0.0038037032269764987
-7.446808510638299	-0.1581707500665095	-0.003859185516160782
-7.421777221526909	-0.15913226384718726	-0.003919083080089342
-7.39674593241552	-0.16010317146680642	-0.003983865720066773
-7.371714643304131	-0.1610808237424175	-0.004052939828275176
-7.346683354192741	-0.16206225301614552	-0.004122920067401545
-7.321652065081352	-0.16304765294171464	-0.004186956413098117
-7.296620775969963	-0.16404392264013978	-0.004239308333573472
-7.2715894868585735	-0.16506047968643678	-0.004281922148479667
-7.246558197747184	-0.16610124600268517	-0.004322119808070346
-7.221526908635795	-0.1671644990056409	-0.004365575833504207
-7.196495619524406	-0.16824723979609324	-0.004414414028263439
-7.171464330413016	-0.16934741818217258	-0.0044688157523724015
-7.146433041301627	-0.17046405091487582	-0.004528466237908008
-7.121401752190238	-0.17159678462307326	-0.004593189130708941
-7.0963704630788484	-0.17274548360779018	-0.004663153211858798
-7.071339173967459	-0.1739098655607041	-0.004738920561268692
-7.04630788485607	-0.17508906605287677	-0.004821377083686212
-7.0212765957446805	-0.17628102849919802	-0.004911347054603485
-6.996245306633291	-0.17748192040403232	-0.005008366041447235
-6.971214017521902	-0.17868687579963627	-0.005108131254368278
-6.946182728410513	-0.1798946250418645	-0.005200625850922624
-6.921151439299123	-0.18111397883706193	-0.0052754476422436775
-6.896120150187734	-0.1823600767721878	-0.005332969360037937
-6.871088861076345	-0.1836412003237795	-0.0053839058002854295
-6.8460575719649555	-0.18495577130811913	-0.005438066817587878
-6.821026282853566	-0.18629898564151315	-0.005499513227311917
-6.795994993742177	-0.18766721564087074	-0.0055685881006311
-6.770963704630788	-0.18905863631717335	-0.005644394134877689
-6.745932415519399	-0.19047264303952982	-0.005725939678376132
-6.720901126408009	-0.19190929239417365	-0.005812470029772546
-6.69586983729662	-0.19336896084411492	-0.005903500861838301
-6.670838548185231	-0.19485215116478471	-0.005998774478671365
-6.645807259073841	-0.19635936486120276	-0.006098199276752481
-6.620775969962453	-0.1978909909379043	-0.006201756398919886
-6.595744680851063	-0.1994472254178845	-0.006309304052935449
-6.570713391739676	-0.20102819572916175	-0.006420229936031668
-6.545682102628285	-0.2026345956840645	-0.006533261679270486
-6.520650813516897	-0.20426843165567465	-0.006647255694655352
-6.495619524405506	-0.2059323509977311	-0.006762526965248955
-6.470588235294117	-0.20762803913708172	-0.006880554332887229
-6.445556946182729	-0.2093560555862357	-0.00700258694697356
-6.420525657071338	-0.21111668330333355	-0.0071291781201009985
-6.395494367959951	-0.21291041149972045	-0.00726047403609377
-6.37046307884856	-0.21473798415739687	-0.00739650276883809
-6.34543178973717	-0.21660032653014483	-0.007537299861121685
-6.320400500625783	-0.21849848203983502	-0.007682941655044628
-6.295369211514392	-0.22043357728397783	-0.00783354659661463
-6.270337922403004	-0.2224068058238	-0.007989269345409014
-6.245306633291613	-0.22441942198337195	-0.008150294986083745
-6.2202753441802265	-0.2264727397594246	-0.008316834855449248
-6.195244055068836	-0.228568134366812	-0.008489123959628697
-6.170212765957448	-0.2307070451988915	-0.008667419634089277
-6.145181476846059	-0.2328909796143952	-0.008852001110215516
-6.120150187734667	-0.23512151727626573	-0.009043169728492353
-6.09511889862328	-0.23740031493704628	-0.009241249597966572
-6.070087609511891	-0.23972911170819078	-0.009446588546790272
-6.0450563204005014	-0.2421097350177499	-0.009659559369216114
-6.020025031289112	-0.24454410732856147	-0.009880561792765127
-5.994993742177721	-0.24703425284218294	-0.010110025437304798
-5.9699624530663336	-0.24958230368032996	-0.01034841256058508
-5.9449311639549425	-0.2521905070582813	-0.010596219897667555
-5.919899874843555	-0.25486123418543816	-0.010853980996649568
-5.894868585732166	-0.25759698996702074	-0.01112226962254044
-5.869837296620776	-0.2604004231831203	-0.011401703729558219
-5.844806007509387	-0.26327433742980855	-0.011692949775423733
-5.819774718397998	-0.26622170307135473	-0.01199672744748738
-5.7947434292866085	-0.26924567035465863	-0.012313814914204912
-5.769712140175219	-0.2723495838158785	-0.012645054699731803
-5.74468085106383	-0.27553699812274957	-0.012991360271459293
-5.719649561952441	-0.27881169552852025	-0.013353723432275366
-5.694618272841051	-0.2821777051656502	-0.013733222632515127
-5.669586983729662	-0.28563932444855666	-0.014131032406127703
-5.644555694618273	-0.2892011427426304	-0.014548434226834037
-5.619524405506883	-0.292868067343357	-0.0149868288473968
-5.594493116395494	-0.2966453522588042	-0.015447750004930691
-5.569461827284105	-0.3005386305439881	-0.015932879925573462
-5.5444305381727155	-0.3045539505000132	-0.01644406724566437
-5.519399249061326	-0.3086978160500937	-0.016983347658119263
-5.494367959949937	-0.3129772318998567	-0.017552967618590445
-5.469336670838549	-0.31739975422603806	-0.01815541163077576
-5.444305381727158	-0.3219735477217638	-0.018793433768304516
-5.419274092615769	-0.32670744994531997	-0.019470094219294132
-5.3942428035043815	-0.33161104407604025	-0.020188801795970573
-5.36921151439299	-0.3366947413697039	-0.020953363544145315
-5.344180225281603	-0.3419698748346587	-0.021768042813577568
-5.319148936170212	-0.34744880595320904	-0.022637627401715682
-5.2941176470588225	-0.35314504676797576	-0.0235675096906571
-5.269086357947435	-0.3590734005001259	-0.0245637813735662
-5.244055068836044	-0.3652501244478401	-0.025633347167832832
-5.219023779724656	-0.37169311707323605	-0.026784063526853336
-5.193992490613266	-0.3784221301244095	-0.02802490499201768
-5.168961201501876	-0.3854590142626382	-0.029366159797579505
-5.1439299123904885	-0.3928280097366974	-0.03081966625111332
-5.1188986232791	-0.40055608743136073	-0.032399104689954744
-5.09386733416771	-0.4086733469970225	-0.034120357461831036
-5.06883604505632	-0.41721348393464197	-0.03600195325089647
-5.043804755944931	-0.4262143404261982	-0.0380656190706473
-5.018773466833542	-0.43571855728149167	-0.04033697119387322
-4.993742177722154	-0.4457743478619447	-0.04284638659228608
-4.968710888610763	-0.4564364192754038	-0.04563011082716534
-4.943679599499373	-0.4677670711357651	-0.04873167881484439
-4.918648310387985	-0.4798375066906635	-0.05220375361793245
-4.893617021276597	-0.49272939550545036	-0.05611052743788367
-4.868585732165207	-0.5065367327457615	-0.06053088649225202
-4.843554443053817	-0.5213680399427814	-0.06556262985349443
-4.818523153942427	-0.5373489375419318	-0.07132815917852708
-4.793491864831038	-0.5546250843071396	-0.07798224283109995
-4.768460575719651	-0.5733653967033128	-0.08572274196426642
-4.7434292866082615	-0.5937652798181823	-0.09480561789157807
-4.71839799749687	-0.6160492179410082	-0.10556619506190335
-4.69336670838548	-0.6404712766522751	-0.11844963810525268
-4.668335419274092	-0.6673104218465116	-0.13405503093187293
-4.643304130162704	-0.6968541608997452	-0.15319933837459873
-4.618272841051315	-0.729357030463524	-0.17700939023168036
-4.593241551939924	-0.7649464630574139	-0.20704946890561218
-4.568210262828536	-0.8034224858592776	-0.2454807625651231
-4.543178973717147	-0.8438587591625377	-0.29520266592618694
-4.518147684605758	-0.8838969421685121	-0.3597925641357197
-4.4931163954943685	-0.918805780216768	-0.4428122794278141
-4.468085106382977	-0.9410766259246848	-0.5460410000952836
-4.44305381727159	-0.9419812616495831	-0.6675933322899251
-4.418022528160201	-0.914018372288353	-0.8028347653281401
-4.392991239048811	-0.8491473301649828	-0.9466282155760061
-4.367959949937422	-0.7350540276479807	-1.0884619659779529
-4.342928660826031	-0.5627926994693992	-1.203239704230264
-4.317897371714643	-0.34363226905301625	-1.2568608645342403
-4.292866082603254	-0.11213069458369773	-1.2264072643862767
-4.267834793491865	0.0872960022012963	-1.1143235275912637
-4.2428035043804755	0.22036623688045598	-0.9504639811326393
-4.217772215269086	0.2803021811342168	-0.7765105171646915
-4.192740926157699	0.2842717821509151	-0.6226618171680861
-4.167709637046308	0.2555545300305937	-0.49980559859848417
-4.142678347934918	0.21175600302307362	-0.4063343436344502
-4.117647058823529	0.16301869992646445	-0.33637148339524625
-4.09261576971214	0.11429888394707888	-0.28400197130185
-4.067584480600752	0.06768760536452856	-0.2445307673271149
-4.042553191489361	0.023857769945016205	-0.214528536515426
-4.017521902377972	-0.017172133315431992	-0.19156162214650202
-3.9924906132665825	-0.055662830937320606	-0.17391349678845114
-3.967459324155193	-0.0919771908691911	-0.16036952011104952
-3.9424280350438052	-0.12650003394822296	-0.1500651253376711
-3.917396745932415	-0.15960449284339795	-0.14238226085887082
-3.8923654568210257	-0.19164046307081284	-0.13687954733605479
-3.867334167709638	-0.22293335453981244	-0.13324536562192982
-3.8423028785982494	-0.2537874908133477	-0.13126654094706935
-3.8172715894868587	-0.28449148384814205	-0.13080783038963334
-3.7922403003754686	-0.3153243630981586	-0.13179917633394272
-3.7672090112640793	-0.3465619385211709	-0.13422889844287145
-3.7421777221526913	-0.378483196197374	-0.13814186941037362
-3.717146433041303	-0.4113766283728246	-0.1436424162851934
-3.6921151439299127	-0.4455463388496961	-0.15090233801296035
-3.6670838548185225	-0.48131750536421514	-0.1601751468278734
-3.6420525657071328	-0.5190401811206988	-0.17181854261126253
-3.617021276595745	-0.5590891476639004	-0.18632832338072328
-3.5919899874843564	-0.6018548873225238	-0.20438843719092462
-3.566958698372966	-0.647715286522403	-0.22694328093116348
-3.541927409261576	-0.6969666779813677	-0.25529770427551884
-3.5168961201501876	-0.7496721331101464	-0.2912406742583282
-3.4918648310387996	-0.805353405679778	-0.33715011254519633
-3.46683354192741	-0.8624385961057071	-0.39592321638787453
-3.4418022528160197	-0.917524006269411	-0.47034816190072226
-3.4167709637046295	-0.9651484124467657	-0.5614397893094738
-3.391739674593241	-0.9997161120625306	-0.6663909045716869
-3.366708385481853	-1.019842472580228	-0.7794832653945376
-3.341677096370464	-1.0299539722471196	-0.898482444760026
-3.3166458072590737	-1.0330307318437089	-1.0300590061465167
-3.291614518147683	-1.0210398876723588	-1.1842094072336544
-3.2665832290362946	-0.9752197520521784	-1.3622892443654644
-3.2415519399249066	-0.8762547165977757	-1.5492873231841011
-3.2165206508135173	-0.7194414759648864	-1.7170178092042852
-3.191489361702127	-0.5215884282651269	-1.8428363954902436
-3.166458072590739	-0.303286683586689	-1.9254249717021468
-3.14142678347935	-0.06845935319416663	-1.9707361643172732
-3.11639549436796	0.1863514188529023	-1.9704027550151872
-3.091364205256571	0.4503897371541914	-1.9045086764684873
-3.0663329161451807	0.6918217142319882	-1.7623791004921705
-3.0413016270337927	0.874667979984995	-1.5605481602866056
-3.0162703379224034	0.9839447209851979	-1.3341510969390817
-2.991239048811014	1.0271491876214016	-1.1131439249349397
-2.966207759699625	1.0193380449495195	-0.9145187269629599
-2.941176470588234	0.9760276348102832	-0.7470087848824977
-2.916145181476846	0.912275065736365	-0.6129628932507026
-2.891113892365457	0.8401759086548104	-0.5091596404974188
-2.8660826032540676	0.7672448353525785	-0.42977826174818823
-2.8410513141426783	0.6971928961562455	-0.36904007805290207
-2.816020025031289	0.6314285825540908	-0.3222741031479821
-2.790988735919901	0.5701856040757782	-0.28600955211282586
-2.7659574468085104	0.5131635421069052	-0.2577497778565099
-2.740926157697121	0.45984953553319263	-0.23571705950461938
-2.715894868585732	0.40966843355479243	-0.2186490045398307
-2.6908635794743425	0.3620475461599071	-0.2056531109762447
-2.6658322903629545	0.3164403242342897	-0.1961076819561551
-2.6408010012515644	0.27233073302914823	-0.18959641648474343
-2.615769712140175	0.2292288169435328	-0.18586716024037378
-2.5907384230287853	0.18666251803997058	-0.1848086342452487
-2.565707133917396	0.1441683039124193	-0.1864417004255827
-2.540675844806008	0.10128221332910048	-0.1909239722169396
-2.515644555694618	0.05753302243601777	-0.19856863163260954
-2.4906132665832286	0.012440420509673089	-0.2098804760887462
-2.4655819774718406	-0.034475993436676955	-0.2256146920417453
-2.440550688360452	-0.083664858859541	-0.24686642653241722
-2.4155193992490616	-0.13546368080959237	-0.2752002007780504
-2.3904881101376714	-0.18992325878245042	-0.3128211342920473
-2.365456821026282	-0.2464489094615523	-0.36275550848933413
-2.340425531914894	-0.30314162422227	-0.4289030864278821
-2.3153942428035057	-0.355821907342984	-0.5156129742471163
-2.2903629536921155	-0.39718597952751167	-0.6263343448483378
-2.2653316645807253	-0.41705968235086477	-0.7616070039697531
-2.2403003754693356	-0.40371579472738905	-0.9175814201281326
-2.2152690863579476	-0.34541004470543424	-1.0846406161232265
-2.190237797246559	-0.23410223659163143	-1.2461666708865737
-2.165206508135169	-0.070091062222845	-1.3817361862354667
-2.140175219023779	0.1385703284584192	-1.471814577394926
-2.1151439299123904	0.37620452029231544	-1.4976561955011098
-2.0901126408010025	0.6144579695139729	-1.446506449072833
-2.0650813516896127	0.8178070629310992	-1.3251213425165855
-2.0400500625782225	0.9627987265385953	-1.160659037260198
-2.0150187734668323	1.047374097451033	-0.9832352245321904
-1.989987484355444	1.0812744846872162	-0.8128100243508509
-1.9649561952440555	1.0761578430594447	-0.6610178135860373
-1.939924906132667	1.044565519298803	-0.5344748664209105
-1.914893617021277	0.9988157341307078	-0.43416644972163965
-1.8898623279098858	0.9481130110093079	-0.3566861322920808
-1.8648310387984974	0.8977752495264086	-0.29715195197849564
-1.839799749687109	0.8502957584435586	-0.25109012320980917
-1.8147684605757206	0.806578070942614	-0.21500447132812886
-1.7897371714643304	0.7667484759444148	-0.1863269565575366
-1.764705882352942	0.7305933820280193	-0.16320810363038493
-1.7396745932415527	0.697774048421691	-0.1443164160642873
-1.7146433041301625	0.6679260547559434	-0.12868516069629019
-1.6896120150187741	0.6407023727735122	-0.11560379898968431
-1.664580725907384	0.6157896587647094	-0.10454296726740112
-1.6395494367959955	0.5929122012113783	-0.09510285377188249
-1.6145181476846062	0.5718304648288783	-0.08697747888466006
-1.589486858573217	0.5523375316779484	-0.07992972975273485
-1.5644555694618276	0.534254976508727	-0.07377370021841967
-1.5394242803504374	0.5174288600647161	-0.06836203859964118
-1.514392991239049	0.5017261135483817	-0.06357676734267673
-1.4893617021276597	0.4870313935924797	-0.059322539082094006
-1.4643304130162704	0.4732443994282354	-0.05552162363352511
-1.4392991239048811	0.4602776080786626	-0.05211013967529082
-1.4142678347934918	0.4480543723428043	-0.04903519197606093
-1.3892365456821025	0.4365073266605719	-0.046252674823558576
-1.3642052565707132	0.4255770510298271	-0.04372557079325193
-1.339173967459324	0.41521094977210926	-0.04142262153174217
-1.3141426783479346	0.40536230861362266	-0.039317280596669446
-1.2891113892365453	0.39598949962549956	-0.03738688207216084
-1.264080100125157	0.38705530883800754	-0.03561197565636773
-1.2390488110137667	0.3785263657885314	-0.03397579121337449
-1.2140175219023774	0.37037265795414465	-0.032463804772052934
-1.1889862327909881	0.36256711605506164	-0.03106338458785768
-1.1639549436795988	0.3550852586994653	-0.0297635008205267
-1.1389236545682104	0.3479048868668144	-0.028554486085407532
-1.1138923654568202	0.3410058203805908	-0.027427836938336253
-1.0888610763454318	0.33436966987007	-0.026376048489552384
-1.0638297872340434	0.32797963882269965	-0.025392475981720952
-1.0387984981226523	0.32182035123127517	-0.024471218435160688
-1.013767209011264	0.31587770108056246	-0.023607020451399965
-0.9887359198998737	0.31013872052891456	-0.022795189042448566
-0.9637046307884853	0.3045914641465781	-0.022031522969169354
-0.9386733416770969	0.2992249069966788	-0.021312252567545695
-0.9136420525657085	0.2940288547084	-0.020633988447994828
-0.8886107634543183	0.2889938640174492	-0.01999367779606391
-0.8635794743429273	0.28411117256817153	-0.019388567303808224
-0.8385481852315388	0.27937263713885896	-0.01881617203257631
-0.8135168961201504	0.27477067996448434	-0.01827424973580767
-0.788485607008762	0.27029824368275746	-0.017760780252092212
-0.7634543178973718	0.26594875695177245	-0.017273949123571497
-0.7384230287859816	0.2617161153520522	-0.016812132353695664
-0.7133917396745932	0.2575946850483045	-0.016373871746323015
-0.6883604505632039	0.253579332394983	-0.015957810702362588
-0.6633291614518155	0.2496654406524086	-0.01556252928225009
-0.6382978723404253	0.24584874201151297	-0.01518625241166699
-0.6132665832290352	0.24212471940947944	-0.01482674368007178
-0.5882352941176467	0.23848802597947916	-0.014482059575947004
-0.5632040050062583	0.23493317722892215	-0.014151589820458527
-0.5381727158948699	0.23145581657843817	-0.013835636822353961
-0.5131414267834788	0.228052689832429	-0.013534278463283311
-0.48811013767208866	0.22472092254176668	-0.013247073956443242
-0.46307884856070025	0.22145765544883822	-0.012973319975728065
-0.43804755944931184	0.21826001399715	-0.01271227207744681
-0.41301627033792343	0.21512516106502955	-0.012463233836286641
-0.38798498122653324	0.2120503381690697	-0.012225576702260668
-0.36295369211514483	0.20903288511495782	-0.011998736549841862
-0.33792240300375376	0.20607024577780653	-0.011782205204928037
-0.31289111389236535	0.20315996676846326	-0.011575522436448257
-0.28785982478097694	0.2002996928342034	-0.011378269522947224
-0.26282853566958675	0.19748716092486207	-0.011190064285044432
-0.23779724655819834	0.19472019384252626	-0.01101055724702922
-0.21276595744680904	0.19199669389524443	-0.01083942862578642
-0.18773466833541974	0.1893146367360528	-0.010676385924605417
-0.16270337922403044	0.18667206545483642	-0.010521161977942395
-0.13767209011264026	0.1840670849368195	-0.010373513342626373
-0.11264080100125184	0.18149785647610311	-0.010233218964567026
-0.08760951188986255	0.1789625926213123	-0.01010007907248131
-0.06257822277847325	0.17645955222572327	-0.009973914265246478
-0.03754693366708395	0.17398703567227658	-0.009854564769769564
-0.01251564455569465	0.1715433802436701	-0.00974188985352531
0.01251564455569465	0.16912695560792468	-0.009635767381210567
0.03754693366708395	0.16673615938983877	-0.009536093508986515
0.06257822277847325	0.1643694127989397	-0.009442782513064879
0.08760951188986255	0.16202515628437414	-0.0093557667521917
0.11264080100125184	0.15970184518654845	-0.009274996766123048
0.13767209011264114	0.15739794535439205	-0.009200441514646718
0.16270337922403044	0.15511192869585058	-0.009132088764196786
0.18773466833541974	0.15284226862732503	-0.009069945631739212
0.21276595744680726	0.15058743538531294	-0.009014039298456816
0.23779724655819834	0.148345891160623	-0.00896441790899763
0.26282853566958764	0.14611608501184706	-0.00892115167570011
0.28785982478097694	0.14389644751023667	-0.008884334211464714
0.31289111389236623	0.1416853850627976	-0.008854084119917172
0.33792240300375376	0.1394812738540328	-0.008830546877432371
0.36295369211514483	0.13728245333886213	-0.008813897048597405
0.38798498122653235	0.13508721921031386	-0.008804340885212092
0.41301627033792343	0.13289381575438247	-0.008802119369135872
0.43804755944931273	0.1307004274914776	-0.008807511771792884
0.46307884856070025	0.12850516998828987	-0.008820839818393558
0.4881101376720913	0.12630607970514035	-0.008842472563735437
0.5131414267834788	0.1241011027215757	-0.008872832109635631
0.5381727158948699	0.12188808215601388	-0.008912400322962033
0.5632040050062574	0.11966474406298089	-0.008961726749294324
0.5882352941176467	0.1174286815524227	-0.00902143796264096
0.6132665832290378	0.11517733682829856	-0.009092248648970042
0.6382978723404253	0.11290798078643338	-0.009174974794244423
0.6633291614518164	0.11061768974193387	-0.009270549440928394
0.6883604505632039	0.10830331877155608	-0.009380041597031305
0.7133917396745932	0.10596147105248732	-0.009504679037354344
0.7384230287859808	0.10358846245223863	-0.009645875939673407
0.7634543178973718	0.10118028046836436	-0.009805266565438647
0.7884856070087629	0.09873253642603363	-0.009984746547920434
0.8135168961201504	0.09624040960751801	-0.01018652382234575
0.8385481852315397	0.09369858170186085	-0.01041318186717892
0.8635794743429273	0.09110115961562582	-0.010667758787174436
0.8886107634543183	0.08844158426711346	-0.010953846948785498
0.9136420525657059	0.08571252249063821	-0.011275719510273646
0.9386733416770969	0.0829057386053148	-0.011638492467743594
0.9637046307884862	0.0800119415748437	-0.01204833405430128
0.9887359198998737	0.07702060305954284	-0.012512737916843444
1.0137672090112648	0.0739197411774768	-0.013040883111780158
1.0387984981226523	0.07069566474215772	-0.01364411361418566
1.0638297872340434	0.06733267373408469	-0.014336584281013517
1.088861076345431	0.06381271500390717	-0.015136141472739298
1.1138923654568202	0.060115000115558814	-0.016065538617801634
1.1389236545682113	0.05621560964965	-0.017154135854443323
1.1639549436795988	0.052087144914749084	-0.01844030775743731
1.18898623279099	0.04769856357608937	-0.019974898049707354
1.2140175219023774	0.04301549068872634	-0.021826234893739832
1.2390488110137667	0.03800161496532617	-0.024087477988910436
1.264080100125156	0.03262243683777721	-0.026887418918374567
1.2891113892365453	0.026853992213182076	-0.030406227925313306
1.3141426783479364	0.020701956046572434	-0.034897651381874756
1.339173967459324	0.014242013690990873	-0.04071739712069605
1.3642052565707132	0.007702029968108537	-0.04834939416198397
1.3892365456821025	0.0016178048020289992	-0.058395095670029706
1.4142678347934918	-0.0029187922606845884	-0.07142317875757959
1.4392991239048811	-0.00403657764869636	-0.08747549200852772
1.4643304130162704	0.0005991648392182913	-0.10513905772141402
1.4893617021276597	0.012255013617069821	-0.12102271649114443
1.514392991239049	0.029435735276768682	-0.13127842164335005
1.5394242803504383	0.04870811118550655	-0.13399185793637391
1.5644555694618276	0.0666973777505313	-0.12921204647111476
1.589486858573217	0.08041758812227906	-0.11822517065939836
1.6145181476846044	0.08775074508343605	-0.10372729472404327
1.6395494367959955	0.08848344644058259	-0.08903561325549578
1.6645807259073848	0.08411178031313327	-0.07656624262839226
1.6896120150187741	0.07659075169388174	-0.06722852057071221
1.7146433041301634	0.06739735521393597	-0.06091614967592213
1.739674593241551	0.057362106100725674	-0.05718466722509083
1.764705882352942	0.04685825584615699	-0.05562327025284866
1.7897371714643295	0.03600611642366491	-0.05597796582112416
1.8147684605757206	0.024808745600666926	-0.05817475104819067
1.83979974968711	0.013239248128924519	-0.062323301741678105
1.8648310387984974	0.0013170362896293142	-0.06872912684872395
1.8898623279098885	-0.010787338840460237	-0.07791388787979805
1.914893617021276	-0.022572167741530258	-0.09061137018230922
1.939924906132667	-0.03291029184012739	-0.10763594387175085
1.9649561952440546	-0.03971474580576606	-0.12939902560800332
1.989987484355444	-0.0400229026154304	-0.1548552894284327
2.015018773466835	-0.03141099200065156	-0.18037350891367285
2.0400500625782225	-0.014749425848800346	-0.20049804729904205
2.065081351689613	0.0048724300458267145	-0.21183809926623035
2.090112640801001	0.021874409234860615	-0.21578063219567475
2.1151439299123904	0.033478557139164256	-0.21630771287014336
2.1401752190237784	0.03961876825789812	-0.2179115600014017
2.165206508135169	0.04318317508320968	-0.22440871028076356
2.1902377972465596	0.0492702017711375	-0.2366325530327484
2.2152690863579476	0.062255050816549584	-0.25137617854765415
2.240300375469337	0.08293808816007964	-0.26317738108683
2.265331664580725	0.10805853762985018	-0.2676718956962042
2.2903629536921155	0.1325927273856169	-0.26424931246942507
2.315394242803503	0.1534324782525096	-0.25551599121321944
2.340425531914894	0.17011795510632854	-0.24399528739505946
2.3654568210262834	0.18269283225930133	-0.23125071598059757
2.3904881101376714	0.19157946134302817	-0.21905670561690557
2.415519399249062	0.19851368796508773	-0.20860608094943375
2.4405506883604495	0.20529754227723807	-0.19918840655026696
2.4655819774718406	0.2119465800424818	-0.18926663551474834
2.490613266583228	0.21721276137582723	-0.1786225720686951
2.515644555694618	0.22066762508818138	-0.16844139401938188
2.5406758448060085	0.2232812100296857	-0.1595895434737913
2.565707133917396	0.22624043997871457	-0.15168621828793197
2.590738423028787	0.22985823079263756	-0.14370638867157887
2.6157697121401746	0.23371591654082335	-0.1349956290640748
2.6408010012515644	0.2374239905023834	-0.12533637290557223
2.665832290362953	0.2406216707833746	-0.1144219494440459
2.6908635794743425	0.24248396650052273	-0.10206055341643885
2.7158948685857336	0.24203880294551583	-0.08881945757283602
2.740926157697121	0.23893236702135434	-0.07583570918546981
2.765957446808511	0.23354930461531787	-0.0641611018318477
2.7909887359198997	0.22669786508735523	-0.05438143839464754
2.816020025031289	0.21920894781183486	-0.04655360531545247
2.841051314142678	0.21166765643712226	-0.04040790391291746
2.8660826032540676	0.2043864405873297	-0.03558856821031678
2.8911138923654573	0.19749351860895592	-0.03177926593724478
2.916145181476846	0.191018183936428	-0.028734935105146908
2.9411764705882355	0.18494349117147735	-0.026275308677368325
2.9662077596996244	0.17923373624823258	-0.02426983515362889
2.991239048811014	0.17384767310065818	-0.02262399948245189
3.0162703379224016	0.1687445676845929	-0.02126902754060396
3.0413016270337927	0.16388691613716144	-0.020154522573282804
3.066332916145182	0.15924172539105363	-0.01924297750832847
3.091364205256571	0.15478090969864366	-0.018504921109600864
3.1163954943679606	0.1504796645840405	-0.01791394709423562
3.141426783479348	0.1463107276054978	-0.01744412045860104
3.166458072590739	0.14223861999784582	-0.01707580716520936
3.1914893617021267	0.13822556171999478	-0.01680472059261215
3.2165206508135173	0.13424294300027606	-0.016637832286179224
3.241551939924907	0.13027093841142312	-0.01658263069127358
3.2665832290362946	0.12629148592565542	-0.01664430661720763
3.2916145181476857	0.12228450706147553	-0.016828314901874766
3.316645807259073	0.1182272230376129	-0.017142859933384325
3.341677096370464	0.11409422261747881	-0.017600400170545927
3.366708385481852	0.10985738227156672	-0.018218822827597764
3.391739674593241	0.10548554550882505	-0.019022831225958506
3.416770963704632	0.10094405817148866	-0.02004589005856483
3.4418022528160197	0.09619429381510125	-0.02133304469661164
3.4668335419274103	0.09119336949603962	-0.02294502681616492
3.4918648310387983	0.08589442620452203	-0.02496425268510241
3.5168961201501876	0.0802482341856714	-0.02750361411362187
3.5419274092615756	0.07420769636926794	-0.03071934280208541
3.566958698372966	0.06773850732327746	-0.0348295575224227
3.591989987484357	0.060842636821882845	-0.04013976825813159
3.617021276595745	0.05360779356377865	-0.047073487291905663
3.642052565707134	0.04630619664048474	-0.05619382166463571
3.667083854818522	0.03957183026825728	-0.06816521415315693
3.6921151439299127	0.03464115201668694	-0.08352570219454888
3.7171464330413	0.03342423204678591	-0.1020911344173529
3.7421777221526913	0.037804087930172425	-0.12220447494666842
3.7672090112640806	0.04811737062285282	-0.14110076355685633
3.7922403003754686	0.06295684852473382	-0.15689600076989244
3.817271589486859	0.08120751060886278	-0.16910781431122432
3.8423028785982467	0.10240639515155481	-0.1767458218309584
3.867334167709638	0.12481631225442591	-0.1783516712265588
3.8923654568210253	0.14560499368945345	-0.17408110974984034
3.917396745932415	0.16291909472501453	-0.16590277573439252
3.9424280350438057	0.1767108221565441	-0.1559080793651896
3.967459324155193	0.18769279002617667	-0.1451419629912447
3.9924906132665843	0.19636323264953326	-0.13405321480032684
4.017521902377972	0.20315264471416272	-0.12297439049870124
4.042553191489361	0.20851217815922585	-0.11199036625127864
4.06758448060075	0.21271847069143668	-0.1009429185257722
4.09261576971214	0.21574781551238553	-0.08955863448867749
4.117647058823531	0.2171653921166179	-0.07773946142212262
4.142678347934918	0.21645705793086822	-0.06596349084339323
4.167709637046308	0.21361435465519918	-0.05509394004144921
4.192740926157697	0.20920211807509315	-0.045806220908840484
4.217772215269086	0.20398100613902326	-0.038296163883387496
4.2428035043804755	0.1985572909814275	-0.03238550850467742
4.267834793491865	0.19328425458971044	-0.027757667404195913
4.292866082603254	0.18832289988470308	-0.0241080277342528
4.317897371714643	0.18372491292769766	-0.0211932565889216
4.342928660826033	0.1794889112141158	-0.018832082198062428
4.367959949937422	0.17559093631222744	-0.016892427803277293
4.392991239048811	0.17199937788573116	-0.015278145617093786
4.418022528160199	0.1686818061435611	-0.01391863522772148
4.44305381727159	0.16560785502561792	-0.012761396753622034
4.468085106382979	0.16275024337768418	-0.011766842526133983
4.4931163954943685	0.1600849485908098	-0.010904701923067861
4.518147684605758	0.157591017950522	-0.010151516875792674
4.543178973717145	0.15525024658846132	-0.009488879127631314
4.568210262828536	0.15304682732037023	-0.008902174026505366
4.593241551939924	0.15096701820021252	-0.008379673437261828
4.618272841051315	0.14899884525766804	-0.007911872083892435
4.643304130162704	0.14713184465425577	-0.00749099574229066
4.668335419274092	0.1453568426024816	-0.007110632220211854
4.693366708385483	0.1436657689306271	-0.00676545102743617
4.71839799749687	0.1420514991338182	-0.006450987979451428
4.7434292866082615	0.14050771991930855	-0.006163479061664506
4.768460575719649	0.13902881624584396	-0.005899733193334422
4.793491864831038	0.13760977971635668	-0.0056570322778456555
4.818523153942429	0.1362461319232411	-0.005433047675630923
4.843554443053817	0.13493385586064033	-0.005225771882258035
4.868585732165208	0.13366933615390497	-0.005033465443254587
4.8936170212765955	0.1324493089181198	-0.004854614930184811
4.918648310387985	0.1312708194813137	-0.004687898479639255
4.943679599499372	0.1301311861888852	-0.004532157185039354
4.968710888610763	0.12902796915175774	-0.004386371295877767
4.9937421777221545	0.12795894315556122	-0.004249640375693559
5.018773466833542	0.12692207411266487	-0.004121166704165791
5.043804755944931	0.1259154985406461	-0.004000241336133525
5.068836045056319	0.12493750563069028	-0.0038862323425137985
5.09386733416771	0.1239865215371756	-0.003778574850650071
5.118898623279097	0.12306109557726863	-0.0036767625758730715
5.1439299123904885	0.12215988807850842	-0.0035803405950965567
5.168961201501878	0.12128165965501037	-0.0034888991599119207
5.193992490613265	0.12042526173115853	-0.0034020683823707543
5.219023779724656	0.11958962816782481	-0.0033195136498054417
5.244055068836044	0.11877376788095706	-0.003240931626632901
5.269086357947435	0.11797675835531685	-0.0031660466595021253
5.2941176470588225	0.11719773986038806	-0.0030946073061154378
5.319148936170212	0.11643590977220697	-0.003026382753749113
5.344180225281603	0.11569051597004343	-0.002961159873053093
5.36921151439299	0.11496085011844226	-0.0028987433195104967
5.3942428035043815	0.11424624533120298	-0.002838957914210405
5.419274092615769	0.11354607754176538	-0.0027816467393450145
5.444305381727158	0.11285976323568825	-0.0027266655867224515
5.469336670838548	0.11218675403003431	-0.002673880097304529
5.494367959949937	0.11152653243018129	-0.00262316554436344
5.519399249061328	0.11087860919809334	-0.002574406882412214
5.5444305381727155	0.11024252135063062	-0.002527498448046908
5.569461827284105	0.10961783032627803	-0.0024823435190049897
5.594493116395494	0.10900412023890294	-0.002438853937347815
5.619524405506883	0.10840099623897803	-0.0023969499099243535
5.644555694618273	0.1078080830219692	-0.00235656006729186
5.669586983729662	0.10722502354625796	-0.0023176218771216728
5.694618272841051	0.10665147808146536	-0.0022800825526807372
5.719649561952441	0.10608712383898666	-0.0022439006635613795
5.74468085106383	0.1055316557129764	-0.002209048726860119
5.769712140175219	0.10498478923200594	-0.0021755170552388015
5.7947434292866085	0.10444626796757817	-0.002143318779087966
5.819774718397996	0.10391587973908312	-0.0021124943198465723
5.844806007509387	0.10339348875404841	-0.0020831080296536963
5.869837296620776	0.10287908963147707	-0.002055214361898372
5.894868585732166	0.10237286193011474	-0.0020287420072773593
5.919899874843555	0.10187509910616566	-0.002003248278757891
5.9449311639549425	0.10138576138572475	-0.0019777333386714474
5.9699624530663336	0.1009038389772483	-0.0019511493017245751
5.994993742177721	0.10042770030164405	-0.0019234914266820502
6.020025031289112	0.09995637775258626	-0.0018957753542633016
6.0450563204005014	0.09948987572746315	-0.00186894226305441
6.07008760951189	0.09902852591000055	-0.0018433768848173104
6.09511889862328	0.09857255249085295	-0.0018191030515534862
6.120150187734667	0.09812200773793567	-0.0017960274105781188
6.145181476846059	0.09767682741153472	-0.0017740536462510642
6.170212765957445	0.09723688422411403	-0.0017531169650315814
6.195244055068836	0.09680201945549971	-0.001733189639935337
6.2202753441802265	0.0963720584438228	-0.0017142798429564676
6.245306633291613	0.09594681613243505	-0.0016964322732994641
6.270337922403005	0.09552609818019242	-0.0016797360915247472
6.295369211514392	0.09510970616594427	-0.0016643414719799687
6.320400500625783	0.09469745026454746	-0.0016504791830566773
6.3454317897371695	0.09428916576860491	-0.001638486055818289
6.37046307884856	0.09388474285709858	-0.0016288480159452473
6.395494367959952	0.09348419433320831	-0.001622264416390587
6.420525657071338	0.0930878010695686	-0.0016197258361578676
6.445556946182729	0.09269640684358738	-0.0016225660268262554
6.470588235294116	0.09231197110466649	-0.0016323422497974138
6.495619524405506	0.09193841756689469	-0.001650122733759321
6.520650813516895	0.09158220202806167	-0.0016743444145311537
6.545682102628285	0.09125016740342762	-0.0016969986365868994
6.570713391739676	0.09094151951284868	-0.001702734671217454
6.5957446808510625	0.09064081113632927	-0.0016798133178191205
6.620775969962453	0.09032855241930182	-0.00163368139322298
6.645807259073841	0.08999802673361312	-0.0015802711132674452
6.670838548185231	0.08965420411431957	-0.0015310459874077476
6.695869837296622	0.08930425117733432	-0.0014897612375068259
6.720901126408009	0.08895313216599288	-0.00145609225697646
6.745932415519399	0.08860349549127289	-0.0014285819092682145
6.770963704630788	0.0882565494135985	-0.0014058295760811523
6.795994993742178	0.08791274727648801	-0.001386786676938534
6.821026282853566	0.08757217575731158	-0.0013707549573362676
6.8460575719649555	0.08723475179644957	-0.0013573215633694152
6.871088861076346	0.0869003163633586	-0.0013463056419282249
6.896120150187734	0.08656868451068611	-0.001337743009587944
6.921151439299124	0.0862397056905948	-0.0013319059503239666
6.946182728410513	0.08591336089250312	-0.0013293242384561227
6.971214017521902	0.08558989903854286	-0.0013307885275411768
6.996245306633291	0.08527003835885161	-0.0013373038107249435
7.0212765957446805	0.08495520305951043	-0.0013499043087502605
7.046307884856071	0.08464766190668715	-0.0013693635347353933
7.071339173967459	0.08435081572893477	-0.00139602189451557
7.0963704630788484	0.08407035085578585	-0.0014287360192364457
7.121401752190238	0.08381383493077355	-0.001460601802267092
7.146433041301627	0.0835827133375604	-0.00147554927047866
7.171464330413016	0.08336193345797938	-0.0014583134529315284
7.196495619524406	0.08312838085815866	-0.0014120580613689038
7.221526908635795	0.08287176461642876	-0.0013547194502222248
7.246558197747184	0.08259675524510524	-0.0013009536915930403
7.2715894868585735	0.08231196620133918	-0.001256162821437909
7.296620775969963	0.08202374402136403	-0.001220298657934174
7.321652065081352	0.08173559962425792	-0.0011916282207279916
7.3466833541927405	0.0814492069614774	-0.0011683628229817306
7.371714643304131	0.08116526267952029	-0.0011490916828356679
7.39674593241552	0.08088398520644091	-0.0011327961436919248
7.421777221526909	0.08060536991543898	-0.0011187643156278793
7.446808510638299	0.08032931287137313	-0.0011065047808139217
7.471839799749687	0.08005566877093173	-0.0010956808782986716
7.496871088861077	0.0797842766014929	-0.0010860655112542722
7.521902377972466	0.07951497021009946	-0.0010775121543095262
7.546933667083856	0.07924758271456778	-0.0010699365842967157
7.571964956195245	0.07898194730423391	-0.0010633048933860884
7.5969962453066335	0.07871789499754112	-0.0010576271110192131
7.622027534418024	0.07845525125815378	-0.0010529564533587332
7.647058823529412	0.07819383272225089	-0.0010493934339382005
7.672090112640802	0.07793344437049221	-0.0010470948878302244
7.697121401752189	0.07767387769799505	-0.0010462891626879522
7.72215269086358	0.07741491129546763	-0.0010472998317940796
7.74718397997497	0.07715631687519675	-0.0010505816378342664
7.772215269086359	0.07689787705535078	-0.001056774144610459
7.797246558197749	0.0766394279907745	-0.0010667803798488085
7.8222778473091354	0.07638095379116727	-0.001081877555076119
7.8473091364205265	0.07612278678000983	-0.001103857280806947
7.872340425531913	0.07586601416193162	-0.0011351500475658693
7.897371714643305	0.07561323968296563	-0.0011787506625599298
7.922403003754695	0.07536974893360604	-0.0012374192081202329
7.947434292866082	0.0751443391233666	-0.0013111952724288445
7.972465581977473	0.07494704014577724	-0.001393302926730483
7.99749687108886	0.0747815163543546	-0.0014700174108385339
8.022528160200253	0.07464194568921201	-0.001530708595676264
8.047559449311638	0.07452495091960287	-0.0015716367912967932
8.072590738423028	0.07443079238901973	-0.0015805846249554167
8.09762202753442	0.07434156617490295	-0.0015389725696290518
8.122653316645806	0.07422367829219034	-0.0014511550534415246
8.147684605757199	0.07406042333072982	-0.0013458112560218172
8.172715894868585	0.07385937021676625	-0.0012482214404136854
8.197747183979974	0.07363583302567633	-0.0011688296229927786
8.222778473091363	0.07340222473647273	-0.0011081944507386476
8.247809762202753	0.07316610035283766	-0.0010628986979134003
8.272841051314145	0.07293099206708575	-0.0010287407960046513
8.297872340425531	0.07269763480372404	-0.0010024736152174502
8.32290362953692	0.07246562826178149	-0.0009825972512664122
8.34793491864831	0.07223478523513016	-0.0009688141737047157
8.3729662077597	0.0720052965093636	-0.0009612182837853978
8.397997496871088	0.0717774972746188	-0.0009601533212611202
8.423028785982478	0.07155194610029092	-0.0009664100595282027
8.448060075093867	0.07132986481767212	-0.0009813650239571398
8.473091364205256	0.0711139525789779	-0.0010068212894920325
8.498122653316646	0.07090958282542559	-0.0010440091723012412
8.523153942428035	0.07072558246452232	-0.0010906267500659927
8.548185231539424	0.07057125751230053	-0.001135636423761438
8.573216520650814	0.07044542771995665	-0.0011581858162866693
8.598247809762203	0.07032714695412778	-0.0011427143145493063
8.623279098873592	0.07019060028262203	-0.0010971407151780799
8.648310387984981	0.07002795235044701	-0.0010431349967206377
8.67334167709637	0.06984750545159635	-0.000995320549890405
8.69837296620776	0.06965994419879706	-0.0009564211590390309
8.72340425531915	0.06947068739804863	-0.0009229283458458137
8.748435544430539	0.06927972365612689	-0.0008919024217041299
8.773466833541928	0.06908601598787634	-0.0008636312235469623
8.798498122653317	0.06889024713588654	-0.000839395410686769
8.823529411764707	0.06869395214124907	-0.0008195146777330575
8.848560700876096	0.0684983303808746	-0.0008034757677436721
8.873591989987485	0.06830401079210446	-0.0007905434910256692
8.898623279098874	0.06811122753168775	-0.0007800759646978822
8.92365456821026	0.06792000726156111	-0.0007716038608445996
8.948685857321653	0.06773028867112174	-0.0007648211353722956
8.973717146433042	0.0675419949467706	-0.0007595553429690372
8.998748435544432	0.0673550881053071	-0.0007557312506466934
9.023779724655821	0.0671696183141659	-0.0007533093421722148
9.048811013767207	0.06698573590721502	-0.0007521617128935509
9.0738423028786	0.06680354353316353	-0.0007519055527415441
9.098873591989985	0.0666227054617714	-0.0007519619163068175
9.123904881101378	0.06644226274381992	-0.0007521478170891688
9.148936170212767	0.06626125046709319	-0.0007531657315030249
9.173967459324153	0.06607933920025921	-0.0007561888495124236
9.198998748435546	0.06589668415487004	-0.00076232909601541
9.224030037546932	0.06571359491930195	-0.0007726732079420123
9.249061326658325	0.06553053659523123	-0.0007885746993636505
9.27409261576971	0.06534845142568457	-0.0008119064909608009
9.2991239048811	0.06516941825803713	-0.0008451579796050351
9.324155193992492	0.06499780764492868	-0.0008910690683099631
9.349186483103878	0.06484186953039917	-0.0009508907333840161
9.374217772215271	0.06471414099932105	-0.0010197076357705281
9.399249061326657	0.06462534576696477	-0.0010795989609820728
9.424280350438046	0.06456811040660249	-0.0011020739083868608
9.449311639549435	0.06451006384753555	-0.001072534403142325
9.474342928660825	0.06442027685726259	-0.0010081015427282486
9.499374217772218	0.0642935361226673	-0.0009374261739234502
9.524405506883603	0.06414144549195733	-0.0008776775726501984
9.549436795994993	0.06397680570632325	-0.0008335425417537873
9.574468085106382	0.06380853222739091	-0.0008039941219161323
9.599499374217771	0.06364255907211458	-0.0007862179801926411
9.62453066332916	0.0634832034936057	-0.0007761206913301233
9.64956195244055	0.06333243540319877	-0.0007676284303626546
9.67459324155194	0.06318740010753388	-0.0007544439667307862
9.699624530663328	0.06304151898468469	-0.0007349891110371293
9.724655819774718	0.06289051701797277	-0.0007131121759463566
9.749687108886107	0.06273473276856123	-0.0006930810213735678
9.774718397997496	0.06257636723761983	-0.0006767601067370621
9.799749687108886	0.06241724091880485	-0.0006642791505298701
9.824780976220275	0.062258363589153376	-0.0006551983766784897
9.849812265331664	0.062100180248563674	-0.0006490964852725462
9.874843554443054	0.06194284892120372	-0.0006457654331199769
9.899874843554443	0.06178643622870794	-0.0006452643989563328
9.924906132665832	0.06163107504020893	-0.0006479474583726275
9.949937421777221	0.06147715826702971	-0.0006544905096391024
9.97496871088861	0.061325659703234336	-0.0006658702971247682
10.0	0.061178672524606625	-0.0006831100309947491
