-10.0	-0.09910338062867208	-0.0014506062466944358
-9.97496871088861	-0.09946311681664621	-0.001459283980989115
-9.949937421777221	-0.09982655873349255	-0.0014690212735688768
-9.924906132665832	-0.10019331968449396	-0.0014798715911000376
-9.899874843554443	-0.10056320965372212	-0.001491826144824876
-9.874843554443054	-0.10093614637214099	-0.0015049315596549345
-9.849812265331664	-0.10131207062305325	-0.001519335826137308
-9.824780976220275	-0.10169086065085597	-0.0015353115460894073
-9.799749687108886	-0.10207221139047729	-0.0015532604334206612
-9.774718397997496	-0.10245543757788322	-0.0015736476868750543
-9.749687108886107	-0.10283920619539	-0.0015967127512498541
-9.724655819774718	-0.10322146415411826	-0.001621696707294118
-9.699624530663328	-0.1036004408993163	-0.001645720044052723
-9.67459324155194	-0.1039773119811569	-0.0016642101609829762
-9.64956195244055	-0.10435724563009163	-0.0016749460311677733
-9.62453066332916	-0.10474490913583434	-0.0016808834720962451
-9.599499374217771	-0.10514042613033947	-0.0016865383475789114
-9.574468085106382	-0.10554112064235088	-0.0016937558243209777
-9.549436795994993	-0.10594503597156102	-0.00170142933262879
-9.524405506883603	-0.10635266928462794	-0.0017078795738050684
-9.499374217772216	-0.10676569161137461	-0.0017132185972526942
-9.474342928660825	-0.1071846724056913	-0.0017189046050768847
-9.449311639549435	-0.10760895666322146	-0.0017260106392518598
-9.424280350438046	-0.10803768931762914	-0.0017347829954441063
-9.399249061326657	-0.1084703094814019	-0.001745037824327389
-9.37421777221527	-0.1089065499160009	-0.00175649586728642
-9.349186483103878	-0.10934632348509599	-0.001768913066086994
-9.32415519399249	-0.10978963628809257	-0.0017821069494704384
-9.2991239048811	-0.11023653894111884	-0.0017959494615233246
-9.274092615769712	-0.11068710221493294	-0.0018103535185933356
-9.249061326658325	-0.11114140610571877	-0.0018252610469367686
-9.224030037546934	-0.11159953665513722	-0.0018406347799390793
-9.198998748435546	-0.11206158585001535	-0.0018564556095995027
-9.173967459324155	-0.11252764888325739	-0.0018727231547798623
-9.148936170212767	-0.11299782000975345	-0.0018894533929441487
-9.123904881101378	-0.11347219258531016	-0.0019066753516276125
-9.098873591989987	-0.11395086097749019	-0.0019244319590146497
-9.0738423028786	-0.11443392004108244	-0.0019427842037953863
-9.048811013767208	-0.1149214606844664	-0.001961816345820086
-9.023779724655821	-0.1154135598262398	-0.0019816399539163837
-8.998748435544432	-0.11591026252661774	-0.0020023904371638535
-8.973717146433042	-0.11641156156460308	-0.0020242002862269903
-8.948685857321653	-0.11691741237639963	-0.0020471320659168207
-8.923654568210262	-0.1174278676049445	-0.002071126177411897
-8.898623279098874	-0.11794329075313836	-0.0020961796084439793
-8.873591989987485	-0.11846424800890443	-0.0021227741651775045
-8.848560700876096	-0.11899099403686275	-0.0021519858648185036
-8.823529411764707	-0.11952317236203402	-0.0021851892966205516
-8.798498122653317	-0.1200597339735543	-0.00222391071742388
-8.773466833541928	-0.12059855475474546	-0.0022697632862082318
-8.748435544430539	-0.12113563500009317	-0.0023238290186597815
-8.72340425531915	-0.12166453638478547	-0.0023846055203264327
-8.69837296620776	-0.12217847042764429	-0.0024443159265639947
-8.67334167709637	-0.12267808557347859	-0.002488114100537883
-8.648310387984981	-0.12317805822055394	-0.0025047936917988317
-8.623279098873592	-0.12369649112228398	-0.002499540007281878
-8.598247809762203	-0.12423913660962693	-0.002486692706003213
-8.573216520650814	-0.12480176882263105	-0.002475609604056919
-8.548185231539424	-0.12537952729959922	-0.0024693641441662917
-8.523153942428035	-0.12596919962953645	-0.002469060008118626
-8.498122653316646	-0.12656805720095665	-0.0024751419565148675
-8.473091364205256	-0.12717368931078443	-0.0024872451318566358
-8.448060075093867	-0.1277841402858444	-0.002504352638227944
-8.423028785982478	-0.12839792930671567	-0.0025247566076619377
-8.397997496871088	-0.1290146540830479	-0.002545930197861909
-8.3729662077597	-0.12963591200564384	-0.0025655684725956335
-8.34793491864831	-0.1302643963333585	-0.0025834920089928687
-8.32290362953692	-0.13090153270108207	-0.0026013733360044228
-8.297872340425531	-0.13154706156393825	-0.0026207226192195704
-8.272841051314144	-0.13220021187232955	-0.00264210671642659
-8.247809762202753	-0.1328604206179156	-0.002665523908823214
-8.222778473091363	-0.13352740452280987	-0.0026908243115266184
-8.197747183979974	-0.13420102454372795	-0.002717896216687818
-8.172715894868585	-0.1348811347266281	-0.002746697584706248
-8.147684605757197	-0.13556744495299444	-0.002777174882167277
-8.122653316645806	-0.13625945697974995	-0.0028090243050723496
-8.097622027534417	-0.13695672099805645	-0.0028413183230632244
-8.072590738423028	-0.13765964961181254	-0.002872531998353564
-8.047559449311638	-0.13837001119609305	-0.002901726885126979
-8.02252816020025	-0.13908968668885002	-0.0029296369248359433
-7.9974968710888605	-0.1398192566696821	-0.0029577640627449775
-7.972465581977473	-0.14055833648134541	-0.002987076563923108
-7.947434292866082	-0.14130643796656717	-0.003017861695831278
-7.922403003754694	-0.14206330121016464	-0.0030500839958835235
-7.897371714643305	-0.1428288776893405	-0.003083635590470743
-7.872340425531914	-0.14360324851712214	-0.0031184318306197584
-7.8473091364205265	-0.1443865654087535	-0.0031544351882359656
-7.8222778473091354	-0.14517901808437195	-0.003191657723707622
-7.797246558197748	-0.14598081730537338	-0.0032301615160379438
-7.772215269086359	-0.14679218472059752	-0.003270063582673427
-7.7471839799749675	-0.1476133431751805	-0.0033115480445565643
-7.72215269086358	-0.14844450115593855	-0.0033548878217963263
-7.697121401752189	-0.14928582174151117	-0.0034004782685391477
-7.672090112640801	-0.15013735800892292	-0.003448883239075523
-7.647058823529412	-0.15099892015151628	-0.0035008835370718555
-7.622027534418023	-0.15186981384578413	-0.0035574795296797745
-7.596996245306634	-0.15274838041683836	-0.0036196875977005105
-7.571964956195245	-0.15363142236929317	-0.003687726349291723
-7.546933667083856	-0.1545143379136178	-0.0037590327818250446
-7.5219023779724665	-0.15539416775872716	-0.003825940002584613
-7.496871088861077	-0.15627581722565598	-0.003878137950583352
-7.471839799749688	-0.15717221814231852	-0.003912581310265353
-7.446808510638299	-0.15809307411471174	-0.003937155159146055
-7.421777221526909	-0.15903866455853866	-0.003961396566851835
-7.39674593241552	-0.16000499785997935	-0.003989923073183174
-7.371714643304131	-0.1609887294765402	-0.004023711843179817
-7.346683354192741	-0.1619878749808379	-0.004062533933750043
-7.321652065081352	-0.1630013043714431	-0.004105826304656418
-7.296620775969963	-0.16402847784027763	-0.00415294472365807
-7.2715894868585735	-0.16506927057850085	-0.004203329448186494
-7.246558197747184	-0.16612380377129643	-0.004256579415297668
-7.221526908635795	-0.16719231759517594	-0.004312457479108953
-7.196495619524406	-0.16827508448658346	-0.004370872990233268
-7.171464330413016	-0.16937233540839713	-0.004431861175746843
-7.146433041301627	-0.1704841688469898	-0.004495547147126119
-7.121401752190238	-0.17161042608735855	-0.0045620394764673555
-7.0963704630788484	-0.17275059681758087	-0.004631137400709862
-7.071339173967459	-0.1739040696621279	-0.004701793072821259
-7.04630788485607	-0.17507120291403044	-0.004771894062692683
-7.0212765957446805	-0.1762544272782609	-0.004839660551781394
-6.996245306633291	-0.1774569722794137	-0.004905680333396084
-6.971214017521902	-0.17868038739338132	-0.004972212203440102
-6.946182728410513	-0.17992448050255394	-0.005041011328353051
-6.921151439299123	-0.18118866789762134	-0.005112725803024271
-6.896120150187734	-0.18247267002394985	-0.005187384108091442
-6.871088861076345	-0.18377655685343797	-0.005264833612672756
-6.8460575719649555	-0.18510062652548775	-0.005344924123031836
-6.821026282853566	-0.18644530561585526	-0.005427555034694803
-6.795994993742177	-0.18781109232415982	-0.005512675694470365
-6.770963704630788	-0.18919852799762626	-0.005600275020222686
-6.745932415519399	-0.19060818381529643	-0.005690371309365422
-6.720901126408009	-0.19204065506551604	-0.0057830045310715145
-6.69586983729662	-0.19349655918682807	-0.00587823103597615
-6.670838548185231	-0.1949765355781734	-0.0059761202006436975
-6.645807259073841	-0.1964812460493901	-0.0060767523198315965
-6.620775969962453	-0.19801137565156068	-0.006180217049464767
-6.595744680851063	-0.19956763399156063	-0.006286612310336698
-6.570713391739676	-0.20115075680232675	-0.00639604372454429
-6.545682102628285	-0.20276150758205969	-0.006508624413847225
-6.520650813516897	-0.2044006792831361	-0.006624475054932341
-6.495619524405506	-0.20606909596696088	-0.006743724119153874
-6.470588235294117	-0.20776761444871994	-0.006866508096290122
-6.445556946182729	-0.20949712614391203	-0.006992971692808769
-6.420525657071338	-0.21125855912202152	-0.007123268172154612
-6.395494367959951	-0.21305288025387092	-0.007257559832218097
-6.37046307884856	-0.21488109745383976	-0.007396018538706903
-6.34543178973717	-0.21674426208847297	-0.007538826291488873
-6.320400500625783	-0.21864347161769349	-0.007686175889297264
-6.295369211514392	-0.2205798723965824	-0.007838271813770628
-6.270337922403004	-0.22255466244321287	-0.007995331218485183
-6.245306633291613	-0.22456909433929262	-0.00815758474010922
-6.2202753441802265	-0.22662447858588664	-0.008325277295740716
-6.195244055068836	-0.22872218731100968	-0.008498669125262356
-6.170212765957448	-0.23086365818284627	-0.00867803702418947
-6.145181476846059	-0.23305039856468834	-0.00886367568247981
-6.120150187734667	-0.23528398998223565	-0.009055899128163666
-6.09511889862328	-0.23756609294809117	-0.009255042300531771
-6.070087609511891	-0.23989845217994432	-0.009461462775970597
-6.0450563204005014	-0.2422829022486006	-0.009675542667110543
-6.020025031289112	-0.24472137369762148	-0.009897690716325291
-5.994993742177721	-0.24721589968082647	-0.01012834460670485
-5.9699624530663336	-0.24976862317000403	-0.010367973516618556
-5.9449311639549425	-0.2523818047907831	-0.010617080947507435
-5.919899874843555	-0.2550578313519427	-0.010876207858303164
-5.894868585732166	-0.25779922513952425	-0.011145936143188734
-5.869837296620776	-0.2606086540572079	-0.011426892490528515
-5.844806007509387	-0.2634889427112368	-0.011719752657948099
-5.819774718397998	-0.2664430845815149	-0.012025246202704912
-5.7947434292866085	-0.26947425548307	-0.012344161778035864
-5.769712140175219	-0.27258582843875523	-0.012677353277671416
-5.74468085106383	-0.2757813897448367	-0.013025746972039329
-5.719649561952441	-0.27906475627927296	-0.013390349194472628
-5.694618272841051	-0.2824399948941183	-0.013772254545627555
-5.669586983729662	-0.2859114442615196	-0.014172655346206833
-5.644555694618273	-0.2894837390192784	-0.01459285262917416
-5.619524405506883	-0.2931618364073145	-0.015034268639647089
-5.594493116395494	-0.296951045840788	-0.015498460988096305
-5.569461827284105	-0.3008570618874504	-0.015987138779559457
-5.5444305381727155	-0.3048860010600327	-0.016502181122178494
-5.519399249061326	-0.3090444428449315	-0.017045658333555216
-5.494367959949937	-0.31333947567700093	-0.017619856165085504
-5.469336670838549	-0.3177787487244652	-0.01822730370087075
-5.444305381727158	-0.32237053023755013	-0.018870805719617814
-5.419274092615769	-0.3271237733520751	-0.019553480277394286
-5.3942428035043815	-0.3320481905060664	-0.02027880242345953
-5.36921151439299	-0.3371543378676991	-0.021050655202522445
-5.344180225281603	-0.3424537114688819	-0.021873389403926802
-5.319148936170212	-0.34795885702363716	-0.022751894030662023
-5.2941176470588225	-0.3536834953696104	-0.02369167996175703
-5.269086357947435	-0.3596426656976446	-0.02469897909933401
-5.244055068836044	-0.36585289031044166	-0.025780861718660175
-5.219023779724656	-0.37233236543379	-0.026945376839794893
-5.193992490613266	-0.37910118225859524	-0.028201721556870424
-5.168961201501876	-0.38618158338389197	-0.029560445915539635
-5.1439299123904885	-0.39359826143665	-0.03103370182023718
-5.1188986232791	-0.40137870810558507	-0.03263554713804814
-5.09386733416771	-0.40955362350124513	-0.03438231950475104
-5.06883604505632	-0.4181573978596038	-0.03629309872594111
-5.043804755944931	-0.42722868020925553	-0.03839028258217071
-5.018773466833542	-0.43681105179456114	-0.040700308900924215
-4.993742177722154	-0.44695382587530297	-0.0432545678379969
-4.968710888610763	-0.45771300001194337	-0.04609056376080506
-4.943679599499373	-0.469152391802111	-0.04925340777739365
-4.918648310387985	-0.4813449940592056	-0.05279775204584711
-4.893617021276597	-0.49437459091451874	-0.05679031999491119
-4.868585732165207	-0.5083376798387089	-0.06131325030336163
-4.843554443053817	-0.5233457412308624	-0.06646856517887628
-4.818523153942427	-0.5395278818028801	-0.07238420933777318
-4.793491864831038	-0.557033836531474	-0.07922231008412717
-4.768460575719651	-0.5760372168688601	-0.08719061731718529
-4.7434292866082615	-0.5967386823165404	-0.09655855040630326
-4.71839799749687	-0.6193682703363317	-0.1076799890202561
-4.69336670838548	-0.6441852025934542	-0.12102600801844536
-4.668335419274092	-0.6714715900111661	-0.13723228327587286
-4.643304130162704	-0.70151254652195	-0.1571678537323036
-4.618272841051315	-0.7345472099146302	-0.1820336126219961
-4.593241551939924	-0.7706592482427661	-0.2134972346700185
-4.568210262828536	-0.8095464938812875	-0.25385583384730104
-4.543178973717147	-0.85006969360288	-0.3061595534480404
-4.518147684605758	-0.8894822526721744	-0.3740722110557294
-4.4931163954943685	-0.9224975044710937	-0.46099170562375336
-4.468085106382977	-0.9411520402109956	-0.5681079089104545
-4.44305381727159	-0.936764411861418	-0.6928212479440384
-4.418022528160201	-0.9019584769534581	-0.8302873619730057
-4.392991239048811	-0.827896354633999	-0.9748746833107705
-4.367959949937422	-0.7018442991459524	-1.1134902360763694
-4.342928660826031	-0.5179117680837773	-1.217914862814186
-4.317897371714643	-0.29282724455234543	-1.2546746234626198
-4.292866082603254	-0.06474113345314869	-1.2054759802651231
-4.267834793491865	0.12221141951883485	-1.079038197963042
-4.2428035043804755	0.23875669863920645	-0.909807228868024
-4.217772215269086	0.2845113794651706	-0.7386647761271738
-4.192740926157699	0.2795332310562628	-0.5915198959331553
-4.167709637046308	0.24643801541755384	-0.4756990147412937
-4.142678347934918	0.20108904165613506	-0.3880781107701723
-4.117647058823529	0.15224754665076556	-0.32255367232436816
-4.09261576971214	0.10406551431974354	-0.27344302104229246
-4.067584480600752	0.058225865062589754	-0.23635144026108115
-4.042553191489361	0.015210175159414252	-0.20809905130259845
-4.017521902377972	-0.025046105828986143	-0.18643508505988898
-3.9924906132665825	-0.06283502917196326	-0.16977144048387333
-3.967459324155193	-0.09852695625034569	-0.15698264177435348
-3.9424280350438052	-0.1325037951414263	-0.14726620501068027
-3.917396745932415	-0.1651317284553282	-0.140047721521245
-3.8923654568210257	-0.1967526228319132	-0.13491688805939334
-3.867334167709638	-0.22768409633344167	-0.13158453539587542
-3.8423028785982494	-0.25822344744624104	-0.1298539599291907
-3.8172715894868587	-0.2886531899730018	-0.12960220550011375
-3.7922403003754686	-0.3192471755848505	-0.13076855007137425
-3.7672090112640793	-0.35027688174982385	-0.13334856163690434
-3.7421777221526913	-0.382017709947009	-0.13739289564216534
-3.717146433041303	-0.41475521570054186	-0.14301066185004865
-3.6921151439299127	-0.44879111642958414	-0.1503778125781716
-3.6670838548185225	-0.48444865339816934	-0.159751707298828
-3.6420525657071328	-0.522076272748452	-0.17149390392786204
-3.617021276595745	-0.5620473007503133	-0.18610442008605635
-3.5919899874843564	-0.6047506054489196	-0.20427220838969043
-3.566958698372966	-0.650561701585084	-0.22694797165769084
-3.541927409261576	-0.6997726033415654	-0.255444706931331
-3.5168961201501876	-0.7524378005609806	-0.29156154158868375
-3.4918648310387996	-0.8080621114707545	-0.33768702525617034
-3.46683354192741	-0.8650430391146107	-0.39672270836860035
-3.4418022528160197	-0.9199328319147231	-0.4714377305126911
-3.4167709637046295	-0.9672377550412761	-0.562782475094538
-3.391739674593241	-1.0013991141990783	-0.6678557285798047
-3.366708385481853	-1.0211580101593918	-0.7809106016507965
-3.341677096370464	-1.0310394550704074	-0.8998271523075169
-3.3166458072590737	-1.0339530954314644	-1.0314236802709966
-3.291614518147683	-1.0216993525413893	-1.185697144644574
-3.2665832290362946	-0.9754231656735945	-1.363862083510795
-3.2415519399249066	-0.8758640928826251	-1.5507329584522516
-3.2165206508135173	-0.7185109233176434	-1.7180577833837036
-3.191489361702127	-0.5203228606667909	-1.8433319468183742
-3.166458072590739	-0.3018107663853695	-1.9253922321517791
-3.14142678347935	-0.06676758384579173	-1.9701181570130961
-3.11639549436796	0.1881836313834433	-1.9689773258882597
-3.091364205256571	0.4520325827170595	-1.9020543210693295
-3.0663329161451807	0.6927576209334547	-1.75895210539053
-3.0413016270337927	0.8745245700236692	-1.5565558929744614
-3.0162703379224034	0.982683790385694	-1.3300681132486907
-2.991239048811014	1.024910273043465	-1.1093001989226263
-2.966207759699625	1.0163054779525211	-0.9111426667580039
-2.941176470588234	0.9724415246803702	-0.7442466041180295
-2.916145181476846	0.9083875996712871	-0.6108333436362317
-2.891113892365457	0.8361717175722956	-0.5075835131768812
-2.8660826032540676	0.7632233445746901	-0.428647229319814
-2.8410513141426783	0.693193003754383	-0.3682576980686336
-2.816020025031289	0.6274554740579132	-0.32176715098062947
-2.790988735919901	0.5662277648761695	-0.2857264735179369
-2.7659574468085104	0.5092016433636783	-0.2576561274965181
-2.740926157697121	0.45586060229794656	-0.23579136629697003
-2.715894868585732	0.4056275770727389	-0.21887980617914812
-2.6908635794743425	0.3579284855623044	-0.20603709358429342
-2.6658322903629545	0.3122153057155721	-0.19664872084701387
-2.6408010012515644	0.26797013980034956	-0.19030536318656924
-2.615769712140175	0.22470061359156368	-0.186762310882764
-2.5907384230287853	0.1819316115107319	-0.18591691124732132
-2.565707133917396	0.13919589741262461	-0.18780068552306997
-2.540675844806008	0.09602527622090662	-0.19258505882637852
-2.515644555694618	0.05194412460622022	-0.20060173806395912
-2.4906132665832286	0.006468452688608295	-0.21238099694880044
-2.4655819774718406	-0.04088312224824042	-0.22871365945322011
-2.440550688360452	-0.09055328928501316	-0.2507451004586967
-2.4155193992490616	-0.14285787599975208	-0.28011005035849823
-2.3904881101376714	-0.1977928109008631	-0.31910789058993416
-2.365456821026282	-0.25464388328066834	-0.37087760063173913
-2.340425531914894	-0.3112839010905162	-0.43941336497411543
-2.3153942428035057	-0.36317565185548095	-0.5290433075262936
-2.2903629536921155	-0.40261826244224075	-0.6429548633825827
-2.2653316645807253	-0.41918772541832405	-0.7811979942298215
-2.2403003754693356	-0.4010901610944768	-0.9393180628905221
-2.2152690863579476	-0.3367839373386188	-1.106898879642868
-2.190237797246559	-0.21906227322163518	-1.2666156985015196
-2.165206508135169	-0.04930090601771342	-1.3980513219507722
-2.140175219023779	0.16373724650774335	-1.4819263574523756
-2.1151439299123904	0.4033102334749845	-1.4997154055143476
-2.0901126408010025	0.6397378097263582	-1.440111015613341
-2.0650813516896127	0.8378223437315513	-1.3124009054143555
-2.0400500625782225	0.9763401433779215	-1.1450418006982206
-2.0150187734668323	1.055169061901418	-0.9673983061526145
-1.989987484355444	1.0845605172234096	-0.7982464935652895
-1.9649561952440555	1.076181546690803	-0.648588328938728
-1.939924906132667	1.042602589811373	-0.5245134068761157
-1.914893617021277	0.9959271003271879	-0.42649099579130756
-1.8898623279098858	0.9449718342497877	-0.35086022040180664
-1.8648310387984974	0.8947270603488979	-0.2927249542235322
-1.839799749687109	0.8474872288310666	-0.24769456875370963
-1.8147684605757206	0.8040537520622406	-0.21236686460649454
-1.7897371714643304	0.7645057331882823	-0.18425035606694193
-1.764705882352942	0.7286101524889541	-0.16155165205889602
-1.7396745932415527	0.6960220322625634	-0.14297883779344236
-1.7146433041301625	0.6663766613061903	-0.1275928622508027
-1.6896120150187741	0.6393291832468502	-0.11470261752418734
-1.664580725907384	0.6145692548283068	-0.10379250842141477
-1.6395494367959955	0.5918242535020437	-0.09447259705007
-1.6145181476846062	0.5708575097870856	-0.08644407611848184
-1.589486858573217	0.5514646391720492	-0.07947511005708224
-1.5644555694618276	0.5334694011455157	-0.07338372424024928
-1.5394242803504374	0.5167197160476373	-0.06802553080723656
-1.514392991239049	0.5010840875514835	-0.06328481155886903
-1.4893617021276597	0.48644849829626846	-0.05906795955526348
-1.4643304130162704	0.4727137651994895	-0.05529859845807955
-1.4392991239048811	0.4597933083433907	-0.05191390972856916
-1.4142678347934918	0.44761127779427556	-0.048861839564769693
-1.3892365456821025	0.43610098371436634	-0.046098953749960564
-1.3642052565707132	0.42520358046888096	-0.04358877473448655
-1.339173967459324	0.41486696211653107	-0.041300481239658265
-1.3141426783479346	0.4050448333133181	-0.03920788297293662
-1.2891113892365453	0.39569592567311784	-0.037288605987832596
-1.264080100125157	0.38678333482538885	-0.03552344069033897
-1.2390488110137667	0.378273957786162	-0.03389581643211223
-1.2140175219023774	0.3701380138863568	-0.032391375367506
-1.1889862327909881	0.36234863548460017	-0.030997624703544502
-1.1639549436795988	0.35488151713075733	-0.02970365127758484
-1.1389236545682104	0.3477146138376743	-0.028499886006314756
-1.1138923654568202	0.34082788074198866	-0.027377908480928526
-1.0888610763454318	0.3342030477599476	-0.02633028406575294
-1.0638297872340434	0.3278234239265001	-0.025350427456455993
-1.0387984981226523	0.32167372699220587	-0.024432487889935933
-1.013767209011264	0.315739934579609	-0.023571252159456393
-0.9887359198998737	0.31000915379873617	-0.022762062341156797
-0.9637046307884853	0.3044695067150278	-0.02200074573056393
-0.9386733416770969	0.2991100294707021	-0.021283554956741668
-0.9136420525657085	0.29392058319961056	-0.02060711661505231
-0.8886107634543183	0.28889177515705744	-0.019968387058130546
-0.8635794743429273	0.28401488872128944	-0.019364614224714652
-0.8385481852315388	0.2792818211202568	-0.018793304579886247
-0.8135168961201504	0.2746850279022023	-0.018252194397537766
-0.788485607008762	0.27021747330808044	-0.017739224744065488
-0.7634543178973718	0.2658725858208011	-0.01725251962711405
-0.7384230287859816	0.2616442182660642	-0.01679036685934901
-0.7133917396745932	0.2575266119236952	-0.016351201258242604
-0.6883604505632039	0.2535143641802592	-0.015933589861629932
-0.6633291614518155	0.24960239931510875	-0.015536218887642991
-0.6382978723404253	0.2457859420642481	-0.015157882208279572
-0.6132665832290352	0.24206049365153737	-0.01479747113994094
-0.5882352941176467	0.2384218100152059	-0.014453965382778891
-0.5632040050062583	0.23486588199116332	-0.014126424964757148
-0.5381727158948699	0.2313889172430511	-0.013813983066592636
-0.5131414267834788	0.22798732375400776	-0.013515839620921344
-0.48811013767208866	0.2246576947166491	-0.013231255593635569
-0.46307884856070025	0.22139679467654572	-0.012959547867747723
-0.43804755944931184	0.21820154680042558	-0.012700084660734648
-0.41301627033792343	0.2150690211550822	-0.012452281415440108
-0.38798498122653324	0.2119964238947626	-0.012215597112373897
-0.36295369211514483	0.20898108726609543	-0.011989530958009975
-0.33792240300375376	0.2060204603488281	-0.01177361940947895
-0.31289111389236535	0.20311210045897748	-0.011567433501077487
-0.28785982478097694	0.20025366514830184	-0.011370576442418859
-0.26282853566958675	0.19744290474033832	-0.011182681461853056
-0.23779724655819834	0.19467765534894665	-0.011003409872147901
-0.21276595744680904	0.19195583232978525	-0.010832449338342903
-0.18773466833541974	0.1892754241199826	-0.010669512330322276
-0.16270337922403044	0.1866344864245217	-0.010514334744952544
-0.13767209011264026	0.18403113671123444	-0.01036667468468759
-0.11264080100125184	0.1814635489792069	-0.010226311381442574
-0.08760951188986255	0.17892994876751003	-0.01009304425619749
-0.06257822277847325	0.17642860837342766	-0.009966692106372521
-0.03754693366708395	0.17395784225096111	-0.009847092414451586
-0.01251564455569465	0.17151600256166288	-0.009734100772692433
0.01251564455569465	0.16910147485106153	-0.009627590420053997
0.03754693366708395	0.16671267382447397	-0.009527451888726099
0.06257822277847325	0.16434803919689397	-0.009433592758904652
0.08760951188986255	0.16200603159140414	-0.009345937521677755
0.11264080100125184	0.15968512846075733	-0.009264427551166063
0.13767209011264114	0.15738382000639015	-0.009189021188398816
0.16270337922403044	0.1551006050683647	-0.0091196939407973
0.18773466833541974	0.15283398695887218	-0.009056438802654873
0.21276595744680726	0.1505824692104688	-0.008999266703648492
0.23779724655819834	0.14834455120861237	-0.00894820709425967
0.26282853566958764	0.1461187236758969	-0.00890330867901798
0.28785982478097694	0.14390346397272813	-0.008864640310810967
0.31289111389236623	0.14169723117619087	-0.00883229206216822
0.33792240300375376	0.13949846089490098	-0.008806376492465628
0.36295369211514483	0.13730555977348408	-0.008787030133576332
0.38798498122653235	0.13511689963483464	-0.008774415220621792
0.41301627033792343	0.13293081120229955	-0.008768721699354234
0.43804755944931273	0.13074557733674258	-0.00877016954747685
0.46307884856070025	0.12855942571471868	-0.008779011453998883
0.4881101376720913	0.12637052086421718	-0.008795535908895369
0.5131414267834788	0.12417695546253915	-0.008820070765073379
0.5381727158948699	0.12197674078703036	-0.008852987346359725
0.5632040050062574	0.11976779619305722	-0.008894705189390409
0.5882352941176467	0.11754793747420655	-0.008945697524433235
0.6132665832290378	0.11531486393691048	-0.009006497621097523
0.6382978723404253	0.113066143994348	-0.009077706150454432
0.6633291614518164	0.11079919905219526	-0.009159999746546896
0.6883604505632039	0.10851128542015331	-0.009254140989082296
0.7133917396745932	0.10619947393692575	-0.009360990077296266
0.7384230287859808	0.10386062694087528	-0.009481518525025198
0.7634543178973718	0.10149137215179926	-0.009616825282353497
0.7884856070087629	0.09908807294875921	-0.009768155784084187
0.8135168961201504	0.0966467944314231	-0.009936924545579512
0.8385481852315397	0.09416326453407364	-0.010124742079851742
0.8635794743429273	0.09163282931757422	-0.010333447106513655
0.8886107634543183	0.08905040138915155	-0.01056514527716429
0.9136420525657059	0.08641040018542201	-0.010822255971952674
0.9386733416770969	0.08370668259204961	-0.011107569154309563
0.9637046307884862	0.08093246205195614	-0.011424314840916328
0.9887359198998737	0.07808021392138276	-0.01177624850194553
1.0137672090112648	0.07514156435305863	-0.012167756722508347
1.0387984981226523	0.07210715940214807	-0.012603988829849727
1.0638297872340434	0.06896651034721746	-0.013091022065056065
1.088861076345431	0.06570781038185758	-0.013636070459864785
1.1138923654568202	0.06231771686214227	-0.014247751171560269
1.1389236545682113	0.05878109221682748	-0.014936427080057185
1.1639549436795988	0.055080695526105394	-0.015714651631288046
1.18898623279099	0.051196815856122235	-0.016597752232997254
1.2140175219023774	0.047106838144646	-0.017604603520344833
1.2390488110137667	0.042784733688487675	-0.01875866389616121
1.264080100125156	0.038200471943912184	-0.020089381624584637
1.2891113892365453	0.03331936214544107	-0.02163412621520519
1.3141426783479364	0.02810135965329419	-0.02344087593197558
1.339173967459324	0.022500428042413922	-0.025572006983112683
1.3642052565707132	0.01646416447370913	-0.028109705214036773
1.3892365456821025	0.009934136071822364	-0.031163785758604567
1.4142678347934918	0.00284787012860388	-0.03488309125042513
1.4392991239048811	-0.004855536030532903	-0.03947214697435367
1.4643304130162704	-0.013222109053229403	-0.04521523541415867
1.4893617021276597	-0.022253636475277006	-0.05250981991948725
1.514392991239049	-0.031845649659467234	-0.06190784836434979
1.5394242803504383	-0.04166269378454124	-0.07414951548520202
1.5644555694618276	-0.0509095780034905	-0.09013157133855754
1.589486858573217	-0.05799436310009498	-0.11065714664493595
1.6145181476846044	-0.0602926756573996	-0.13571644557217113
1.6395494367959955	-0.054678299399193664	-0.16328518839072073
1.6645807259073848	-0.039564053423133405	-0.18865951955241753
1.6896120150187741	-0.017528177875475448	-0.2063911786414158
1.7146433041301634	0.005306713857260226	-0.21466603082504312
1.739674593241551	0.024033003530369967	-0.21649972669663267
1.764705882352942	0.037287597964600794	-0.21648337202998105
1.7897371714643295	0.046688662894055266	-0.21876138993100472
1.8147684605757206	0.05647464532515678	-0.22528518830324532
1.83979974968711	0.07111282956960618	-0.23394167065924878
1.8648310387984974	0.09170948611330476	-0.2397861771990514
1.8898623279098885	0.11517308953350924	-0.23901895898538691
1.914893617021276	0.13719283317580522	-0.23157169008040737
1.939924906132667	0.15538423193633522	-0.21983840378706168
1.9649561952440546	0.16957637106665313	-0.2062350922151208
1.989987484355444	0.18067328444839093	-0.1920607393693279
2.015018773466835	0.18943304170815756	-0.17758202710619084
2.0400500625782225	0.19618502474346156	-0.162874775372333
2.065081351689613	0.20123958150528676	-0.1478910089420636
2.090112640801001	0.2045434881678787	-0.1322586682705343
2.1151439299123904	0.2053963709558908	-0.115888369596584
2.1401752190237784	0.2030216211940994	-0.09953295219201566
2.165206508135169	0.1973883644658443	-0.08451819313613351
2.1902377972465596	0.18935948884512666	-0.07187877865779296
2.2152690863579476	0.18007438965500144	-0.06188245856260194
2.240300375469337	0.1703952482546769	-0.05424410343796551
2.265331664580725	0.16079554688748443	-0.04850450601038042
2.2903629536921155	0.1514721282337601	-0.0442412796006931
2.315394242803503	0.14246879539216462	-0.04112936331074843
2.340425531914894	0.13375465271588194	-0.0389379792905285
2.3654568210262834	0.1252651121255992	-0.037512162132742444
2.3904881101376714	0.11692136885355708	-0.036755678118311624
2.415519399249062	0.10863893393684076	-0.03661927972276677
2.4405506883604495	0.100331018215432	-0.03709443045975658
2.4655819774718406	0.09190989334099342	-0.03821204274348364
2.490613266583228	0.08328825078827329	-0.040046153098014375
2.515644555694618	0.07438258858721403	-0.04272310380154237
2.5406758448060085	0.06512180208148521	-0.046437434593159466
2.565707133917396	0.05546703895626415	-0.0514758432592812
2.590738423028787	0.04545478185934737	-0.0582486458457655
2.6157697121401746	0.035285424088504325	-0.06731908377123769
2.6408010012515644	0.025490741691185814	-0.07939106257527037
2.665832290362953	0.017194756640083853	-0.09514145600942972
2.6908635794743425	0.012321560097563466	-0.11468083932678594
2.7158948685857336	0.013165759591565962	-0.13659454313907715
2.740926157697121	0.020650317369816484	-0.1575978079730346
2.765957446808511	0.03268676342396937	-0.17462244842609928
2.7909887359198997	0.04589546237299391	-0.18774755949140662
2.816020025031289	0.05931202889676834	-0.199502562078651
2.841051314142678	0.07507569481855514	-0.2110629231663094
2.8660826032540676	0.09510263099089489	-0.22019407672996025
2.8911138923654573	0.11801696889188484	-0.22365339568930262
2.916145181476846	0.14034248034637642	-0.22063030609219628
2.9411764705882355	0.15945161861217905	-0.212747959948368
2.9662077596996244	0.1743854928034123	-0.20241110019540734
2.991239048811014	0.18580754576521086	-0.19174582438888257
3.0162703379224016	0.195202462820105	-0.18140534061549116
3.0413016270337927	0.2031669515753456	-0.1709215412652433
3.066332916145182	0.20943314158823423	-0.1603370207842357
3.091364205256571	0.21420160162445123	-0.1503021340991905
3.1163954943679606	0.21828324118361708	-0.1410040990552898
3.141426783479348	0.22222423842612082	-0.13193345137790255
3.166458072590739	0.22598687599648137	-0.12254896939028076
3.1914893617021267	0.22937400135361408	-0.1125316075546764
3.2165206508135173	0.23202324873195845	-0.1015267051899682
3.241551939924907	0.23313092734183494	-0.08947048521034631
3.2665832290362946	0.23194164729846234	-0.077040790103452
3.2916145181476857	0.22836080282193727	-0.06529341593491492
3.316645807259073	0.22292762174350367	-0.055067377960247826
3.341677096370464	0.21644757518510938	-0.046701376721432625
3.366708385481852	0.20961994409778173	-0.040090676725911656
3.391739674593241	0.20287988974519688	-0.0349256055478058
3.416770963704632	0.19643676190754578	-0.03087900876198446
3.4418022528160197	0.190363707342331	-0.027680785020395116
3.4668335419274103	0.18466513540536855	-0.025127700736773978
3.4918648310387983	0.1793148517990022	-0.023071903641936245
3.5168961201501876	0.17427509672061037	-0.021406749990905402
3.5419274092615756	0.1695053678565519	-0.020055234788597887
3.566958698372966	0.16496618353517212	-0.01896161465565012
3.591989987484357	0.16062042751000627	-0.01808561347040631
3.617021276595745	0.15643356607312464	-0.017398498441534363
3.642052565707134	0.15237335478126912	-0.01688047191528337
3.667083854818522	0.14840932466849166	-0.016518998839956445
3.6921151439299127	0.14451217995506926	-0.016307828594554652
3.7171464330413	0.1406531641733384	-0.01624657328010083
3.7421777221526913	0.13680341827759657	-0.01634078467004066
3.7672090112640806	0.1329333446462062	-0.016602541836753984
3.7922403003754686	0.1290119996475081	-0.017051633546433992
3.817271589486859	0.1250065690579225	-0.01771750716441807
3.8423028785982467	0.12088205154458853	-0.018642275048549165
3.867334167709638	0.11660142320056366	-0.019885240187512143
3.8923654568210253	0.11212686051679288	-0.021529646346674147
3.917396745932415	0.10742322716371921	-0.023692678550522178
3.9424280350438057	0.10246632537983169	-0.026540054266080415
3.967459324155193	0.0972610491725554	-0.03030644552823783
3.9924906132665843	0.09187968544145342	-0.03532098944221407
4.017521902377972	0.08653914472134883	-0.04202875809612122
4.042553191489361	0.08174373350467956	-0.05097279853989453
4.06758448060075	0.07849817276270077	-0.06264005716230076
4.09261576971214	0.07845373583613569	-0.07700921333408134
4.117647058823531	0.08354477783662428	-0.09282868869219874
4.142678347934918	0.09480203870580883	-0.10738513177844217
4.167709637046308	0.11129662676821095	-0.11756116045229414
4.192740926157697	0.13035311725558163	-0.12135271217820603
4.217772215269086	0.1487844022880891	-0.11875718196444615
4.2428035043804755	0.16441491951321296	-0.1113758355875949
4.267834793491865	0.1765028968389375	-0.10107255150062733
4.292866082603254	0.18509084360988837	-0.08920353966760411
4.317897371714643	0.1903607896026669	-0.07665256190735278
4.342928660826033	0.1924306935358615	-0.06421940645089755
4.367959949937422	0.19164267672878044	-0.05282165741952671
4.392991239048811	0.18878080664725072	-0.0431746946822274
4.418022528160199	0.1847856530231633	-0.035474999390070594
4.44305381727159	0.18038639126305345	-0.02950672661905379
4.468085106382979	0.17600695197440075	-0.024909889143182692
4.4931163954943685	0.1718469053007281	-0.021345605988612
4.518147684605758	0.16797950718362475	-0.018546885868196875
4.543178973717145	0.1644162291011213	-0.016317040072620415
4.568210262828536	0.16114143873212683	-0.01451426166521709
4.593241551939924	0.1581294151822661	-0.013036421832622117
4.618272841051315	0.15535223631297956	-0.01180936211405366
4.643304130162704	0.15278320481805974	-0.010778574293608012
4.668335419274092	0.1503981566705761	-0.009903445607574682
4.693366708385483	0.14817579257099478	-0.00915329795578497
4.71839799749687	0.14609758044168153	-0.008504647641183444
4.7434292866082615	0.1441474894737942	-0.007939290552387249
4.768460575719649	0.14231167702746994	-0.0074429479815093375
4.793491864831038	0.1405781825672081	-0.007004296993132125
4.818523153942429	0.1389366511240242	-0.006614267557459391
4.843554443053817	0.13737809313210558	-0.006265525985391859
4.868585732165208	0.13589467906099895	-0.005952090144098601
4.8936170212765955	0.13447956520565807	-0.005669040254615482
4.918648310387985	0.13312674724194729	-0.005412299585630179
4.943679599499372	0.13183093762443043	-0.005178466284482541
4.968710888610763	0.13058746287077927	-0.00496468307459455
4.9937421777221545	0.12939217732805552	-0.0047685353927958
5.018773466833542	0.12824139060262763	-0.004587971115209782
5.043804755944931	0.1271318063229261	-0.004421236815245616
5.068836045056319	0.12606047030875445	-0.00426682678617378
5.09386733416771	0.12502472655894614	-0.004123441998411206
5.118898623279097	0.124022179749538	-0.003989956849510215
5.1439299123904885	0.12305066316598445	-0.0038653920735342434
5.168961201501878	0.12210821118224668	-0.003748892556104305
5.193992490613265	0.12119303555408223	-0.003639709087397955
5.219023779724656	0.1203035049200718	-0.003537183303186933
5.244055068836044	0.11943812700643353	-0.0034407352322163576
5.269086357947435	0.11859553311585547	-0.003349853000458314
5.2941176470588225	0.11777446454966878	-0.0032640843496182376
5.319148936170212	0.11697376067010357	-0.0031830297173282007
5.344180225281603	0.11619234835966186	-0.0031063367072761555
5.36921151439299	0.11542923268012739	-0.003033695857005414
5.3942428035043815	0.11468348858293087	-0.0029648376981859653
5.419274092615769	0.11395425358364442	-0.0028995312107661236
5.444305381727158	0.11324072140779329	-0.002837583915132391
5.469336670838548	0.11254213678073022	-0.002778844048713841
5.494367959949937	0.11185779185028455	-0.002723205565962436
5.519399249061328	0.11118702536247582	-0.002670617112191992
5.5444305381727155	0.11052922699992962	-0.0026210966363758165
5.569461827284105	0.1098838519505625	-0.0025747537051547253
5.594493116395494	0.10925045619973162	-0.002531820905272014
5.619524405506883	0.10862877360599477	-0.002492690645393744
5.644555694618273	0.10801887356287043	-0.002457933897000289
5.669586983729662	0.1074214538710736	-0.0024282157316231068
5.694618272841051	0.1068382689717513	-0.002403871284265044
5.719649561952441	0.10627232024537481	-0.0023837124911018637
5.74468085106383	0.10572644582969026	-0.0023631199939183195
5.769712140175219	0.1051990127251452	-0.0023342041104778694
5.7947434292866085	0.1046812755783133	-0.0022920428876507942
5.819774718397996	0.1041638788065713	-0.002240453607392695
5.844806007509387	0.1036443261631197	-0.002187286011573461
5.869837296620776	0.10312525403460349	-0.0021375562983725754
5.894868585732166	0.10260989089381667	-0.0020926497150020734
5.919899874843555	0.10210030140748216	-0.0020522036497403057
5.9449311639549425	0.10159747495912796	-0.0020154248899527244
5.9699624530663336	0.10110176033115614	-0.001981586412724029
5.994993742177721	0.10061318144265474	-0.001950139100060394
6.020025031289112	0.10013161321422093	-0.0019207019922683477
6.0450563204005014	0.09965687333185791	-0.0018930299094964687
6.07008760951189	0.09918877416958782	-0.0018669865683969694
6.09511889862328	0.09872716324416775	-0.0018425262816731264
6.120150187734667	0.09827197279710465	-0.001819674519244599
6.145181476846059	0.09782329245172061	-0.0017984779579781063
6.170212765957445	0.09738144451926978	-0.0017788584385319134
6.195244055068836	0.09694691306573677	-0.0017603033166272014
6.2202753441802265	0.09651980616992173	-0.0017416033351696225
6.245306633291613	0.09609902167787698	-0.001721438626250918
6.270337922403005	0.09568259573469984	-0.0016998004600059236
6.295369211514392	0.09526938077524072	-0.0016780996621208327
6.320400500625783	0.09485960516486269	-0.001657772718615072
6.3454317897371695	0.09445415690524062	-0.001639551841753295
6.37046307884856	0.09405410970959771	-0.0016235430483347996
6.395494367959952	0.09366063124172985	-0.0016091679463031139
6.420525657071338	0.09327452300867378	-0.0015948058725832048
6.445556946182729	0.09289501902656827	-0.0015781451833507681
6.470588235294116	0.09251947986901676	-0.001558144885770718
6.495619524405506	0.09214557453715155	-0.0015361760049622808
6.520650813516895	0.09177294542952374	-0.001514313543938814
6.545682102628285	0.0914023899542995	-0.0014937057383822977
6.570713391739676	0.09103471827213916	-0.0014745948307145484
6.5957446808510625	0.09067040603984289	-0.0014568332736469292
6.620775969962453	0.09030965437596805	-0.0014401941895428039
6.645807259073841	0.08995250532870536	-0.0014244802647011279
6.670838548185231	0.08959892030071259	-0.00140954465929638
6.695869837296622	0.08924882244443921	-0.0013952852726941828
6.720901126408009	0.08890211756958344	-0.001381634632054679
6.745932415519399	0.08855870392111509	-0.0013685516141061366
6.770963704630788	0.08821847650577297	-0.0013560160379502556
6.795994993742178	0.08788132886769873	-0.0013440258837189162
6.821026282853566	0.0875471538467778	-0.0013325968039858832
6.8460575719649555	0.08721584432266294	-0.0013217638236922291
6.871088861076346	0.0868872949783226	-0.0013115854034534968
6.896120150187734	0.08656140672849677	-0.0013021502253238726
6.921151439299124	0.0862380969453227	-0.0012935868013318058
6.946182728410513	0.08591732149189202	-0.0012860741631706557
6.971214017521902	0.08559911875607362	-0.0012798451241951836
6.996245306633291	0.08528368604827641	-0.0012751541985023401
7.0212765957446805	0.08497146806581846	-0.001272143471042514
7.046307884856071	0.08466310875324012	-0.0012705327990597398
7.071339173967459	0.08435894087137896	-0.0012693344629069042
7.0963704630788484	0.08405816989449733	-0.0012673756137823455
7.121401752190238	0.0837591706464833	-0.0012645804943021838
7.146433041301627	0.08346084250431662	-0.001261959549351696
7.171464330413016	0.08316264767967407	-0.0012606427832645845
7.196495619524406	0.08286413722402663	-0.001262145726601327
7.221526908635795	0.08256556847523022	-0.0012687015113279076
7.246558197747184	0.08226841269310636	-0.0012827770970561675
7.2715894868585735	0.08197555013279345	-0.001306744213562111
7.296620775969963	0.08169204175345524	-0.001342388387059995
7.321652065081352	0.08142613345372851	-0.0013887892794793855
7.3466833541927405	0.08118769312083884	-0.0014375979656297833
7.371714643304131	0.0809791636350754	-0.0014699601265489859
7.39674593241552	0.08078387631784523	-0.0014675673998319483
7.421777221526909	0.08057476830987564	-0.0014333495868833757
7.446808510638299	0.08033920724922883	-0.0013889288791009147
7.471839799749687	0.08008354730625378	-0.0013534058528808096
7.496871088861077	0.07982121434116429	-0.0013346901219115914
7.521902377972466	0.07956542608225448	-0.0013317510982503722
7.546933667083856	0.07932635546097266	-0.0013358696383457547
7.571964956195245	0.07910532395758452	-0.0013320770372895474
7.5969962453066335	0.07889012951659868	-0.0013093516391980559
7.622027534418024	0.0786652830152752	-0.0012719758661058483
7.647058823529412	0.07842673852194526	-0.0012330365707661078
7.672090112640802	0.07818087239563187	-0.0012009819868473298
7.697121401752189	0.07793569594301442	-0.0011759004864358713
7.72215269086358	0.07769477275448455	-0.0011525974666809075
7.74718397997497	0.07745549213208403	-0.0011265831731304826
7.772215269086359	0.07721347383149091	-0.001098597639242374
7.797246558197749	0.0769677291082198	-0.0010722621923622833
7.8222778473091354	0.07672018913958656	-0.0010498485902955407
7.8473091364205265	0.07647310152540854	-0.0010314667907866393
7.872340425531913	0.0762277251236565	-0.0010160487984162553
7.897371714643305	0.07598413143733485	-0.0010024729109537472
7.922403003754695	0.07574182880809577	-0.0009903323769906436
7.947434292866082	0.07550056389988047	-0.0009797743724705016
7.972465581977473	0.07526041438257458	-0.0009709493303646233
7.99749687108886	0.07502151293425907	-0.0009638566185601188
8.022528160200253	0.07478392425735603	-0.000958448552632149
8.047559449311638	0.07454767688792874	-0.0009547139345079947
8.072590738423028	0.07431284059415066	-0.0009526748689690917
8.09762202753442	0.07407957762072837	-0.0009522821486142585
8.122653316645806	0.07384803548589058	-0.0009532209837802563
8.147684605757199	0.0736179260080343	-0.0009548853172869076
8.172715894868585	0.07338817673272846	-0.0009569834389471371
8.197747183979974	0.0731575117054577	-0.000960257523028793
8.222778473091363	0.07292531816483905	-0.0009661528917271345
8.247809762202753	0.07269158455966274	-0.0009761226566189912
8.272841051314145	0.07245645805711565	-0.000991586620379542
8.297872340425531	0.07222013400412752	-0.0010142841465110297
8.32290362953692	0.07198308778685547	-0.0010466511447596444
8.34793491864831	0.07174661084803713	-0.0010921595371187615
8.3729662077597	0.07151383865725247	-0.0011555472237391728
8.397997496871088	0.07129164761721096	-0.0012425109201956858
8.423028785982478	0.07109364709362165	-0.0013575271932167732
8.448060075093867	0.07094271401149133	-0.001496958670945861
8.473091364205256	0.07086547127381149	-0.001635595715254512
8.498122653316646	0.07086597595514466	-0.0017195528687306422
8.523153942428035	0.07089514412266329	-0.0016993534044082576
8.548185231539424	0.07087879154970889	-0.0015848309765279789
8.573216520650814	0.07078362311871533	-0.0014328666377649985
8.598247809762203	0.07062389497972621	-0.0012902401729492502
8.623279098873592	0.07042669343238028	-0.0011746146695456872
8.648310387984981	0.07021225532112485	-0.0010863226683523325
8.67334167709637	0.06999198769209425	-0.0010201834057599474
8.69837296620776	0.06977151527576719	-0.0009707003301148431
8.72340425531915	0.06955337622526425	-0.0009334647097617721
8.748435544430539	0.06933855742686124	-0.0009051738433180634
8.773466833541928	0.06912714725048108	-0.0008833916271537567
8.798498122653317	0.06891863546705057	-0.0008665486817510532
8.823529411764707	0.06871238249917955	-0.0008539940905233218
8.848560700876096	0.06850803748830092	-0.0008456942299913672
8.873591989987485	0.06830556344613736	-0.0008419112359512038
8.898623279098874	0.0681051928006502	-0.0008431743804232644
8.92365456821026	0.06790761167621451	-0.0008503621519117405
8.948685857321653	0.06771443337505989	-0.0008646435354015131
8.973717146433042	0.0675289653000144	-0.0008869226720923662
8.998748435544432	0.06735684194147051	-0.0009160527959824749
9.023779724655821	0.0672044922048185	-0.0009454081990506319
9.048811013767207	0.06707231155783955	-0.0009613961881446698
9.0738423028786	0.06694742771902451	-0.0009523249525194566
9.098873591989985	0.06681168749086996	-0.0009217011737454178
9.123904881101378	0.0666578523929724	-0.0008840359339301329
9.148936170212767	0.06649033729830389	-0.0008506564677757678
9.173967459324153	0.06631650437052006	-0.0008255212618728802
9.198998748435546	0.0661421588554445	-0.0008081979437775527
9.224030037546932	0.06597122030310398	-0.0007961482276369336
9.249061326658325	0.06580532664029892	-0.0007852286812962406
9.27409261576971	0.06564250763754753	-0.0007714661372640874
9.2991239048811	0.06547867377432315	-0.0007543578720715649
9.324155193992492	0.06531168263467979	-0.0007365790818142093
9.349186483103878	0.06514219540397281	-0.0007205945156301408
9.374217772215271	0.06497173232032427	-0.0007072665692859359
9.399249061326657	0.06480143001841387	-0.0006964591020112987
9.424280350438046	0.06463189234490141	-0.0006877446115490238
9.449311639549435	0.06446337831186444	-0.0006807196125286075
9.474342928660825	0.06429597789624975	-0.0006750834389607219
9.499374217772218	0.06412972286844099	-0.0006706226869336585
9.524405506883603	0.06396463929954965	-0.0006671512167682053
9.549436795994993	0.06380071666999054	-0.0006644322204812786
9.574468085106382	0.06363777372563906	-0.0006621874551142604
9.599499374217771	0.06347539995505702	-0.0006603072609238508
9.62453066332916	0.06331318941192254	-0.0006590085797586603
9.64956195244055	0.06315095595615983	-0.000658660385916568
9.67459324155194	0.06298865204152637	-0.0006595866203842476
9.699624530663328	0.06282622169963492	-0.0006620743593262618
9.724655819774718	0.06266354946409702	-0.0006664754228853931
9.749687108886107	0.06250048904437211	-0.0006733071212739056
9.774718397997496	0.062336929412365016	-0.0006833308453704917
9.799749687108886	0.062172879498011646	-0.000697639923936344
9.824780976220275	0.062008621941466835	-0.0007177944049308743
9.849812265331664	0.06184504109790456	-0.0007459892501377324
9.874843554443054	0.06168428970389517	-0.0007851560504236466
9.899874843554443	0.06153102836976654	-0.0008386551507282153
9.924906132665832	0.06139428125861013	-0.0009085913783503374
9.949937421777221	0.06128848233152784	-0.000990911539142908
9.97496871088861	0.06122812229962005	-0.0010671127752952675
10.0	0.061209685375209766	-0.0011035603121367504
