-10.0	-0.059355058349845	-0.0005926458731222578
-9.97496871088861	-0.0595007333080515	-0.0006052226913004222
-9.949937421777221	-0.05964851477149136	-0.0006208279888946511
-9.924906132665832	-0.05979848786383446	-0.0006404419469728528
-9.899874843554443	-0.05995056062580506	-0.0006654745976080317
-9.874843554443054	-0.06010422315165176	-0.0006979385492406481
-9.849812265331664	-0.06025805742768764	-0.0007406249681014415
-9.824780976220275	-0.060408780423078845	-0.0007971047176735385
-9.799749687108886	-0.06054958137358657	-0.0008709716625096009
-9.774718397997496	-0.06066807523144302	-0.000962897036131366
-9.749687108886107	-0.06074676227445419	-0.00106354634806817
-9.724655819774718	-0.06077370409828564	-0.0011450917758437928
-9.699624530663328	-0.06076515141522432	-0.0011691442012040087
-9.67459324155194	-0.060768107636371305	-0.0011226389729736413
-9.64956195244055	-0.060819843746759084	-0.0010340832923503018
-9.62453066332916	-0.06092210145965726	-0.0009408180397102173
-9.599499374217771	-0.061058008778220874	-0.0008623677104726557
-9.574468085106382	-0.06121160505367751	-0.000802550434158722
-9.549436795994993	-0.061373092962399234	-0.0007587560966614837
-9.524405506883603	-0.06153746434187024	-0.0007271739907303149
-9.499374217772216	-0.06170243195597269	-0.0007045348638033272
-9.474342928660825	-0.06186708080464154	-0.0006884049359168753
-9.449311639549435	-0.06203114864847503	-0.000677060996517348
-9.424280350438046	-0.06219466996103318	-0.0006693033787833202
-9.399249061326657	-0.062357805680524514	-0.0006643008628012398
-9.37421777221527	-0.06252076391583383	-0.0006614795836587389
-9.349186483103878	-0.06268376445644197	-0.0006604478888316972
-9.32415519399249	-0.06284702409245302	-0.00066094706462895
-9.2991239048811	-0.06301075141427592	-0.0006628199570779675
-9.274092615769712	-0.06317514529013568	-0.0006659916537055666
-9.249061326658325	-0.06334039423132953	-0.0006704573705889894
-9.224030037546934	-0.06350667760980944	-0.0006762727462864271
-9.198998748435546	-0.06367417723727176	-0.0006835459925640386
-9.173967459324155	-0.06384310832656492	-0.0006924517957510729
-9.148936170212767	-0.06401373663266963	-0.0007032991965321145
-9.123904881101378	-0.06418632185411877	-0.0007166105255373423
-9.098873591989987	-0.06436104498906392	-0.0007331392340785142
-9.0738423028786	-0.06453799396060855	-0.0007539163661538367
-9.048811013767208	-0.06471708725776626	-0.0007804335104525661
-9.023779724655821	-0.06489775780453844	-0.0008148798801230206
-8.998748435544432	-0.06507833081129544	-0.0008602771459872427
-8.973717146433042	-0.06525494404184773	-0.0009203495367190451
-8.948685857321653	-0.06541974007024631	-0.0009984618272585177
-8.923654568210262	-0.06555891436966466	-0.0010938880411344026
-8.898623279098874	-0.06565465445582763	-0.001193616405442438
-8.873591989987485	-0.06569956706474667	-0.001265362633056738
-8.848560700876096	-0.06571903045560301	-0.0012731604657960638
-8.823529411764707	-0.06576207943681478	-0.0012150619098853371
-8.798498122653317	-0.0658573045897084	-0.0011256524660729489
-8.773466833541928	-0.06599935171520332	-0.001038827797555597
-8.748435544430539	-0.06617038247666063	-0.000969332730647296
-8.72340425531915	-0.06635579359085941	-0.0009187537657810579
-8.69837296620776	-0.06654681149712349	-0.0008839370164739624
-8.67334167709637	-0.0667386702801318	-0.0008607990168607166
-8.648310387984981	-0.0669291690963787	-0.0008452311717700861
-8.623279098873592	-0.06711839492361538	-0.0008336344520483013
-8.598247809762203	-0.06730807506082659	-0.0008241928749202904
-8.573216520650814	-0.06749965130580282	-0.0008171613954551238
-8.548185231539424	-0.06769329031234594	-0.0008134017308093627
-8.523153942428035	-0.06788852652202504	-0.0008133841998093083
-8.498122653316646	-0.0680849024071426	-0.0008173006743890238
-8.473091364205256	-0.0682820402351565	-0.0008254243996366484
-8.448060075093867	-0.06847940685445675	-0.0008383170281875962
-8.423028785982478	-0.0686759045634373	-0.0008568451091057888
-8.397997496871088	-0.06886926490156409	-0.0008818576051329574
-8.3729662077597	-0.06905542676038667	-0.0009130426698604338
-8.34793491864831	-0.06922909962999757	-0.0009464387615800707
-8.32290362953692	-0.06938808802438157	-0.0009723005995533052
-8.297872340425531	-0.06954002299892448	-0.0009797180963738994
-8.272841051314144	-0.06969976378147269	-0.0009678880687247066
-8.247809762202753	-0.06987633290934436	-0.0009470789085191111
-8.222778473091363	-0.07006864898089216	-0.0009277597510713165
-8.197747183979974	-0.0702716386204747	-0.0009149237401809562
-8.172715894868585	-0.07048101237969906	-0.0009096468643284561
-8.147684605757197	-0.07069421224862982	-0.0009116709312215338
-8.122653316645806	-0.07090984385592769	-0.0009207863338538541
-8.097622027534417	-0.07112693683167759	-0.0009373430083057105
-8.072590738423028	-0.07134426058155441	-0.0009623822821074324
-8.047559449311638	-0.07155955165417627	-0.000997529338623876
-8.02252816020025	-0.07176845967530632	-0.0010444160623049037
-7.9974968710888605	-0.07196329855094685	-0.0011027822477593652
-7.972465581977473	-0.07213351113596111	-0.001165867041548474
-7.947434292866082	-0.07227318992127607	-0.0012153779388460045
-7.922403003754694	-0.07239514175303619	-0.0012285278914087316
-7.897371714643305	-0.07252896693822031	-0.0012009093423888395
-7.872340425531914	-0.07269477441855354	-0.0011522243609867616
-7.8473091364205265	-0.07289124655630363	-0.0011045360957734202
-7.8222778473091354	-0.07310761602177607	-0.001068615064607703
-7.797246558197748	-0.07333429838845085	-0.0010466552746050267
-7.772215269086359	-0.07356496900111864	-0.0010377330651166472
-7.7471839799749675	-0.07379511012356055	-0.0010404161285867963
-7.72215269086358	-0.07402027525941968	-0.0010528467842998435
-7.697121401752189	-0.07423553976985353	-0.0010709686072535446
-7.672090112640801	-0.07443812304551756	-0.0010863675546501778
-7.647058823529412	-0.07463296292719956	-0.001088830983267397
-7.622027534418023	-0.07483221770802029	-0.0010755796877276458
-7.596996245306634	-0.07504457034513123	-0.001054023090788933
-7.571964956195245	-0.07526988501504661	-0.0010329517558854834
-7.546933667083856	-0.07550395576313029	-0.0010165959552260462
-7.5219023779724665	-0.07574304766234707	-0.0010055494950156757
-7.496871088861077	-0.07598494692333801	-0.0009990206689251269
-7.471839799749688	-0.07622855882972512	-0.0009960224060266837
-7.446808510638299	-0.07647339430975109	-0.000995749280333677
-7.421777221526909	-0.07671923053001439	-0.000997622792845404
-7.39674593241552	-0.07696591132601238	-0.0010012212256465397
-7.371714643304131	-0.07721325069913476	-0.0010061406045556304
-7.346683354192741	-0.07746110046795174	-0.00101181077660642
-7.321652065081352	-0.07770965832711774	-0.0010174789424880343
-7.296620775969963	-0.07795966061360904	-0.0010226620868028086
-7.2715894868585735	-0.0782118878819329	-0.0010275716687291603
-7.246558197747184	-0.0784665980424295	-0.0010327497187184453
-7.221526908635795	-0.07872365643003576	-0.0010385433578833092
-7.196495619524406	-0.07898287991332431	-0.001045040899689001
-7.171464330413016	-0.07924417001279682	-0.0010522131802821327
-7.146433041301627	-0.07950750526766903	-0.0010600138963340472
-7.121401752190238	-0.07977290524591307	-0.0010684194612152337
-7.0963704630788484	-0.0800403993168155	-0.0010774409387191985
-7.071339173967459	-0.08030999776117298	-0.001087125919053647
-7.04630788485607	-0.08058165477328849	-0.0010975500374384717
-7.0212765957446805	-0.08085521678582008	-0.0011087774059118233
-6.996245306633291	-0.08113038231189229	-0.0011207425324746279
-6.971214017521902	-0.08140680336609574	-0.0011330281784075746
-6.946182728410513	-0.08168452952449456	-0.0011447702954148625
-6.921151439299123	-0.08196447851054867	-0.0011552344349976679
-6.896120150187734	-0.08224792125675506	-0.001164680475875285
-6.871088861076345	-0.08253543566063559	-0.0011740961575497089
-6.8460575719649555	-0.08282686193664368	-0.001184287002089654
-6.821026282853566	-0.08312186788876996	-0.0011956186511449252
-6.795994993742177	-0.08342024463087583	-0.0012082305861827874
-6.770963704630788	-0.0837219221398815	-0.0012222393530750414
-6.745932415519399	-0.08402690476684516	-0.001237842557802113
-6.720901126408009	-0.0843351993486765	-0.0012553760189086272
-6.69586983729662	-0.08464672837658949	-0.0012753637077288493
-6.670838548185231	-0.08496118827170207	-0.0012985682091972428
-6.645807259073841	-0.08527778621460147	-0.0013260042037624847
-6.620775969962453	-0.08559477339846211	-0.001358769224098319
-6.595744680851063	-0.08590881073026768	-0.0013973018565676398
-6.570713391739676	-0.08621486805946965	-0.0014394345547673187
-6.545682102628285	-0.08650886774918831	-0.001477668444186661
-6.520650813516897	-0.08679433250707369	-0.0015005050406632359
-6.495619524405506	-0.08708464267638494	-0.001502568802964302
-6.470588235294117	-0.0873919561826959	-0.0014911558001994146
-6.445556946182729	-0.0877180191424447	-0.0014776017115562118
-6.420525657071338	-0.0880582116589661	-0.0014683846660459993
-6.395494367959951	-0.08840774079792268	-0.001465037571434985
-6.37046307884856	-0.0887636064541466	-0.0014669216557382098
-6.34543178973717	-0.08912429957278256	-0.0014729300046616989
-6.320400500625783	-0.08948917853136695	-0.001482086056417184
-6.295369211514392	-0.08985804516760165	-0.0014936591283360723
-6.270337922403004	-0.0902309154596228	-0.001507134162224158
-6.245306633291613	-0.09060790544834418	-0.0015221563642536101
-6.2202753441802265	-0.09098917657697125	-0.0015384837408354834
-6.195244055068836	-0.09137491020853084	-0.0015559525461611712
-6.170212765957448	-0.09176529623130492	-0.001574453512292906
-6.145181476846059	-0.09216052842049827	-0.001593915807512336
-6.120150187734667	-0.09256080301613157	-0.0016142962464891636
-6.09511889862328	-0.09296631880741568	-0.0016355720078072011
-6.070087609511891	-0.09337727790001793	-0.0016577356910299629
-6.0450563204005014	-0.09379388677507627	-0.0016807919469391114
-6.020025031289112	-0.0942163574574586	-0.0017047551829106333
-5.994993742177721	-0.09464490870654885	-0.0017296480140124998
-5.9699624530663336	-0.09507976719969236	-0.0017555002286522292
-5.9449311639549425	-0.09552116872006344	-0.0017823481198544766
-5.919899874843555	-0.09596935936089324	-0.0018102340979164466
-5.894868585732166	-0.09642459675066029	-0.0018392065216177172
-5.869837296620776	-0.09688715131321324	-0.0018693196991964034
-5.844806007509387	-0.09735730758212391	-0.0019006340285056822
-5.819774718397998	-0.09783536558821737	-0.0019332162586885304
-5.7947434292866085	-0.0983216423390898	-0.0019671398636328663
-5.769712140175219	-0.09881647340965927	-0.0020024855232222555
-5.74468085106383	-0.09932021466425311	-0.0020393417129700026
-5.719649561952441	-0.09983324413209438	-0.002077805406626332
-5.694618272841051	-0.10035596406072322	-0.0021179829001421735
-5.669586983729662	-0.10088880317421989	-0.0021599907697003873
-5.644555694618273	-0.10143221916511269	-0.0022039569807634773
-5.619524405506883	-0.10198670145148725	-0.0022500221665220227
-5.594493116395494	-0.10255277423956155	-0.0022983410972532703
-5.569461827284105	-0.1031309999388137	-0.002349084372290672
-5.5444305381727155	-0.10372198297892776	-0.002402440373173692
-5.519399249061326	-0.10432637408548384	-0.0024586175207957084
-5.494367959949937	-0.10494487508277572	-0.002517846888254696
-5.469336670838549	-0.10557824430375717	-0.0025803852330528038
-5.444305381727158	-0.10622730270019254	-0.0026465185261606156
-5.419274092615769	-0.10689294076243883	-0.0027165660721904655
-5.3942428035043815	-0.10757612637740355	-0.002790885335802004
-5.36921151439299	-0.10827791377678864	-0.0028698776154471306
-5.344180225281603	-0.10899945375592246	-0.0029539947381031356
-5.319148936170212	-0.10974200537781886	-0.003043746989480081
-5.2941176470588225	-0.11050694942042227	-0.0031397125459654424
-5.269086357947435	-0.11129580387965454	-0.0032425487438586947
-5.244055068836044	-0.11211024190284924	-0.0033530056197849517
-5.219023779724656	-0.11295211257769644	-0.003471942274927295
-5.193992490613266	-0.1138234650784753	-0.0036003467169727355
-5.168961201501876	-0.11472657685226917	-0.0037393600059650867
-5.1439299123904885	-0.11566398668056799	-0.0038903058642789923
-5.1188986232791	-0.11663853354824294	-0.004054727253307147
-5.09386733416771	-0.11765340246041678	-0.004234431821110496
-5.06883604505632	-0.11871217863109429	-0.00443154873944851
-5.043804755944931	-0.1198189117768198	-0.004648600303237965
-5.018773466833542	-0.12097819260825737	-0.004888592829458027
-4.993742177722154	-0.12219524403384607	-0.0051551330093684705
-4.968710888610763	-0.12347603005946528	-0.005452578146348364
-4.943679599499373	-0.12482738584443087	-0.0057862319588541655
-4.918648310387985	-0.12625717275553416	-0.00616260229699464
-4.893617021276597	-0.12777446236377354	-0.006589743896681863
-4.868585732165207	-0.129389752767886	-0.007077719294507651
-4.843554443053817	-0.1311152185181017	-0.007639225959558543
-4.818523153942427	-0.13296499008471585	-0.00829046013159665
-4.793491864831038	-0.13495544700559492	-0.009052321925731313
-4.768460575719651	-0.13710548383690835	-0.009952118405214552
-4.7434292866082615	-0.1394366561890541	-0.011026001158353796
-4.71839799749687	-0.14197300748770392	-0.012322495964188399
-4.69336670838548	-0.1447401576077345	-0.013907659927529917
-4.668335419274092	-0.14776278117196462	-0.015872641279953303
-4.643304130162704	-0.15105866606149387	-0.01834466556541034
-4.618272841051315	-0.1546256257533285	-0.02150245265886555
-4.593241551939924	-0.158413777964169	-0.025595767946709008
-4.568210262828536	-0.16226919395174466	-0.030963035133235506
-4.543178973717147	-0.16582784974143205	-0.03802219760543453
-4.518147684605758	-0.16835034363250845	-0.04716321717883348
-4.4931163954943685	-0.16858742125216963	-0.05840570969014225
-4.468085106382977	-0.16503836837892205	-0.07078432606313635
-4.44305381727159	-0.15703654342885454	-0.0820823716045962
-4.418022528160201	-0.1458557495152153	-0.09005386025690659
-4.392991239048811	-0.13382077395173475	-0.0942928534080954
-4.367959949937422	-0.1220966907975809	-0.09599504266850323
-4.342928660826031	-0.1102447797622963	-0.09585343964072829
-4.317897371714643	-0.09798015939817883	-0.09310430119641352
-4.292866082603254	-0.08642781315238945	-0.08684932412429602
-4.267834793491865	-0.07732869899012762	-0.07741897797987166
-4.2428035043804755	-0.07183088562877149	-0.06620239422007403
-4.217772215269086	-0.07009527894605583	-0.054914281708224044
-4.192740926157699	-0.07136867554222448	-0.04494199455980283
-4.167709637046308	-0.07448430351468804	-0.03689380872845607
-4.142678347934918	-0.07845611013519704	-0.03070886821319785
-4.117647058823529	-0.0826823341014693	-0.02604424713670203
-4.09261576971214	-0.08686395621697729	-0.022534241221215348
-4.067584480600752	-0.09087761304657693	-0.01988114522102312
-4.042553191489361	-0.09468836706983241	-0.017864654889662476
-4.017521902377972	-0.09830208658346073	-0.016327279276964243
-3.9924906132665825	-0.10174181556680706	-0.015157508070952438
-3.967459324155193	-0.10503665227590986	-0.014276392696846815
-3.9424280350438052	-0.10821678797866197	-0.013627964503073062
-3.917396745932415	-0.11131150707961668	-0.013172673324368778
-3.8923654568210257	-0.11434859039974521	-0.012882976110843186
-3.867334167709638	-0.11735437252244418	-0.01274041317275472
-3.8423028785982494	-0.1203540968636001	-0.012733720500449311
-3.8172715894868587	-0.12337240231517921	-0.012857688562811068
-3.7922403003754686	-0.12643386704688542	-0.013112594654383983
-3.7672090112640793	-0.12956357778869076	-0.013504121930605198
-3.7421777221526913	-0.1327877092251848	-0.01404374813637295
-3.717146433041303	-0.13613409641316743	-0.014749653407721205
-3.6921151439299127	-0.13963276233663358	-0.015648271731818333
-3.6670838548185225	-0.14331631178769566	-0.016776708490353634
-3.6420525657071328	-0.1472199945390873	-0.018186383719220683
-3.617021276595745	-0.15138101664617487	-0.01994845576799162
-3.5919899874843564	-0.15583621543651693	-0.022161841627356238
-3.566958698372966	-0.1606162560437734	-0.024964930003572847
-3.541927409261576	-0.16573254762300538	-0.028552113726768483
-3.5168961201501876	-0.171149222425107	-0.033195055026186526
-3.4918648310387996	-0.17672578320838772	-0.03926300110356626
-3.46683354192741	-0.1821082501902227	-0.04721814140644173
-3.4418022528160197	-0.1865554089526218	-0.057515841658806494
-3.4167709637046295	-0.18877593148280836	-0.07027070993799836
-3.391739674593241	-0.18711149761574353	-0.08460719833459518
-3.366708385481853	-0.1805890079351844	-0.09817772811890033
-3.341677096370464	-0.17043699391692568	-0.10813204179270641
-3.3166458072590737	-0.15983413239982358	-0.1135219733215528
-3.291614518147683	-0.15136098438739154	-0.116121745742408
-3.2665832290362946	-0.14529483296739176	-0.11872413234497944
-3.2415519399249066	-0.1398383010114821	-0.12321980699853646
-3.2165206508135173	-0.13240549003683322	-0.12945217455834146
-3.191489361702127	-0.12141818210362487	-0.13526802237847055
-3.166458072590739	-0.10750942901763683	-0.1380595899504795
-3.14142678347935	-0.09284417921912169	-0.13665127654864578
-3.11639549436796	-0.0793891489814409	-0.1315350858391409
-3.091364205256571	-0.06817316194057987	-0.12395132029576333
-3.0663329161451807	-0.05923010249244509	-0.1151933085357322
-3.0413016270337927	-0.05185494633299692	-0.10585348935034913
-3.0162703379224034	-0.04562508224741624	-0.0954951762540521
-2.991239048811014	-0.04127579239655743	-0.08361240915697085
-2.966207759699625	-0.039989161581463595	-0.0709150104198511
-2.941176470588234	-0.04193006327017068	-0.05898596172653092
-2.916145181476846	-0.04615980062939151	-0.048950992968770146
-2.891113892365457	-0.051545391543049934	-0.041044999002272264
-2.8660826032540676	-0.05729947932596602	-0.034990386422000114
-2.8410513141426783	-0.06300558583657523	-0.030384976304075884
-2.816020025031289	-0.0684845433118002	-0.02687254852496812
-2.790988735919901	-0.07368176058359088	-0.02418095744019673
-2.7659574468085104	-0.078601506978905	-0.0221134337533391
-2.740926157697121	-0.08327348075374008	-0.020530584416345796
-2.715894868585732	-0.08773692520130938	-0.01933453660697869
-2.6908635794743425	-0.09203351743252552	-0.0184572919859584
-2.6658322903629545	-0.0962044985366215	-0.017852773168294797
-2.6408010012515644	-0.10028981975563989	-0.017491646076860143
-2.615769712140175	-0.10432822786832752	-0.017358173542567454
-2.5907384230287853	-0.10835776317228785	-0.017448615255236125
-2.565707133917396	-0.11241639215864918	-0.017770923985934786
-2.540675844806008	-0.11654258183105526	-0.018345693284026326
-2.515644555694618	-0.12077559071816646	-0.019208510804319248
-2.4906132665832286	-0.1251550855486281	-0.020414090223372525
-2.4655819774718406	-0.12971930098245732	-0.022042804783038425
-2.440550688360452	-0.13450013072597544	-0.024210474776866914
-2.4155193992490616	-0.13951185494453666	-0.027082193850796188
-2.3904881101376714	-0.14472701468863436	-0.030889633292021962
-2.365456821026282	-0.15002792433880252	-0.035945731337281406
-2.340425531914894	-0.1551190157543303	-0.04263425302246507
-2.3153942428035057	-0.15940264096147994	-0.05131748790126428
-2.2903629536921155	-0.161904913572398	-0.06208127529373508
-2.2653316645807253	-0.16148407773143192	-0.07435829530083127
-2.2403003754693356	-0.15746079524541545	-0.0868454932833988
-2.2152690863579476	-0.15008434695224082	-0.09817936527836946
-2.190237797246559	-0.139974253830345	-0.10762287014602892
-2.165206508135169	-0.1274842044968003	-0.11457636640249177
-2.140175219023779	-0.11330421306900429	-0.11811715925114291
-2.1151439299123904	-0.09885485865465737	-0.11779502708364889
-2.0901126408010025	-0.08544834917270228	-0.11415406457633093
-2.0650813516896127	-0.07354863789923849	-0.10810258072070233
-2.0400500625782225	-0.06304694421819801	-0.09998871671212672
-2.0150187734668323	-0.05433543690708165	-0.08952552948626932
-1.989987484355444	-0.04869193342189937	-0.07702137440336199
-1.9649561952440555	-0.04697015326018028	-0.06407429507650875
-1.939924906132667	-0.048623080242109706	-0.05244135361378299
-1.914893617021277	-0.05235206072287757	-0.042949886415646094
-1.8898623279098858	-0.05701421308653343	-0.03557448560091922
-1.8648310387984974	-0.06190921005031336	-0.029934006907043814
-1.839799749687109	-0.0666880720938201	-0.025610991253217835
-1.8147684605757206	-0.07120538013471833	-0.022262516642621744
-1.7897371714643304	-0.07541783432965077	-0.019633146280181535
-1.764705882352942	-0.07932886673936368	-0.01753887256882644
-1.7396745932415527	-0.08296112958824975	-0.01584797024212914
-1.7146433041301625	-0.08634350514579503	-0.014465578416631875
-1.6896120150187741	-0.0895052524447828	-0.013322604198818838
-1.664580725907384	-0.09247356954290664	-0.012368040650440212
-1.6395494367959955	-0.09527275738475116	-0.011563702394693204
-1.6145181476846062	-0.09792411118733013	-0.010880608233172412
-1.589486858573217	-0.1004461208276255	-0.010296473556229022
-1.5644555694618276	-0.10285478210562782	-0.00979395179887503
-1.5394242803504374	-0.10516392758407034	-0.009359385403686887
-1.514392991239049	-0.10738553744507517	-0.008981907092759478
-1.4893617021276597	-0.10953001563406795	-0.008652784910079356
-1.4643304130162704	-0.11160642817808308	-0.008364939023684431
-1.4392991239048811	-0.11362270569348976	-0.008112581057810805
-1.4142678347934918	-0.11558581406838142	-0.007890941895287953
-1.3892365456821025	-0.11750189777628628	-0.007696064101616967
-1.3642052565707132	-0.11937640007677963	-0.007524642074449681
-1.339173967459324	-0.12121416389170214	-0.007373897810666774
-1.3141426783479346	-0.12301951660914257	-0.00724148351942977
-1.2891113892365453	-0.12479634155034214	-0.007125404659941992
-1.264080100125157	-0.12654813837289502	-0.007023958656410256
-1.2390488110137667	-0.12827807428793614	-0.006935685747039996
-1.2140175219023774	-0.12998902763698028	-0.006859329298992384
-1.1889862327909881	-0.13168362509952258	-0.006793803563189621
-1.1639549436795988	-0.13336427357708325	-0.006738167317949045
-1.1389236545682104	-0.13503318761502037	-0.0066916022050872714
-1.1138923654568202	-0.1366924130730114	-0.006653394829048545
-1.0888610763454318	-0.13834384763238683	-0.006622921892016909
-1.0638297872340434	-0.13998925862831968	-0.006599637792645788
-1.0387984981226523	-0.14163029861285026	-0.006583064235018518
-1.013767209011264	-0.14326851898768755	-0.006572781486667539
-0.9887359198998737	-0.14490538199058955	-0.006568420996371116
-0.9637046307884853	-0.14654227127356478	-0.006569659138907322
-0.9386733416770969	-0.14818050127371496	-0.006576211898567927
-0.9136420525657085	-0.14982132554616623	-0.006587830338815215
-0.8886107634543183	-0.15146594420240156	-0.006604296734043155
-0.8635794743429273	-0.15311551057467065	-0.006625421262669726
-0.8385481852315388	-0.1547711372073307	-0.006651039179888976
-0.8135168961201504	-0.15643390125626777	-0.00668100840396374
-0.788485607008762	-0.15810484935593383	-0.006715207461264722
-0.7634543178973718	-0.15978500198453993	-0.006753533737655332
-0.7384230287859816	-0.16147535731706603	-0.00679590196147295
-0.7133917396745932	-0.16317689451178147	-0.006842242751479391
-0.6883604505632039	-0.1648905764268807	-0.006892500812584093
-0.6633291614518155	-0.16661735230728209	-0.006946631960674521
-0.6382978723404253	-0.16835816271281445	-0.007004598618776323
-0.6132665832290352	-0.170113949917357	-0.007066367847132479
-0.5882352941176467	-0.17188566795877114	-0.007131920699907951
-0.5632040050062583	-0.17367427598572904	-0.007201265403910986
-0.5381727158948699	-0.17548072404700132	-0.0072744315583187225
-0.5131414267834788	-0.17730595566579543	-0.0073514550598801215
-0.48811013767208866	-0.17915091946488726	-0.007432374097415359
-0.46307884856070025	-0.1810165760911131	-0.007517232390103656
-0.43804755944931184	-0.18290390076754415	-0.007606082033952799
-0.41301627033792343	-0.18481388475975402	-0.007698984680820906
-0.38798498122653324	-0.18674753700586066	-0.007796011870185304
-0.36295369211514483	-0.1887058860539504	-0.007897245112259102
-0.33792240300375376	-0.1906899822197246	-0.008002775960585462
-0.31289111389236535	-0.1927008998889414	-0.008112706145872714
-0.28785982478097694	-0.19473973992756516	-0.008227147786416006
-0.26282853566958675	-0.19680763218775849	-0.00834622367518112
-0.23779724655819834	-0.19890573811139278	-0.008470067641291879
-0.21276595744680904	-0.2010352534400517	-0.008598824984823866
-0.18773466833541974	-0.20319741104421318	-0.008732652985533843
-0.16270337922403044	-0.20539348388657386	-0.008871721487797857
-0.13767209011264026	-0.20762478813666663	-0.009016213565526995
-0.11264080100125184	-0.2098926864549795	-0.009166326272126518
-0.08760951188986255	-0.21219859146690467	-0.009322271481876268
-0.06257822277847325	-0.214543969448301	-0.009484276830397445
-0.03754693366708395	-0.21693034424661306	-0.009652586763254298
-0.01251564455569465	-0.21935930146370541	-0.009827463703236908
0.01251564455569465	-0.22183249292917706	-0.010009189348540962
0.03754693366708395	-0.22435164149595144	-0.010198066115950713
0.06257822277847325	-0.22691854619310103	-0.010394418745252376
0.08760951188986255	-0.22953508777518905	-0.010598596083606665
0.11264080100125184	-0.23220323471139542	-0.010810973071416999
0.13767209011264114	-0.23492504966312394	-0.011031952954545607
0.16270337922403044	-0.23770269650448517	-0.011261969751571552
0.18773466833541974	-0.24053844794698798	-0.011501491009285922
0.21276595744680726	-0.24343469383719762	-0.011751020884872565
0.23779724655819834	-0.24639395020545907	-0.012011103599474104
0.26282853566958764	-0.24941886915395306	-0.01228232731516378
0.28785982478097694	-0.25251224968410524	-0.012565328496056266
0.31289111389236623	-0.2556770495779057	-0.012860796824693585
0.33792240300375376	-0.25891639846315284	-0.013169480757197968
0.36295369211514483	-0.26223361221205477	-0.013492193815559661
0.38798498122653235	-0.265632208844501	-0.013829821733297776
0.41301627033792343	-0.26911592613321755	-0.014183330592326307
0.43804755944931273	-0.2726887411385204	-0.014553776115034653
0.46307884856070025	-0.2763548919362797	-0.014942314307493557
0.4881101376720913	-0.2801189018453233	-0.015350213688681141
0.5131414267834788	-0.2839856065105699	-0.015778869388489672
0.5381727158948699	-0.28796018425855907	-0.016229819456401548
0.5632040050062574	-0.292048190213427	-0.016704763795924935
0.5882352941176467	-0.2962555947469875	-0.017205586231125253
0.6132665832290378	-0.30058882693967615	-0.017734380325831633
0.6382978723404253	-0.30505482385297555	-0.018293479719878006
0.6633291614518164	-0.30966108656378855	-0.01888549392874908
0.6883604505632039	-0.31441574409286854	-0.019513350784706174
0.7133917396745932	-0.3193276265799885	-0.020180346994240914
0.7384230287859808	-0.3244063493275968	-0.020890208669203103
0.7634543178973718	-0.3296624096631513	-0.021647164185238377
0.7884856070087629	-0.33510729897222635	-0.02245603236948282
0.8135168961201504	-0.3407536327473555	-0.023322329872650455
0.8385481852315397	-0.34661530210060887	-0.024252402711764584
0.8635794743429273	-0.3527076509278215	-0.02525358848160797
0.8886107634543183	-0.3590476838139549	-0.02633441777020265
0.9136420525657059	-0.3656543108647954	-0.027504866083190804
0.9386733416770969	-0.37254863696544693	-0.02877667138151002
0.9637046307884862	-0.37975430451899417	-0.03016373759953811
0.9887359198998737	-0.3872979004958357	-0.031682651873568196
1.0137672090112648	-0.3952094405481057	-0.033353353619167
1.0387984981226523	-0.403522944798943	-0.03520000847074048
1.0638297872340434	-0.4122771212102745	-0.03725216159228978
1.088861076345431	-0.4215161721227336	-0.03954627628698504
1.1138923654568202	-0.4312907355152664	-0.04212781028015225
1.1389236545682113	-0.4416589604642849	-0.04505405147348113
1.1639549436795988	-0.45268768761348865	-0.04839803977592702
1.18898623279099	-0.4644536429746253	-0.05225406109651312
1.2140175219023774	-0.4770444222550829	-0.05674544316336008
1.2390488110137667	-0.490558772116803	-0.06203575324603702
1.264080100125156	-0.5051051181269894	-0.06834504957228438
1.2891113892365453	-0.5207961448200451	-0.07597361391250518
1.3141426783479364	-0.5377348847475534	-0.08533652064203581
1.339173967459324	-0.5559830175327503	-0.0970129333436866
1.3642052565707132	-0.5754928760871425	-0.11181204825263064
1.3892365456821025	-0.595969021525022	-0.13084659230107817
1.4142678347934918	-0.6166081042956604	-0.15556912315814173
1.4392991239048811	-0.6356818950840291	-0.1876474393428845
1.4643304130162704	-0.6500575322072191	-0.22847856051316764
1.4893617021276597	-0.6549369018117637	-0.278254138035013
1.514392991239049	-0.6439758423349158	-0.3346025431881998
1.5394242803504383	-0.6103962867641459	-0.3902704821157412
1.5644555694618276	-0.5518351028882322	-0.43099862120523436
1.589486858573217	-0.478350713791857	-0.4402041120529562
1.6145181476846044	-0.41223452189044885	-0.4126195515018387
1.6395494367959955	-0.37261322646113326	-0.3613233039243062
1.6645807259073848	-0.36258828196099646	-0.3059687010142803
1.6896120150187741	-0.3739962420651488	-0.25886566260313804
1.7146433041301634	-0.3975623646841595	-0.22342013984408718
1.739674593241551	-0.42713002496162433	-0.19861000086700745
1.764705882352942	-0.4594729433134148	-0.18232528886367302
1.7897371714643295	-0.49315544782691223	-0.17268610162598105
1.8147684605757206	-0.5276772667726943	-0.16834714485311456
1.83979974968711	-0.5629887808635083	-0.1684741362977795
1.8648310387984974	-0.599232879820303	-0.17266053121297795
1.8898623279098885	-0.6365910152047496	-0.1808606118468936
1.914893617021276	-0.6751526540393225	-0.19334011674288995
1.939924906132667	-0.7147585326198471	-0.2105982556213866
1.9649561952440546	-0.7548314640019935	-0.233158482796856
1.989987484355444	-0.7943841097226696	-0.2611290431453298
2.015018773466835	-0.8325868616851766	-0.2937571341038758
2.0400500625782225	-0.869833626307003	-0.3298195011030469
2.065081351689613	-0.9079268925475801	-0.36921330228059623
2.090112640801001	-0.948498709174241	-0.4139248550314718
2.1151439299123904	-0.9915999811687017	-0.467338547660876
2.1401752190237784	-1.03485614234912	-0.5333213073739982
2.165206508135169	-1.0728028880834226	-0.6141163216797377
2.1902377972465596	-1.0989713025465306	-0.7075733295002966
2.2152690863579476	-1.110198126490351	-0.8076724953662962
2.240300375469337	-1.1084991616602102	-0.9087872264809608
2.265331664580725	-1.0986459008590503	-1.0096327879964222
2.2903629536921155	-1.0834250388247777	-1.1134891814680592
2.315394242803503	-1.0617493079239395	-1.224199187871484
2.340425531914894	-1.0312269050871938	-1.3450998760929345
2.3654568210262834	-0.9859719689818514	-1.4811979693440396
2.3904881101376714	-0.9124068854285232	-1.6333440420336196
2.415519399249062	-0.7963698121440643	-1.7903723224815635
2.4405506883604495	-0.6329742394864448	-1.9341611105074183
2.4655819774718406	-0.4248083362416475	-2.046645939385685
2.490613266583228	-0.182136742493491	-2.1086320367342792
2.515644555694618	0.07187403168356932	-2.107258155437989
2.5406758448060085	0.3114503700121505	-2.0474577788359465
2.565707133917396	0.5231116565189629	-1.94413504438497
2.590738423028787	0.7024949063474528	-1.8092392106340638
2.6157697121401746	0.8468321674724142	-1.6521375663419526
2.6408010012515644	0.9557784218197707	-1.4822132840671902
2.665832290362953	1.031583854224252	-1.3058986502327186
2.6908635794743425	1.074328353651366	-1.1271531524267455
2.7158948685857336	1.0826047738992228	-0.9530188769675733
2.740926157697121	1.0590292702289554	-0.7931741492641488
2.765957446808511	1.0110795729589028	-0.6553582207120762
2.7909887359198997	0.9485621521387633	-0.5427702503081844
2.816020025031289	0.8803592207388515	-0.4539458733370235
2.841051314142678	0.8123790571429867	-0.3848270112829405
2.8660826032540676	0.7476488748698253	-0.3309815614598728
2.8911138923654573	0.6873332142707151	-0.2886716910413323
2.916145181476846	0.631621596502105	-0.2550543881896198
2.9411764705882355	0.5802610237878829	-0.22805043776609776
2.9662077596996244	0.5328303490769177	-0.2061554431561511
2.991239048811014	0.48887182271327934	-0.1882794895520408
3.0162703379224016	0.4479526107016403	-0.17362805232857795
3.0413016270337927	0.40969527131322403	-0.16161409632034726
3.066332916145182	0.3737938892151762	-0.15178385801852587
3.091364205256571	0.3400081431740962	-0.1437382128149697
3.1163954943679606	0.3080973704324128	-0.1370628197919189
3.141426783479348	0.27769830085298297	-0.13136319971630048
3.166458072590739	0.24832896869485932	-0.12644002005110486
3.1914893617021267	0.21960020859458895	-0.12233501247938808
3.2165206508135173	0.1913176772047258	-0.11914557819055377
3.241551939924907	0.1633804746702876	-0.11690106719213436
3.2665832290362946	0.13568564254462512	-0.11557936347643169
3.2916145181476857	0.1081036470687664	-0.1151508440275133
3.316645807259073	0.08048305115720789	-0.11560179944707949
3.341677096370464	0.05265722668876993	-0.11694255815946353
3.366708385481852	0.024447244844591598	-0.11921024853630849
3.391739674593241	-0.004338438832655722	-0.12247108773465548
3.416770963704632	-0.033906273000911646	-0.1268241003419219
3.4418022528160197	-0.06448107610402198	-0.1324071723568048
3.4668335419274103	-0.09631020563984283	-0.13940625102709558
3.4918648310387983	-0.12966801827425156	-0.14806880589460628
3.5168961201501876	-0.16485997140912279	-0.15872323480196213
3.5419274092615756	-0.2022250380248538	-0.17180673976871738
3.566958698372966	-0.24213360884234758	-0.18790532933988338
3.591989987484357	-0.2849749463630191	-0.207810837619492
3.617021276595745	-0.3311220842663065	-0.23260017649948914
3.642052565707134	-0.38085094227361704	-0.2637379239008081
3.667083854818522	-0.4341753440897569	-0.30318525714380795
3.6921151439299127	-0.490558875012856	-0.3534504328606316
3.7171464330413	-0.5485388435817837	-0.41745403451922014
3.7421777221526913	-0.6054666018197628	-0.4981683546254323
3.7672090112640806	-0.6574310671698784	-0.5983241909528839
3.7922403003754686	-0.6988359970720928	-0.720085321629791
3.817271589486859	-0.722222264031652	-0.8636294381364517
3.8423028785982467	-0.7202149223265781	-1.0261365708565071
3.867334167709638	-0.6867647039658031	-1.2040247446383137
3.8923654568210253	-0.6136964867598351	-1.3941223035585182
3.917396745932415	-0.48786152744203415	-1.5878806182643859
3.9424280350438057	-0.29811096657931024	-1.7637843211243989
3.967459324155193	-0.04840411835269798	-1.8912300675263878
3.9924906132665843	0.2386912387511848	-1.9450318972887306
4.017521902377972	0.5310409595276631	-1.9156882512960323
4.042553191489361	0.7975180367871539	-1.8098386895580514
4.06758448060075	1.0156548712420452	-1.6464390782662137
4.09261576971214	1.1758283776457872	-1.44822683639948
4.117647058823531	1.2762999489640108	-1.2347094109299408
4.142678347934918	1.3193022768899136	-1.0242251895165706
4.167709637046308	1.3137143654510441	-0.8337722712490437
4.192740926157697	1.2744723482915017	-0.6740343359461178
4.217772215269086	1.217259702689243	-0.5470610502970473
4.2428035043804755	1.1537895088212005	-0.4488143981972923
4.267834793491865	1.0908203887399397	-0.37323231058843753
4.292866082603254	1.0315197257268531	-0.31470218782777293
4.317897371714643	0.9770319850952327	-0.2688185822934944
4.342928660826033	0.927512209334378	-0.23233790112122174
4.367959949937422	0.8826831339174834	-0.20292055857252164
4.392991239048811	0.8421088085716142	-0.17888019082016618
4.418022528160199	0.8053212799987337	-0.15899108696364714
4.44305381727159	0.7718753726860652	-0.14235141234644721
4.468085106382979	0.7413693477502084	-0.12828857598148008
4.4931163954943685	0.713449847334545	-0.11629405561367376
4.518147684605758	0.6878099706032015	-0.105978268841676
4.543178973717145	0.6641846841496619	-0.09703900994258108
4.568210262828536	0.6423455220345495	-0.08923910669816382
4.593241551939924	0.6220954438840449	-0.08239040081757223
4.618272841051315	0.6032641971935542	-0.07634211474409303
4.643304130162704	0.5857042836062787	-0.07097229841906688
4.668335419274092	0.5692875176851269	-0.06618146558103816
4.693366708385483	0.5539021212694717	-0.061887805615758296
4.71839799749687	0.5394502825559329	-0.05802354251812253
4.7434292866082615	0.5258461095444442	-0.05453213851536248
4.768460575719649	0.5130139141967529	-0.0513661264130813
4.793491864831038	0.5008867723189487	-0.0484854144503738
4.818523153942429	0.48940531225330375	-0.04585594933855447
4.843554443053817	0.4785166929792659	-0.04344865365892708
4.868585732165208	0.4681737395233512	-0.041238575436433944
4.8936170212765955	0.45833420935450064	-0.03920420283937456
4.918648310387985	0.4489601679120776	-0.03732690827687199
4.943679599499372	0.4400174552458527	-0.03559049468148437
4.968710888610763	0.43147522895976387	-0.03398082305928096
4.9937421777221545	0.4233055712646028	-0.0324855050858521
5.018773466833542	0.41548315006528025	-0.031093648077572478
5.043804755944931	0.40798492573536826	-0.029795642376901743
5.068836045056319	0.4007898966435146	-0.028582983272301382
5.09386733416771	0.39387887765170326	-0.027448121183319713
5.118898623279097	0.38723430675457227	-0.02638433509430843
5.1439299123904885	0.3808400758091093	-0.02538562520118101
5.168961201501878	0.37468138194857925	-0.02444662150820262
5.193992490613265	0.36874459680791194	-0.023562505723606658
5.219023779724656	0.3630171511287221	-0.022728944289964886
5.244055068836044	0.3574874326825048	-0.021942030774607837
5.269086357947435	0.3521446957556522	-0.02119823615735389
5.2941176470588225	0.34697898069405664	-0.020494365802697076
5.319148936170212	0.34198104220624614	-0.019827522109304233
5.344180225281603	0.33714228528338896	-0.019195072029113497
5.36921151439299	0.33245470779634445	-0.018594618860475254
5.3942428035043815	0.32791084911950996	-0.018023977758679144
5.419274092615769	0.32350374411243976	-0.01748115423992727
5.444305381727158	0.319226881548051	-0.01696432523824913
5.469336670838548	0.315074166399107	-0.01647182267003755
5.494367959949937	0.3110398856989063	-0.01600211931457468
5.519399249061328	0.3071186776137358	-0.01555381674562488
5.5444305381727155	0.30330550333976625	-0.01512563519372044
5.569461827284105	0.29959562151806374	-0.014716405358384699
5.594493116395494	0.2959845649575774	-0.014325062319301252
5.619524405506883	0.2924681195810015	-0.013950641868709215
5.644555694618273	0.28904230571272294	-0.01359227984327091
5.669586983729662	0.28570336221358605	-0.013249215413459928
5.694618272841051	0.2824477347270671	-0.012920799837240551
5.719649561952441	0.2792720708468339	-0.012606512910302889
5.74468085106383	0.27617322819571477	-0.01230599005516475
5.769712140175219	0.2731483079302164	-0.012019062739215436
5.7947434292866085	0.27019473914810366	-0.011745810243820362
5.819774718397996	0.2673104628556171	-0.011486600671703193
5.844806007509387	0.26449429261612245	-0.011242032522649603
5.869837296620776	0.2617465012210243	-0.011012510195382783
5.894868585732166	0.25906933030203394	-0.01079687962473494
5.919899874843555	0.25646590506843037	-0.010589743500907509
5.9449311639549425	0.2539350087620136	-0.010380022213681908
5.9699624530663336	0.2514649776616391	-0.010157493695371514
5.994993742177721	0.2490392223993485	-0.00992372042809321
6.020025031289112	0.24664935631360319	-0.009689648828059713
6.0450563204005014	0.24429653529723083	-0.009464224375947808
6.07008760951189	0.24198452073506083	-0.00925060033066892
6.09511889862328	0.23971575177656135	-0.009048509996726628
6.120150187734667	0.23749096816487025	-0.008856630578955499
6.145181476846059	0.23530982593958072	-0.00867360907624122
6.170212765957445	0.23317143043693545	-0.008498337072838355
6.195244055068836	0.23107464501504715	-0.008329961368981134
6.2202753441802265	0.22901824768896262	-0.008167831586285978
6.245306633291613	0.22700100590656724	-0.008011447082748965
6.270337922403005	0.22502171067353505	-0.007860417062136235
6.295369211514392	0.22307919138218146	-0.007714433932206166
6.320400500625783	0.22117232204752924	-0.00757325711229799
6.3454317897371695	0.21930002446130015	-0.007436705025648138
6.37046307884856	0.2174612721720912	-0.007304654209505448
6.395494367959952	0.21565509977672015	-0.007177045001063559
6.420525657071338	0.21388062461179214	-0.0070538926486833076
6.445556946182729	0.21213709366556888	-0.006935298477854304
6.470588235294116	0.21042397676451152	-0.006821440264207751
6.495619524405506	0.20874112487302554	-0.006712477228752997
6.520650813516895	0.20708893744740742	-0.006608220040477161
6.545682102628285	0.205468184328911	-0.006507414021821006
6.570713391739676	0.2038787360651595	-0.006407141449803727
6.5957446808510625	0.20231762824391275	-0.006304206031061355
6.620775969962453	0.20077989720879508	-0.006198404591503295
6.645807259073841	0.19926240967561615	-0.006092692966799498
6.670838548185231	0.19776498475339022	-0.005989948628088548
6.695869837296622	0.1962885154360512	-0.0058914029885536595
6.720901126408009	0.19483361284726008	-0.005797181944719676
6.745932415519399	0.19340038545923477	-0.005707052315691186
6.770963704630788	0.19198860956652286	-0.005620783387688025
6.795994993742178	0.1905979082880247	-0.005538257846980643
6.821026282853566	0.18922786741629238	-0.0054594798887245555
6.8460575719649555	0.18787808113723692	-0.005384552481957114
6.871088861076346	0.1865481306615031	-0.0053137119887360085
6.896120150187734	0.18523764121198472	-0.0052475221540783795
6.921151439299124	0.18394666970910123	-0.005187053104004566
6.946182728410513	0.1826763317931812	-0.005133671928801195
6.971214017521902	0.18142942705140186	-0.005088290938774248
6.996245306633291	0.18021071318601223	-0.005049642525050677
7.0212765957446805	0.17902503241014056	-0.005011443683543337
7.046307884856071	0.17787109172738713	-0.004962194778722548
7.071339173967459	0.1767369462588091	-0.004894006364837639
7.0963704630788484	0.17560916247441494	-0.004811857128821442
7.121401752190238	0.1744847874286961	-0.004726781087147414
7.146433041301627	0.17336851234294937	-0.004644280044428184
7.171464330413016	0.1722636281924883	-0.00456350643956395
7.196495619524406	0.17116927482649213	-0.00448332492948314
7.221526908635795	0.1700842050363871	-0.004405293316693773
7.246558197747184	0.1690091990891771	-0.004331396955886552
7.2715894868585735	0.16794586771800102	-0.004262250614499918
7.296620775969963	0.16689538062488918	-0.004197446410910313
7.321652065081352	0.16585826309465723	-0.004136277181446074
7.3466833541927405	0.16483460578592535	-0.004078089743356314
7.371714643304131	0.1638242694256613	-0.0040223737411324845
7.39674593241552	0.1628270078727443	-0.003968752564408332
7.421777221526909	0.16184253137970028	-0.003916952618067376
7.446808510638299	0.16087053669582385	-0.0038667748753498377
7.471839799749687	0.1599107202618617	-0.003818073687688342
7.496871088861077	0.15896278330620728	-0.003770742667353208
7.521902377972466	0.15802643390798377	-0.003724705729940908
7.546933667083856	0.15710138770269033	-0.003679910704454656
7.571964956195245	0.15618736688771762	-0.0036363249169275857
7.5969962453066335	0.15528409827294354	-0.0035939332655949147
7.622027534418024	0.15439131134302375	-0.0035527383712464083
7.647058823529412	0.15350873647250207	-0.003512762348114401
7.672090112640802	0.15263610322880616	-0.0034740503096840764
7.697121401752189	0.15177313887445187	-0.003436676126747945
7.72215269086358	0.15091956744648716	-0.003400751309751135
7.74718397997497	0.1500751102407447	-0.003366438375580899
7.772215269086359	0.1492394894387692	-0.0033339707620866077
7.797246558197749	0.1484124384915848	-0.003303682268554764
7.8222778473091354	0.14759372675199423	-0.0032760498379588304
7.8473091364205265	0.14678321370336533	-0.0032517529307757587
7.872340425531913	0.1459809631681317	-0.003231746112852832
7.897371714643305	0.1451874720408588	-0.0032173147605792513
7.922403003754695	0.14440408561130802	-0.003210002914099966
7.947434292866082	0.14363358797788273	-0.0032111244021672813
7.972465581977473	0.14288051092135046	-0.003220420917065467
7.99749687108886	0.14214986146334407	-0.0032340926849629276
8.022528160200253	0.14144349309215087	-0.003244598667028434
8.047559449311638	0.14075749387106296	-0.003244946679442251
8.072590738423028	0.14008607712304322	-0.0032334233254093236
8.09762202753442	0.13942727652618547	-0.0032102695453088
8.122653316645806	0.13877974195773302	-0.003171665430873813
8.147684605757199	0.13813559919601825	-0.003112803934126329
8.172715894868585	0.1374825194357845	-0.0030374005762134615
8.197747183979974	0.1368151174511878	-0.0029578006171816634
8.222778473091363	0.13613779026882877	-0.002884382044794215
8.247809762202753	0.13545776787618546	-0.002820782649008341
8.272841051314145	0.13478035594890247	-0.0027663801839544894
8.297872340425531	0.13410835912567354	-0.0027192833626303037
8.32290362953692	0.1334429585211696	-0.0026777686487405583
8.34793491864831	0.1327845777686507	-0.002640608445112033
8.3729662077597	0.13213333356375134	-0.0026069629614951934
8.397997496871088	0.13148920162968825	-0.002576268754627367
8.423028785982478	0.13085211044809153	-0.002548192855293327
8.448060075093867	0.13022203697515966	-0.002522605005674125
8.473091364205256	0.12959912882694002	-0.0024995331128283005
8.498122653316646	0.12898387273882417	-0.0024790383403429372
8.523153942428035	0.12837725072368134	-0.0024608653013721143
8.548185231539424	0.12778052616263746	-0.002443742464051102
8.573216520650814	0.1271939761566303	-0.002424895544853964
8.598247809762203	0.12661517900358898	-0.002401532820951763
8.623279098873592	0.12604012393243647	-0.0023738199684879002
8.648310387984981	0.12546677128393657	-0.00234463854755515
8.67334167709637	0.12489578062018314	-0.0023164875418507785
8.69837296620776	0.12432862131381217	-0.0022901333228236287
8.72340425531915	0.12376617088802089	-0.0022652103593675116
8.748435544430539	0.12320845789469193	-0.0022412468594230905
8.773466833541928	0.12265521430594983	-0.002218231498199344
8.798498122653317	0.12210638255958717	-0.0021964003380683245
8.823529411764707	0.12156206962918947	-0.002175908739923016
8.848560700876096	0.12102236198712557	-0.002156815356986627
8.873591989987485	0.12048727827303107	-0.0021391870738598634
8.898623279098874	0.1199568098495929	-0.002123177147514546
8.92365456821026	0.11943099254471701	-0.0021090726613442745
8.948685857321653	0.1189100150940865	-0.0020973269537184203
8.973717146433042	0.1183944064898208	-0.0020885562976288713
8.998748435544432	0.1178853526688135	-0.0020833955281724797
9.023779724655821	0.11738508675776327	-0.0020819381600623715
9.048811013767207	0.11689679024219135	-0.002082380995842667
9.0738423028786	0.11642250244760621	-0.002079446581066985
9.098873591989985	0.11595886869576244	-0.0020660828423045147
9.123904881101378	0.11549703473965867	-0.00204024925859074
9.148936170212767	0.11503034122805555	-0.002007465537436498
9.173967459324153	0.11455866117341085	-0.0019745404674437056
9.198998748435546	0.11408507071667717	-0.0019449533232155092
9.224030037546932	0.11361238935652462	-0.0019194203914601748
9.249061326658325	0.11314233325560163	-0.0018975964047776572
9.27409261576971	0.1126758229495115	-0.0018790101451000296
9.2991239048811	0.1122134247852129	-0.0018633759882077938
9.324155193992492	0.11175571730455314	-0.001850616086827933
9.349186483103878	0.1113036149141946	-0.001840678657775388
9.374217772215271	0.11085857320769232	-0.0018330215845087233
9.399249061326657	0.11042216189245746	-0.0018257015397037668
9.424280350438046	0.1099942580844262	-0.0018150741625923977
9.449311639549435	0.10957132374783907	-0.0017982189790953784
9.474342928660825	0.10914870571380231	-0.0017762003489187606
9.499374217772218	0.10872465245678864	-0.001752701395034098
9.524405506883603	0.10830024028585239	-0.001730481141384077
9.549436795994993	0.10787716573805728	-0.0017105011414296628
9.574468085106382	0.10745668862032698	-0.0016927398958985207
9.599499374217771	0.10703961915145666	-0.0016768492079920483
9.62453066332916	0.10662651821336855	-0.0016623234046490298
9.64956195244055	0.10621768468895976	-0.0016484210740178862
9.67459324155194	0.10581285986947275	-0.0016342866759329194
9.699624530663328	0.10541121472367276	-0.0016195410802831156
9.724655819774718	0.10501205336961572	-0.0016045572280552894
9.749687108886107	0.10461527444758278	-0.0015899009855016716
9.774718397997496	0.10422109707839322	-0.001575863515724349
9.799749687108886	0.10382972963026393	-0.0015624864007577344
9.824780976220275	0.10344127888734977	-0.0015497159788753073
9.849812265331664	0.10305577329619009	-0.0015374922807289138
9.874843554443054	0.1026731995141903	-0.001525780591635259
9.899874843554443	0.10229352888361998	-0.0015145803233324318
9.924906132665832	0.10191673747906815	-0.0015039288682627966
9.949937421777221	0.10154282864391195	-0.0014939055645688398
9.97496871088861	0.10117186900192454	-0.0014846321095778187
10.0	0.10080405009694982	-0.0014762511440104958
