-10.0	-0.059136926716398364	-0.0007663800327684656
-9.97496871088861	-0.059249204691422364	-0.000724742331362202
-9.949937421777221	-0.05937951545557851	-0.0006893339216904187
-9.924906132665832	-0.059519985233460915	-0.0006630457297783637
-9.899874843554443	-0.0596655469678371	-0.0006450575796456554
-9.874843554443054	-0.059813578587114336	-0.000633714920556
-9.849812265331664	-0.05996289896847884	-0.0006275813522037543
-9.824780976220275	-0.06011306062975308	-0.0006256700926280112
-9.799749687108886	-0.06026395229679338	-0.0006274246980618042
-9.774718397997496	-0.06041557931214392	-0.0006326535287273921
-9.749687108886107	-0.060567929412149724	-0.0006414645075690228
-9.724655819774718	-0.060720899489091096	-0.0006542008195890986
-9.699624530663328	-0.06087430824401174	-0.0006714413697411076
-9.67459324155194	-0.06102785799472876	-0.0006942576876420026
-9.64956195244055	-0.06118054252587868	-0.000724617232017305
-9.62453066332916	-0.06132935137817164	-0.0007651345839973234
-9.599499374217771	-0.061467866634096424	-0.0008174968896446505
-9.574468085106382	-0.061585775630446093	-0.0008788085491060887
-9.549436795994993	-0.06167291131315622	-0.0009358240771813048
-9.524405506883603	-0.06173208707380873	-0.0009647935399969554
-9.499374217772216	-0.061788164871012796	-0.0009496867267071857
-9.474342928660825	-0.06186950989970619	-0.0009010179998730633
-9.449311639549435	-0.06198407841412923	-0.000842955660505032
-9.424280350438046	-0.06212340641871883	-0.0007916483462846874
-9.399249061326657	-0.062276710592191975	-0.0007519072379314207
-9.37421777221527	-0.06243671837076903	-0.0007228871143660082
-9.349186483103878	-0.06259954652378319	-0.0007022693023436971
-9.32415519399249	-0.06276336965006202	-0.000687874282686407
-9.2991239048811	-0.06292742952036967	-0.0006780321355063373
-9.274092615769712	-0.06309148356286087	-0.0006715511442794975
-9.249061326658325	-0.06325552728069717	-0.0006676039950108958
-9.224030037546934	-0.06341966033493485	-0.0006656243305068199
-9.198998748435546	-0.06358402346248937	-0.0006652311848846792
-9.173967459324155	-0.06374876932442852	-0.0006661786389763891
-9.148936170212767	-0.06391404891252073	-0.0006683248400544683
-9.123904881101378	-0.06408000383415491	-0.000671615733871353
-9.098873591989987	-0.06424675812753833	-0.0006760807045265577
-9.0738423028786	-0.06441440308278068	-0.0006818385746113487
-9.048811013767208	-0.06458296493454618	-0.0006891117708963945
-9.023779724655821	-0.06475233739975117	-0.0006982401142837935
-8.998748435544432	-0.06492215055916262	-0.0007096627850429194
-8.973717146433042	-0.0650915555002527	-0.0007237740481808863
-8.948685857321653	-0.06525902433226705	-0.000740445143432869
-8.923654568210262	-0.06542269765482622	-0.0007580520626641885
-8.898623279098874	-0.06558223840227306	-0.0007728715156534866
-8.873591989987485	-0.06574118476597057	-0.0007813399089307005
-8.848560700876096	-0.06590517345152413	-0.0007842169648721448
-8.823529411764707	-0.06607698242854276	-0.0007860487610149569
-8.798498122653317	-0.06625570708183481	-0.00079095613933447
-8.773466833541928	-0.06643922689685766	-0.0008010640368601579
-8.748435544430539	-0.066625633692043	-0.0008172973391459004
-8.72340425531915	-0.06681335011129086	-0.000840133672159793
-8.69837296620776	-0.06700110655008729	-0.0008699047634500856
-8.67334167709637	-0.06718796140512673	-0.0009074634040169977
-8.648310387984981	-0.0673719980573857	-0.000955181425892862
-8.623279098873592	-0.06754745163243037	-0.0010157957558476621
-8.598247809762203	-0.06770345471881711	-0.0010875048228543294
-8.573216520650814	-0.06782885787998083	-0.0011571899287783488
-8.548185231539424	-0.06792633005013649	-0.001200488239165673
-8.523153942428035	-0.06802186891808049	-0.0012015726173692787
-8.498122653316646	-0.06814465868377972	-0.001173251726301186
-8.473091364205256	-0.06830121658277832	-0.0011431880015125712
-8.448060075093867	-0.06847880086855795	-0.0011306121856618084
-8.423028785982478	-0.06865908456051528	-0.001141374032418055
-8.397997496871088	-0.06882416436308425	-0.0011700310371332012
-8.3729662077597	-0.06896190474524744	-0.0011988924258018313
-8.34793491864831	-0.06907785548871281	-0.001202817789456953
-8.32290362953692	-0.069198042234353	-0.0011700863663758054
-8.297872340425531	-0.06934581340618884	-0.0011146447833306622
-8.272841051314144	-0.06952394177946708	-0.0010582568678953325
-8.247809762202753	-0.06972301493448718	-0.001013169694840138
-8.222778473091363	-0.06993347288630147	-0.000982260127897705
-8.197747183979974	-0.07014920880135556	-0.0009645527057799835
-8.172715894868585	-0.07036674111030283	-0.0009585635398270675
-8.147684605757197	-0.07058365398639133	-0.0009634492055987792
-8.122653316645806	-0.07079718726178541	-0.0009790077263505254
-8.097622027534417	-0.07100298814463102	-0.0010047038522579127
-8.072590738423028	-0.07119470613862422	-0.0010371488611436996
-8.047559449311638	-0.0713670567107938	-0.00106652913724814
-8.02252816020025	-0.07152409226753065	-0.001077889931446488
-7.9974968710888605	-0.07168251760771938	-0.0010636245703440905
-7.972465581977473	-0.07185808134261684	-0.001032290460355731
-7.947434292866082	-0.07205343482395499	-0.000998127289404821
-7.922403003754694	-0.07226285006182742	-0.0009694505184541652
-7.897371714643305	-0.07248018847232363	-0.0009482451616431853
-7.872340425531914	-0.07270154883101121	-0.0009336675545971868
-7.8473091364205265	-0.07292493056962002	-0.000924255019663256
-7.8222778473091354	-0.07314944239436194	-0.0009187129206117417
-7.797246558197748	-0.07337475715135611	-0.0009160709071963785
-7.772215269086359	-0.07360081563966947	-0.0009156474475736365
-7.7471839799749675	-0.0738276784349452	-0.0009169814321109276
-7.72215269086358	-0.07405545311887707	-0.0009197749114081694
-7.697121401752189	-0.07428425634877822	-0.0009238540679690627
-7.672090112640801	-0.0745141884717695	-0.0009291453213328554
-7.647058823529412	-0.07474530652160727	-0.000935659752059656
-7.622027534418023	-0.07497758478474292	-0.0009434727933472914
-7.596996245306634	-0.0752108612120237	-0.0009526693616111193
-7.571964956195245	-0.0754448186937795	-0.0009632054043368227
-7.546933667083856	-0.07567916355579118	-0.0009747269643821665
-7.5219023779724665	-0.07591404553534087	-0.0009867225800488655
-7.496871088861077	-0.07615000714850062	-0.0009992560789128385
-7.471839799749688	-0.07638690928473135	-0.0010131526661193019
-7.446808510638299	-0.07662324215429361	-0.0010287247156834795
-7.421777221526909	-0.0768571606395767	-0.0010442356624013743
-7.39674593241552	-0.07708903115290866	-0.0010560002866307067
-7.371714643304131	-0.07732287635610113	-0.0010616468734028078
-7.346683354192741	-0.07756317285266956	-0.0010631104254102824
-7.321652065081352	-0.07781110321181384	-0.0010643983771582016
-7.296620775969963	-0.07806534593550296	-0.0010682215896913733
-7.2715894868585735	-0.07832428988416229	-0.0010756102045941796
-7.246558197747184	-0.07858687850344026	-0.001086877493350874
-7.221526908635795	-0.07885252137147525	-0.00110233127843605
-7.196495619524406	-0.07912078075359563	-0.0011226142788071658
-7.171464330413016	-0.07939099008417472	-0.0011488754881891355
-7.146433041301627	-0.07966170950183837	-0.0011828151857362634
-7.121401752190238	-0.07992986715942951	-0.0012264181575899757
-7.0963704630788484	-0.08018956789052645	-0.0012807595454794457
-7.071339173967459	-0.08043157992582906	-0.001342708683230151
-7.04630788485607	-0.08064724637799081	-0.0013997041211008115
-7.0212765957446805	-0.08084031575194572	-0.0014302997577608223
-6.996245306633291	-0.08103401126455445	-0.0014213560798794628
-6.971214017521902	-0.08125304633250074	-0.0013836559186924113
-6.946182728410513	-0.0815033393927731	-0.0013388184134984493
-6.921151439299123	-0.08177690903018497	-0.0013006102503896333
-6.896120150187734	-0.08206426154301916	-0.0012728798775698824
-6.871088861076345	-0.08235913099855452	-0.0012547164481456208
-6.8460575719649555	-0.08265821538264717	-0.0012440299495433682
-6.821026282853566	-0.08295998626314027	-0.0012388930729548692
-6.795994993742177	-0.0832638286355829	-0.0012378351287066214
-6.770963704630788	-0.0835695658028861	-0.0012398032972228828
-6.745932415519399	-0.08387722056557578	-0.0012440574803392196
-6.720901126408009	-0.08418690135205953	-0.0012500742485386518
-6.69586983729662	-0.0844987540506068	-0.0012574758948656894
-6.670838548185231	-0.08481294554503727	-0.0012659897618505639
-6.645807259073841	-0.08512964818958668	-0.0012754303262569044
-6.620775969962453	-0.08544901875714483	-0.001285676834605523
-6.595744680851063	-0.08577119340526185	-0.0012966437401148723
-6.570713391739676	-0.08609629671129237	-0.001308263302276208
-6.545682102628285	-0.08642444998934451	-0.0013204798566929798
-6.520650813516897	-0.0867557767551368	-0.0013332493217764335
-6.495619524405506	-0.08709040343539165	-0.0013465426767568234
-6.470588235294117	-0.08742845350911033	-0.0013603462321400972
-6.445556946182729	-0.08777004418340528	-0.001374654883996032
-6.420525657071338	-0.08811528940501034	-0.0013894668129490473
-6.395494367959951	-0.0884643029580765	-0.0014047826222444715
-6.37046307884856	-0.08881719925377318	-0.0014206051607377757
-6.34543178973717	-0.08917409374324325	-0.0014369377239179387
-6.320400500625783	-0.08953510608173243	-0.0014537813129075206
-6.295369211514392	-0.08990036706170557	-0.0014711363036506997
-6.270337922403004	-0.09027002029308928	-0.0014890124910430375
-6.245306633291613	-0.09064421120193433	-0.0015074342062112583
-6.2202753441802265	-0.09102307954692712	-0.0015264310683601595
-6.195244055068836	-0.09140676449725671	-0.001546029928428741
-6.170212765957448	-0.09179541088346799	-0.0015662552610390679
-6.145181476846059	-0.0921891713412597	-0.0015871318801075618
-6.120150187734667	-0.09258820647470856	-0.0016086865580248327
-6.09511889862328	-0.09299268480928191	-0.0016309486515486277
-6.070087609511891	-0.09340278297620408	-0.0016539503264678818
-6.0450563204005014	-0.09381868611266686	-0.0016777266877031627
-6.020025031289112	-0.09424058840456784	-0.0017023159244517055
-5.994993742177721	-0.0946686937209078	-0.001727759503227247
-5.9699624530663336	-0.09510321630809315	-0.0017541024183457404
-5.9449311639549425	-0.09554438151648892	-0.001781393502326284
-5.919899874843555	-0.09599242651824014	-0.0018096857880433026
-5.894868585732166	-0.09644760094541738	-0.0018390368750890451
-5.869837296620776	-0.0969101673529229	-0.0018695091291737048
-5.844806007509387	-0.0973804015364017	-0.0019011692451386258
-5.819774718397998	-0.09785859351278425	-0.0019340863597857166
-5.7947434292866085	-0.09834505189223286	-0.0019683290199603576
-5.769712140175219	-0.09884011376622492	-0.0020039667515622805
-5.74468085106383	-0.09934415043248279	-0.002041083233718516
-5.719649561952441	-0.09985755587282519	-0.0020797869629373827
-5.694618272841051	-0.10038073556035876	-0.0021202021279310562
-5.669586983729662	-0.10091411284924412	-0.0021624572443270373
-5.644555694618273	-0.10145813972124795	-0.002206685347000234
-5.619524405506883	-0.10201330255768859	-0.002253028588137432
-5.594493116395494	-0.10258012550570594	-0.002301641817686287
-5.569461827284105	-0.10315917405015185	-0.0023526958018146166
-5.5444305381727155	-0.10375105798978623	-0.002406381051442197
-5.519399249061326	-0.1043564335279159	-0.002462910398331797
-5.494367959949937	-0.10497600717796907	-0.0025225201089169313
-5.469336670838549	-0.10561054184079488	-0.0025854721320147794
-5.444305381727158	-0.10626086326239115	-0.002652057887303702
-5.419274092615769	-0.10692786645840435	-0.0027226024985533698
-5.3942428035043815	-0.10761252271428656	-0.0027974686302178198
-5.36921151439299	-0.10831588877854248	-0.002877059256649425
-5.344180225281603	-0.10903912188229636	-0.0029618208683345193
-5.319148936170212	-0.10978350130774128	-0.0030522552802017683
-5.2941176470588225	-0.11055044253059698	-0.003148944689924202
-5.269086357947435	-0.11134149552367845	-0.0032525692953524615
-5.244055068836044	-0.11215835283279496	-0.0033639069438466257
-5.219023779724656	-0.11300287821360833	-0.0034838391272239144
-5.193992490613266	-0.11387713923888043	-0.003613372452354588
-5.168961201501876	-0.1147834380779571	-0.0037536672736170756
-5.1439299123904885	-0.11572434457162295	-0.003906070221127378
-5.1188986232791	-0.11670273497628436	-0.004072152455668443
-5.09386733416771	-0.11772183811003334	-0.004253756474940695
-5.06883604505632	-0.11878529028812501	-0.004453054500360515
-5.043804755944931	-0.1198972006713257	-0.004672622047009842
-5.018773466833542	-0.12106222906856612	-0.0049155313069609435
-4.993742177722154	-0.12228567883865615	-0.005185470494410566
-4.968710888610763	-0.12357360853721389	-0.005486897719593542
-4.943679599499373	-0.1249329669546917	-0.005825242541297904
-4.918648310387985	-0.12637175427945824	-0.006207175186929426
-4.893617021276597	-0.12789920783296793	-0.006640966538128401
-4.868585732165207	-0.12952601659708218	-0.007136965676913201
-4.843554443053817	-0.13126457408640135	-0.0077082463624909
-4.818523153942427	-0.13312926366478006	-0.008371503883318449
-4.793491864831038	-0.1351367531268597	-0.00914831185839772
-4.768460575719651	-0.13730625271590657	-0.010066900847358395
-4.7434292866082615	-0.1396596357736941	-0.011164706776469302
-4.71839799749687	-0.1422212042060158	-0.012492065245286843
-4.69336670838548	-0.14501664087399746	-0.014117613260024767
-4.668335419274092	-0.14807019576470726	-0.016136205653749652
-4.643304130162704	-0.15139812959218002	-0.018680391783240616
-4.618272841051315	-0.15499435167142117	-0.02193640163226769
-4.593241551939924	-0.15880013108410562	-0.026163985110845084
-4.568210262828536	-0.16264292956756332	-0.03171269966499449
-4.543178973717147	-0.16612294952522166	-0.039005962263160596
-4.518147684605758	-0.16844312432640152	-0.048413246599138815
-4.4931163954943685	-0.16829625631582878	-0.05987020613825242
-4.468085106382977	-0.1642089667007971	-0.07225352852420559
-4.44305381727159	-0.15571428626225448	-0.08324347246604105
-4.418022528160201	-0.14431201367930058	-0.09073805700426296
-4.392991239048811	-0.1322936125772438	-0.09459792523528412
-4.367959949937422	-0.12059404184961497	-0.0960754215117853
-4.342928660826031	-0.10867831840580688	-0.09568459433748147
-4.317897371714643	-0.09640838183962774	-0.09254430733991345
-4.292866082603254	-0.08505784059800181	-0.08586204695879443
-4.267834793491865	-0.07634476442247351	-0.0761309182710789
-4.2428035043804755	-0.07130466887022902	-0.06481550591772405
-4.217772215269086	-0.06997824406573461	-0.05362369121659624
-4.192740926157699	-0.0715292388609301	-0.0438639936966668
-4.167709637046308	-0.07478710482909268	-0.03604863345444401
-4.142678347934918	-0.07880924829747427	-0.03006332079443197
-4.117647058823529	-0.08303672314558375	-0.025552860249448694
-4.09261576971214	-0.08719751256626962	-0.022157263800354335
-4.067584480600752	-0.0911824007955957	-0.019588350087772752
-4.042553191489361	-0.09496315745962036	-0.017634183604720535
-4.017521902377972	-0.0985485652226572	-0.016143552495549426
-3.9924906132665825	-0.10196276199504162	-0.01500941151977754
-3.967459324155193	-0.10523510423195992	-0.014155941293910124
-3.9424280350438052	-0.10839568149423018	-0.013529373478020718
-3.917396745932415	-0.11147354237994689	-0.013091725343836777
-3.8923654568210257	-0.11449620281337447	-0.012816592795468276
-3.867334167709638	-0.11748975047940702	-0.012686366090931642
-3.8423028785982494	-0.12047921949943285	-0.012690438351062552
-3.8172715894868587	-0.12348908393623415	-0.012824132706535249
-3.7922403003754686	-0.12654380279489263	-0.013088185892227516
-3.7672090112640793	-0.12966838808408587	-0.013488709126349335
-3.7421777221526913	-0.13288898170618735	-0.014037615311306054
-3.717146433041303	-0.13623342374752712	-0.014753567421946556
-3.6921151439299127	-0.13973177232192802	-0.015663578626034597
-3.6670838548185225	-0.14341668157751375	-0.016805494066421345
-3.6420525657071328	-0.14732343122089375	-0.018231724176175218
-3.617021276595745	-0.1514891665448208	-0.020014798213913748
-3.5919899874843564	-0.15595042348538346	-0.022255571459885853
-3.566958698372966	-0.1607370119457241	-0.02509519482187242
-3.541927409261576	-0.16585828439559824	-0.028731948991510145
-3.5168961201501876	-0.1712738086548491	-0.033442683859986305
-3.4918648310387996	-0.17683354734488654	-0.03960253006774608
-3.46683354192741	-0.1821651104168489	-0.04767696240385644
-3.4418022528160197	-0.18649695477481876	-0.058111949489220244
-3.4167709637046295	-0.1885043599199605	-0.07098002965480554
-3.391739674593241	-0.1865347052757813	-0.08531811506520359
-3.366708385481853	-0.1797222445960891	-0.0986999743115822
-3.341677096370464	-0.16946349679966888	-0.10833828472343876
-3.3166458072590737	-0.15897105908081866	-0.11348877126846423
-3.291614518147683	-0.1506735031920674	-0.11606432861986982
-3.2665832290362946	-0.14465146752588565	-0.11883409234515144
-3.2415519399249066	-0.13897891488669822	-0.12352520601918779
-3.2165206508135173	-0.13110365559747938	-0.12975040964360882
-3.191489361702127	-0.11966867530044878	-0.1352198032410657
-3.166458072590739	-0.10555586718863275	-0.137426593524051
-3.14142678347935	-0.09098254750652046	-0.13542593638767395
-3.11639549436796	-0.07781362995458307	-0.12985146974364548
-3.091364205256571	-0.06694602170724195	-0.12198905193987514
-3.0663329161451807	-0.05827479457911622	-0.11306658134197622
-3.0413016270337927	-0.051088601142449175	-0.10349324316934819
-3.0162703379224034	-0.04518021372677383	-0.09274907696757476
-2.991239048811014	-0.04147279602613274	-0.08055318194947678
-2.966207759699625	-0.04098731090556784	-0.0679075886315276
-2.941176470588234	-0.04357117590599424	-0.056377855869978094
-2.916145181476846	-0.048161965709564214	-0.046868680413486075
-2.891113892365457	-0.05368676378309445	-0.03944994934431692
-2.8660826032540676	-0.05945542228339962	-0.033788631391565904
-2.8410513141426783	-0.06512037925307368	-0.029485314366265114
-2.816020025031289	-0.07054034242154783	-0.026203335015020618
-2.790988735919901	-0.07567920170205511	-0.023690195927134824
-2.7659574468085104	-0.08054957633870741	-0.021764687906870153
-2.740926157697121	-0.08518464796340774	-0.020298924291869067
-2.715894868585732	-0.08962495666888248	-0.019203480820049953
-2.6908635794743425	-0.09391259951990971	-0.018416735323547553
-2.6658322903629545	-0.09808899167090201	-0.017897693543358004
-2.6408010012515644	-0.10219431419733427	-0.017621408010240883
-2.615769712140175	-0.10626773923800581	-0.017576314268930332
-2.5907384230287853	-0.1103479798419924	-0.017763070334783165
-2.565707133917396	-0.11447390802377289	-0.01819471792301297
-2.540675844806008	-0.11868502871805475	-0.018898194481154443
-2.515644555694618	-0.12302151422560437	-0.019917439194834782
-2.4906132665832286	-0.12752324763607792	-0.021318576586923585
-2.4655819774718406	-0.13222675423915753	-0.023197919015200588
-2.440550688360452	-0.13715771641563812	-0.025693674464876443
-2.4155193992490616	-0.1423144252315769	-0.029001746910329973
-2.3904881101376714	-0.14763336860314746	-0.033393151534374
-2.365456821026282	-0.1529229904792775	-0.03922073367873988
-2.340425531914894	-0.15775459263898028	-0.046877790042926776
-2.3153942428035057	-0.16134321479303404	-0.056633314443721355
-2.2903629536921155	-0.16257865495266532	-0.06829227511270636
-2.2653316645807253	-0.1604584912670921	-0.08088666191836935
-2.2403003754693356	-0.1547747447626533	-0.0929604133050104
-2.2152690863579476	-0.1461065940699855	-0.10346188033957071
-2.190237797246559	-0.13493796038836714	-0.1118930387826895
-2.165206508135169	-0.121599214921015	-0.11749743197228099
-2.140175219023779	-0.107113029249303	-0.11940376453349472
-2.1151439299123904	-0.09299344073823623	-0.11758984359892602
-2.0901126408010025	-0.08023690856631349	-0.11288730840288547
-2.0650813516896127	-0.0689515384391175	-0.10609199100740346
-2.0400500625782225	-0.05902468954391549	-0.0972219416125572
-2.0150187734668323	-0.05119940830846792	-0.08596665098228354
-1.989987484355444	-0.04683402508318868	-0.07306442835660668
-1.9649561952440555	-0.04635975545655935	-0.06034606949642901
-1.939924906132667	-0.04886769343222319	-0.04933183679476716
-1.914893617021277	-0.0530368063452209	-0.040525088756133726
-1.8898623279098858	-0.057862473428071715	-0.0337341649527306
-1.8648310387984974	-0.06277459429217624	-0.02854274256040043
-1.839799749687109	-0.06750450169375188	-0.024551320469842444
-1.8147684605757206	-0.07194847055954035	-0.021445458245205454
-1.7897371714643304	-0.07608290540835805	-0.01899445849225133
-1.764705882352942	-0.07991979759125978	-0.017032772701551374
-1.7396745932415527	-0.08348501390427421	-0.015441746032470727
-1.7146433041301625	-0.08680818983010918	-0.0141356316808266
-1.6896120150187741	-0.08991826644353762	-0.013051697403523382
-1.664580725907384	-0.09284171076343739	-0.012143412144552057
-1.6395494367959955	-0.0956019839151645	-0.011375776821801936
-1.6145181476846062	-0.09821956679874333	-0.010722107863144717
-1.589486858573217	-0.10071221366294347	-0.010161799316993056
-1.5644555694618276	-0.10309527858023126	-0.009678746860870807
-1.5394242803504374	-0.10538204446325827	-0.009260223551612295
-1.514392991239049	-0.10758402518245136	-0.008896067387977796
-1.4893617021276597	-0.10971123086155177	-0.008578086754018693
-1.4643304130162704	-0.11177239542918271	-0.008299620020274706
-1.4392991239048811	-0.11377516935080223	-0.008055205567376628
-1.4142678347934918	-0.11572628181854383	-0.007840331852471238
-1.3892365456821025	-0.11763167686232845	-0.007651246162534361
-1.3642052565707132	-0.11949662752367063	-0.007484806865937527
-1.339173967459324	-0.12132583172623423	-0.00733836823779381
-1.3141426783479346	-0.1231234929375058	-0.007209689916493081
-1.2891113892365453	-0.12489338821238283	-0.0070968651573865005
-1.264080100125157	-0.12663892576654034	-0.006998263556270201
-1.2390488110137667	-0.1283631938513241	-0.006912485003149005
-1.2140175219023774	-0.13006900238789298	-0.006838322419740098
-1.1889862327909881	-0.13175891855954613	-0.006774731417637167
-1.1639549436795988	-0.13343529734879211	-0.006720805447150424
-1.1389236545682104	-0.1351003078324925	-0.006675755331049957
-1.1138923654568202	-0.13675595590677492	-0.006638892322040915
-1.0888610763454318	-0.1384041039980224	-0.006609614008794409
-1.0638297872340434	-0.1400464882219774	-0.00658739253779822
-1.0387984981226523	-0.14168473337576715	-0.006571764728096494
-1.013767209011264	-0.14332036608436383	-0.006562323741264198
-0.9887359198998737	-0.14495482637114243	-0.006558712035536207
-0.9637046307884853	-0.14658947787911536	-0.00656061538532407
-0.9386733416770969	-0.14822561693419256	-0.006567757788718903
-0.9136420525657085	-0.1498644806124284	-0.006579897118425396
-0.8886107634543183	-0.15150725394869924	-0.006596821397809635
-0.8635794743429273	-0.153155076404213	-0.006618345604838455
-0.8385481852315388	-0.15480904769299442	-0.00664430892366355
-0.8135168961201504	-0.15647023305338514	-0.006674572377398921
-0.788485607008762	-0.15813966803873736	-0.006709016786857355
-0.7634543178973718	-0.15981836289129392	-0.006747541009195307
-0.7384230287859816	-0.16150730655477286	-0.006790060417940766
-0.7133917396745932	-0.16320747037415545	-0.006836505592119027
-0.6883604505632039	-0.16491981152488405	-0.006886821187329625
-0.6633291614518155	-0.1666452762087306	-0.006940964965921628
-0.6382978723404253	-0.16838480264908112	-0.006998906966998453
-0.6132665832290352	-0.17013932391477943	-0.007060628799992488
-0.5882352941176467	-0.17190977059840595	-0.0071261230480766935
-0.5632040050062583	-0.17369707337238	-0.007195392769841866
-0.5381727158948699	-0.17550216544376107	-0.0072684510894898136
-0.5131414267834788	-0.17732598492697227	-0.0073453208673624065
-0.48811013767208866	-0.17916947715188014	-0.007426034443976451
-0.46307884856070025	-0.18103359692340598	-0.00751063345191412
-0.43804755944931184	-0.18291931074780354	-0.007599168690932884
-0.41301627033792343	-0.1848275990396413	-0.007691700062572623
-0.38798498122653324	-0.18675945832312513	-0.007788296561349384
-0.36295369211514483	-0.18871590344052613	-0.007889036320338313
-0.33792240300375376	-0.1906979697804036	-0.007994006709635779
-0.31289111389236535	-0.19270671553779462	-0.008103304486783577
-0.28785982478097694	-0.1947432240186111	-0.00821703599883622
-0.26282853566958675	-0.19680860600048966	-0.008335317436303946
-0.23779724655819834	-0.19890400216239668	-0.008458275139737723
-0.21276595744680904	-0.20103058559551235	-0.008586045960249075
-0.18773466833541974	-0.20318956440853952	-0.008718777675819689
-0.16270337922403044	-0.20538218444088852	-0.008856629465781723
-0.13767209011264026	-0.20760973209772715	-0.00899977244641273
-0.11264080100125184	-0.20987353732199399	-0.009148390271214016
-0.08760951188986255	-0.21217497671905416	-0.009302679800049507
-0.06257822277847325	-0.21451547685093392	-0.009462851842026582
-0.03754693366708395	-0.21689651771815133	-0.009629131977727454
-0.01251564455569465	-0.21931963644872043	-0.009801761467230802
0.01251564455569465	-0.22178643121535746	-0.009980998251253037
0.03754693366708395	-0.2242985654037909	-0.010167118053731633
0.06257822277847325	-0.2268577720572056	-0.010360415595311659
0.08760951188986255	-0.22946585862392954	-0.01056120592840569
0.11264080100125184	-0.23212471203846302	-0.010769825905947925
0.13767209011264114	-0.23483630416847168	-0.010986635797518865
0.16270337922403044	-0.2376026976641038	-0.01121202106834368
0.18773466833541974	-0.24042605224948277	-0.011446394338703203
0.21276595744680726	-0.24330863150052884	-0.011690197543643144
0.23779724655819834	-0.24625281015817002	-0.011943904315539947
0.26282853566958764	-0.24926108203147068	-0.012208022615169747
0.28785982478097694	-0.2523360685509596	-0.01248309764041304
0.31289111389236623	-0.2554805280401693	-0.012769715045859054
0.33792240300375376	-0.25869736578062974	-0.01306850451122335
0.36295369211514483	-0.2619896449549711	-0.013380143701973587
0.38798498122653235	-0.26536059856316463	-0.013705362671891319
0.41301627033792343	-0.2688136424183384	-0.01404494876465237
0.43804755944931273	-0.27235238934258543	-0.014399752080156786
0.46307884856070025	-0.27598066469818283	-0.014770691581409104
0.4881101376720913	-0.2797025234075916	-0.015158761929606232
0.5131414267834788	-0.2835222686361696	-0.015565041149067052
0.5381727158948699	-0.2874444723347629	-0.01599069924011988
0.5632040050062574	-0.2914739978669896	-0.016437007877634996
0.5882352941176467	-0.2956160249773869	-0.016905351356135453
0.6132665832290378	-0.29987607739334754	-0.017397238970164985
0.6382978723404253	-0.30426005339675477	-0.017914319051829927
0.6633291614518164	-0.3087742597508696	-0.018458394927337043
0.6883604505632039	-0.3134254494267834	-0.019031443102534393
0.7133917396745932	-0.31822086364246616	-0.01963563404579921
0.7384230287859808	-0.3231682788079535	-0.02027335600755438
0.7634543178973718	-0.3282760590662286	-0.020947242402404587
0.7884856070087629	-0.33355321523192205	-0.021660203386225305
0.8135168961201504	-0.3390094710646432	-0.02241546239173968
0.8385481852315397	-0.34465533797318315	-0.023216598548663925
0.8635794743429273	-0.35050219943834726	-0.024067596117094817
0.8886107634543183	-0.35656240667048467	-0.024972902316617834
0.9136420525657059	-0.36284938729288907	-0.025937495253552406
0.9386733416770969	-0.3693777691731073	-0.026966964054552706
0.9637046307884862	-0.3761635219240169	-0.02806760383289958
0.9887359198998737	-0.3832241190797794	-0.02924652878000883
1.0137672090112648	-0.39057872453796394	-0.030511807537668467
1.0387984981226523	-0.3982484075694128	-0.031872626133214316
1.0638297872340434	-0.4062563915586519	-0.03333948524330696
1.088861076345431	-0.41462834267904913	-0.034924440522493994
1.1138923654568202	-0.4233927059602378	-0.0366413973751053
1.1389236545682113	-0.4325810976994058	-0.038506475127880885
1.1639549436795988	-0.44222876491985774	-0.04053846045959622
1.18898623279099	-0.4523751245751979	-0.0427593767249399
1.2140175219023774	-0.46306439734613014	-0.04519520530657109
1.2390488110137667	-0.4743463529371983	-0.04787680859196722
1.264080100125156	-0.48627718519107277	-0.05084112349531089
1.2891113892365453	-0.4989205348906749	-0.05413272252663756
1.3141426783479364	-0.5123486733021265	-0.05780588070442577
1.339173967459324	-0.5266438451549804	-0.061927347950966716
1.3642052565707132	-0.541899735248482	-0.0665801183540877
1.3892365456821025	-0.558222946336608	-0.07186862486986867
1.4142678347934918	-0.5757342120024256	-0.07792599028954084
1.4392991239048811	-0.5945687224282139	-0.08492425020711128
1.4643304130162704	-0.6148742180200002	-0.09308881660722182
1.4893617021276597	-0.6368040151749206	-0.10271871586366149
1.514392991239049	-0.6604991653947403	-0.11421366839200903
1.5394242803504383	-0.6860486281386797	-0.1281057599445586
1.5644555694618276	-0.7134094399933493	-0.1450815014563691
1.589486858573217	-0.742271348940656	-0.16594853634145199
1.6145181476846044	-0.771904020967332	-0.19145077220547904
1.6395494367959955	-0.8011908473158296	-0.22185700544230316
1.6645807259073848	-0.8292009860638867	-0.2565709892609688
1.6896120150187741	-0.8562133811498267	-0.29454629944847643
1.7146433041301634	-0.883916671319358	-0.3358895099491537
1.739674593241551	-0.9137363790132356	-0.38295572851119875
1.764705882352942	-0.9451694883444524	-0.439491866830207
1.7897371714643295	-0.9751197151128217	-0.5094170966985225
1.8147684605757206	-0.9975150941328437	-0.5948233306406169
1.83979974968711	-1.0055050207839922	-0.6935034099600638
1.8648310387984974	-0.9955075390174546	-0.8000726572278504
1.8898623279098885	-0.9678031541841814	-0.910537868348312
1.914893617021276	-0.92238903569686	-1.0246687826745386
1.939924906132667	-0.8550367017450178	-1.1432280440961557
1.9649561952440546	-0.7571258452548046	-1.2633303748637723
1.989987484355444	-0.6186868363910265	-1.373786300992125
2.015018773466835	-0.43677299303903583	-1.453252993480373
2.0400500625782225	-0.22412751412417853	-1.4777690727152668
2.065081351689613	-0.00839060813365844	-1.4342175973035964
2.090112640801001	0.18035154530705677	-1.3283489940690545
2.1151439299123904	0.3220543896336774	-1.1790659833030328
2.1401752190237784	0.40861268658237093	-1.008893754780567
2.165206508135169	0.44162174077695515	-0.8393110908908277
2.1902377972465596	0.4309820617675433	-0.6874851343985703
2.2152690863579476	0.3915209147241794	-0.5625304863910373
2.240300375469337	0.3372222144519963	-0.4651599497057278
2.265331664580725	0.2776390308206591	-0.3912837454321346
2.2903629536921155	0.21793506485250713	-0.33568841157953067
2.315394242803503	0.16039523660502963	-0.29382825927692025
2.340425531914894	0.10575642976464783	-0.2622425205748161
2.3654568210262834	0.05401125819481756	-0.23843523555595178
2.3904881101376714	0.004825241661794433	-0.2206437951223517
2.415519399249062	-0.04226263148442699	-0.2076354376103778
2.4405506883604495	-0.0877492084216498	-0.19855769392236663
2.4655819774718406	-0.1321299357124892	-0.1928362056591754
2.490613266583228	-0.17588701960366793	-0.19010818252689685
2.515644555694618	-0.21948919462852068	-0.19018193819004695
2.5406758448060085	-0.2633960649080431	-0.19301626550093706
2.565707133917396	-0.3080627565499885	-0.19871636635969267
2.590738423028787	-0.35394092546547684	-0.20754541311189986
2.6157697121401746	-0.40147021734916377	-0.2199523738061225
2.6408010012515644	-0.45104939686693823	-0.23661626667970517
2.665832290362953	-0.5029680410443773	-0.2585003712384266
2.6908635794743425	-0.5572730788072904	-0.2868870807110434
2.7158948685857336	-0.6135691209855643	-0.3233150067949778
2.740926157697121	-0.6708791707237127	-0.36931681123402904
2.765957446808511	-0.7278705084177575	-0.4261015846592696
2.7909887359198997	-0.7833330839266002	-0.49484717818807744
2.816020025031289	-0.8356671620404055	-0.5775887310239812
2.841051314142678	-0.8811561036347273	-0.6766785674026049
2.8660826032540676	-0.9139142103842515	-0.7920371836850868
2.8911138923654573	-0.9293404048349356	-0.9198983568400875
2.916145181476846	-0.926771705190025	-1.0563024497506381
2.9411764705882355	-0.9068174727406024	-1.2009720758568465
2.9662077596996244	-0.8668005059095112	-1.3567689475866986
2.991239048811014	-0.7975106416469444	-1.525807062752926
3.0162703379224016	-0.6840810235931687	-1.7017744583208552
3.0413016270337927	-0.5157055604209142	-1.8657547242715204
3.066332916145182	-0.2942976009685787	-1.9926493544928685
3.091364205256571	-0.036080416655730474	-2.060195885450144
3.1163954943679606	0.23255605161678794	-2.058426149115424
3.141426783479348	0.48699134730324944	-1.9924166146664448
3.166458072590739	0.7108482616673899	-1.8741298681225063
3.1914893617021267	0.8938088448906099	-1.7178426301281962
3.2165206508135173	1.032305305213761	-1.538788584887082
3.241551939924907	1.1279267246416094	-1.3481241891278126
3.2665832290362946	1.1811069783823425	-1.1538728597174301
3.2916145181476857	1.1923377359140557	-0.9665810490632819
3.316645807259073	1.1672119834156809	-0.7978178547816428
3.341677096370464	1.11622394573497	-0.6554241988363363
3.366708385481852	1.0511835402329086	-0.5412562450227562
3.391739674593241	0.9814931977417576	-0.4522897295485333
3.416770963704632	0.9127973975612558	-0.3835371811114765
3.4418022528160197	0.8477618113250847	-0.3301944097643662
3.4668335419274103	0.787303419086181	-0.2884155005158143
3.4918648310387983	0.7314695448291233	-0.2553407083390694
3.5168961201501876	0.6799263694319735	-0.2288979509063205
3.5419274092615756	0.6322010935216138	-0.20759253017592452
3.566958698372966	0.5877936770785372	-0.19034142416620872
3.591989987484357	0.5462242778950044	-0.1763544729135517
3.617021276595745	0.5070500998291645	-0.1650520734272051
3.642052565707134	0.4698681127102824	-0.15600883647258748
3.667083854818522	0.4343115249704015	-0.14891520775862416
3.6921151439299127	0.40004371500314617	-0.14355154560462993
3.7171464330413	0.3667513070213273	-0.13977103079251094
3.7421777221526913	0.3341371027060669	-0.13748911551572424
3.7672090112640806	0.30191311770671625	-0.1366781623117269
3.7922403003754686	0.26979377004780103	-0.13736663388841028
3.817271589486859	0.23748921476354834	-0.13964279543910307
3.8423028785982467	0.2046988844637303	-0.14366348969891748
3.867334167709638	0.1711055105204915	-0.14966924909784976
3.8923654568210253	0.1363703749763414	-0.15800794429014067
3.917396745932415	0.10013152950411008	-0.1691704899734113
3.9424280350438057	0.06200874268206258	-0.18384401063548847
3.967459324155193	0.02162309343972435	-0.20299038921661725
3.9924906132665843	-0.021352375292992498	-0.22796081348854333
4.017521902377972	-0.067077535813449	-0.2606572861977198
4.042553191489361	-0.1153003833163817	-0.30374117441078974
4.06758448060075	-0.16486811154190573	-0.3608415044997162
4.09261576971214	-0.21284353281158275	-0.4365804373567461
4.117647058823531	-0.25318712695778167	-0.5359783974021713
4.142678347934918	-0.27543654172912735	-0.6626187081129583
4.167709637046308	-0.2645171393317689	-0.8153351586154067
4.192740926157697	-0.202991440495925	-0.9842419411809246
4.217772215269086	-0.07635896501577832	-1.1476190788490246
4.2428035043804755	0.11766394796272106	-1.2718926808045556
4.267834793491865	0.35820243306413335	-1.3214804902076385
4.292866082603254	0.6027339058348979	-1.2788980638942444
4.317897371714643	0.806685751312251	-1.156260227485148
4.342928660826033	0.9433005794701272	-0.9868189470037999
4.367959949937422	1.009487842945179	-0.8078156272625665
4.392991239048811	1.0201149482389735	-0.6467025193878371
4.418022528160199	0.996449670031172	-0.5154400089729342
4.44305381727159	0.9562127238296441	-0.41395826336918384
4.468085106382979	0.9104017324852145	-0.3369798180644439
4.4931163954943685	0.8646690154462844	-0.2785608381981213
4.518147684605758	0.82151185465196	-0.23377753060180714
4.543178973717145	0.7818151022461195	-0.19896264252182636
4.568210262828536	0.7457076776842437	-0.1714864174824627
4.593241551939924	0.7129931246996293	-0.14947938689161638
4.618272841051315	0.6833555084993241	-0.13160643108930836
4.643304130162704	0.656454046953848	-0.11690387580060524
4.668335419274092	0.6319641019595164	-0.1046669782230922
4.693366708385483	0.6095927596576916	-0.09437316484887645
4.71839799749687	0.589082661500461	-0.08562958103651122
4.7434292866082615	0.5702106644602205	-0.07813695940162363
4.768460575719649	0.5527844679341269	-0.0716644459447281
4.793491864831038	0.5366386668516334	-0.06603184579894314
4.818523153942429	0.5216308977256352	-0.06109697469416675
4.843554443053817	0.5076384059527808	-0.056746551882317
4.868585732165208	0.49455511896582305	-0.052889491852517595
4.8936170212765955	0.48228911409881636	-0.049451871925048296
4.918648310387985	0.4707604316623124	-0.04637317700923016
4.943679599499372	0.45989924505926805	-0.04360348861110103
4.968710888610763	0.4496443470513407	-0.04110134195012258
4.9937421777221545	0.4399418904664243	-0.03883206824836649
5.018773466833542	0.4307443344878328	-0.03676650097292039
5.043804755944931	0.4220095600130884	-0.034879958910161324
5.068836045056319	0.41370012503973896	-0.03315144121735761
5.09386733416771	0.4057826362285395	-0.03156298580568137
5.118898623279097	0.3982272169496657	-0.03009915443055991
5.1439299123904885	0.3910070555756837	-0.02874661677147783
5.168961201501878	0.38409802065945176	-0.02749381238702317
5.193992490613265	0.377478332002398	-0.026330674348700345
5.219023779724656	0.3711282785615255	-0.025248402042145485
5.244055068836044	0.36502997572726326	-0.024239273405406117
5.269086357947435	0.35916715579959213	-0.02329648898776268
5.2941176470588225	0.353524986545696	-0.02241404183112676
5.319148936170212	0.34808991358609287	-0.021586608424308554
5.344180225281603	0.3428495230637285	-0.020809456950603683
5.36921151439299	0.3377924216330923	-0.02007836980935461
5.3942428035043815	0.3329081312864899	-0.01938957799407595
5.419274092615769	0.3281869969358695	-0.018739705392866818
5.444305381727158	0.3236201050080796	-0.018125721472784795
5.469336670838548	0.31919921160965536	-0.01754490114504037
5.494367959949937	0.3149166790978315	-0.01699479090579821
5.519399249061328	0.3107654201960992	-0.016473180629458364
5.5444305381727155	0.3067388491831444	-0.015978080672734
5.569461827284105	0.30283084029959273	-0.015507704217564589
5.594493116395494	0.2990356946251689	-0.0150604549291488
5.619524405506883	0.2953481187882936	-0.014634919588239328
5.644555694618273	0.2917632227267699	-0.014229862889888853
5.669586983729662	0.28827654935413616	-0.013844212709421364
5.694618272841051	0.28488414994545774	-0.013476998396488221
5.719649561952441	0.2815826808393611	-0.013127150648601774
5.74468085106383	0.27836932453605634	-0.012793047378372918
5.769712140175219	0.275241048898458	-0.012472034826767953
5.7947434292866085	0.27219325307964937	-0.01216108303907261
5.819774718397996	0.2692199110767204	-0.011858953330322788
5.844806007509387	0.2663160513065046	-0.011566768385276122
5.869837296620776	0.2634789062774683	-0.011285944842730142
5.894868585732166	0.26070676626078537	-0.011016866292168664
5.919899874843555	0.2579979357074542	-0.010759124141757392
5.9449311639549425	0.2553504948877787	-0.010512035809727774
5.9699624530663336	0.2527623853776513	-0.010274913485967374
5.994993742177721	0.25023151645832886	-0.01004714865348301
6.020025031289112	0.24775582928885953	-0.009828224592486945
6.0450563204005014	0.2453333276123626	-0.009617710229156709
6.07008760951189	0.24296209035531557	-0.00941525363165678
6.09511889862328	0.24064027659506326	-0.009220580234477194
6.120150187734667	0.238366129758405	-0.00903349652330844
6.145181476846059	0.2361379865580462	-0.008853897397961247
6.170212765957445	0.23395429441004012	-0.008681770806709455
6.195244055068836	0.23181363022394308	-0.008517186664029994
6.2202753441802265	0.22971468126512917	-0.00836027146058052
6.245306633291613	0.22765614679877544	-0.008211266373343823
6.270337922403005	0.22563673829237274	-0.00807083920189125
6.295369211514392	0.22365566326147768	-0.007940435599744514
6.320400500625783	0.22171347472100233	-0.007822139297712541
6.3454317897371695	0.21981297638008535	-0.007717963066651651
6.37046307884856	0.21796020289053253	-0.007628111239513249
6.395494367959952	0.216164019588593	-0.007546973571621443
6.420525657071338	0.21442979954559682	-0.007458465153027116
6.445556946182729	0.21274667805120728	-0.0073412403995268966
6.470588235294116	0.21108738906948155	-0.007189090080014157
6.495619524405506	0.20943141787425823	-0.0070184114348737225
6.520650813516895	0.20777786114623797	-0.00684930552244245
6.545682102628285	0.2061353619394355	-0.006691798914481448
6.570713391739676	0.20451175325347215	-0.006547563223229039
6.5957446808510625	0.20291150199647134	-0.006414965425946953
6.620775969962453	0.20133653720555422	-0.006291806633693511
6.645807259073841	0.1997873702057138	-0.0061762122682937765
6.670838548185231	0.19826381201282572	-0.006066771507890423
6.695869837296622	0.19676535321787192	-0.005962463890808928
6.720901126408009	0.19529135094667183	-0.005862556964920704
6.745932415519399	0.19384111755913924	-0.005766522630864843
6.770963704630788	0.19241396132575517	-0.005673977771294095
6.795994993742178	0.1910092040045619	-0.005584644656083423
6.821026282853566	0.18962618746717474	-0.005498325822839642
6.8460575719649555	0.18826427537754142	-0.00541488950361553
6.871088861076346	0.1869228531174425	-0.0053342632265862555
6.896120150187734	0.18560132810592833	-0.00525643455925906
6.921151439299124	0.18429913279009735	-0.0051814590606135275
6.946182728410513	0.18301573390931836	-0.005109476290067666
6.971214017521902	0.18175065461045836	-0.0050407346132333025
6.996245306633291	0.18050352099214972	-0.004975622803850138
7.0212765957446805	0.1792741500502526	-0.0049146979146831304
7.046307884856071	0.17806269594397328	-0.004858684758838952
7.071339173967459	0.176869873259081	-0.004808415395738411
7.0963704630788484	0.1756973456917379	-0.004764628776770682
7.121401752190238	0.17454834663720842	-0.004727154570560083
7.146433041301627	0.1734274538950693	-0.0046926127012374835
7.171464330413016	0.17233665310949942	-0.004652097945270467
7.196495619524406	0.17126870948116402	-0.0045952993514287305
7.221526908635795	0.17020931033502418	-0.004521436776136603
7.246558197747184	0.16914977590730018	-0.004440523486303069
7.2715894868585735	0.16809146105679407	-0.004362724502290791
7.296620775969963	0.16703982123716532	-0.00429269503441812
7.321652065081352	0.16599993757592468	-0.004230928114297511
7.3466833541927405	0.16497559649631288	-0.004175532344962832
7.371714643304131	0.16396865183104392	-0.004122691998745667
7.39674593241552	0.1629774452546311	-0.004068123540056728
7.421777221526909	0.16199744699367624	-0.004010602391105927
7.446808510638299	0.16102543457075846	-0.003952821035649964
7.471839799749687	0.1600614731672847	-0.003898073647893671
7.496871088861077	0.15910727551117088	-0.0038480852621651657
7.521902377972466	0.15816472497016587	-0.003803204646749603
7.546933667083856	0.15723554046832966	-0.003762805903044855
7.571964956195245	0.1563208704652448	-0.0037251779070485574
7.5969962453066335	0.1554201773927888	-0.003688069209885278
7.622027534418024	0.1545312868648674	-0.0036508492716581936
7.647058823529412	0.15365324490713483	-0.0036153157220856214
7.672090112640802	0.15278818946778827	-0.003582755972831808
7.697121401752189	0.1519391507243686	-0.003550781065077127
7.72215269086358	0.15110549149523766	-0.0035138650344147954
7.74718397997497	0.1502810948509774	-0.0034688855711373506
7.772215269086359	0.149459780313018	-0.003419214002664109
7.797246558197749	0.14864059060579837	-0.0033708654161553053
7.8222778473091354	0.14782639194617886	-0.003327675674950445
7.8473091364205265	0.1470209353829217	-0.0032906859936580463
7.872340425531913	0.14622781144644748	-0.0032587673880177803
7.897371714643305	0.1454496221595738	-0.003228368326817818
7.922403003754695	0.14468560050037205	-0.0031940834355976416
7.947434292866082	0.14393040657333245	-0.0031527057806537417
7.972465581977473	0.14317847916607462	-0.0031065418761350855
7.99749687108886	0.1424284948297112	-0.003060239168830428
8.022528160200253	0.14168212644028166	-0.003016665768240334
8.047559449311638	0.14094131341631844	-0.0029765463877556714
8.072590738423028	0.14020727210798256	-0.002939612575764902
8.09762202753442	0.1394805813693285	-0.0029053626868609933
8.122653316645806	0.13876143412960928	-0.0028733182128949514
8.147684605757199	0.13804976503288735	-0.0028430767527278383
8.172715894868585	0.13734529524795924	-0.0028143888398232675
8.197747183979974	0.13664766119136473	-0.002787254175999676
8.222778473091363	0.13595657682776974	-0.002761871142359415
8.247809762202753	0.13527185022219257	-0.0027385261561554824
8.272841051314145	0.13459333157100417	-0.002717588850468189
8.297872340425531	0.13392091768376346	-0.002699583021145993
8.32290362953692	0.1332546330461568	-0.002685270951234983
8.34793491864831	0.1325948006297768	-0.002675725152809727
8.3729662077597	0.13194234593775533	-0.0026723337288600685
8.397997496871088	0.1312992533509849	-0.00267659902054114
8.423028785982478	0.13066906051285265	-0.0026895394404686523
8.448060075093867	0.13005722507745432	-0.002710560766007508
8.473091364205256	0.12947104953633648	-0.0027351034032861155
8.498122653316646	0.12891598604681676	-0.0027505918299335352
8.523153942428035	0.12838492288881476	-0.0027385137430803452
8.548185231539424	0.12785498041056265	-0.0026914039812437757
8.573216520650814	0.1273065924786998	-0.0026227614833559815
8.598247809762203	0.12673787068204234	-0.0025518411472418984
8.623279098873592	0.1261571467917051	-0.0024893882562520286
8.648310387984981	0.12557281781250929	-0.002437972570958069
8.67334167709637	0.12499033723914721	-0.0023966923217348945
8.69837296620776	0.12441294782096612	-0.00236395068852753
8.72340425531915	0.12384297556653046	-0.0023382000763000482
8.748435544430539	0.12328261370729088	-0.0023174647520982083
8.773466833541928	0.12273345296337546	-0.0022983161976446176
8.798498122653317	0.12219438128021132	-0.0022761188226372298
8.823529411764707	0.1216607050673133	-0.002248390996714311
8.848560700876096	0.1211279106926959	-0.0022172567596952103
8.873591989987485	0.12059510042450405	-0.0021865728681770558
8.898623279098874	0.12006375615513853	-0.002158673549994203
8.92365456821026	0.11953555765939505	-0.0021342229613746377
8.948685857321653	0.11901169626544572	-0.002113172805117705
8.973717146433042	0.11849307119208419	-0.0020953178541855966
8.998748435544432	0.11798061806094928	-0.002080301087557926
9.023779724655821	0.11747532499363444	-0.002067215097608807
9.048811013767207	0.11697750824709807	-0.0020543223951908635
9.0738423028786	0.11648586897792512	-0.0020400616536031396
9.098873591989985	0.11599848814442204	-0.0020248358268554895
9.123904881101378	0.1155152728269222	-0.0020104206374831624
9.148936170212767	0.11503818415207512	-0.001997294197429819
9.173967459324153	0.1145688388071715	-0.0019832295131448074
9.198998748435546	0.11410579572160806	-0.001964959373233946
9.224030037546932	0.11364517203967317	-0.0019418739388520206
9.249061326658325	0.11318450205543407	-0.0019164618904425612
9.27409261576971	0.11272389274050987	-0.0018912739231213421
9.2991239048811	0.11226436528495043	-0.0018676137792150715
9.324155193992492	0.11180691233464835	-0.0018459745222140778
9.349186483103878	0.11135231606511731	-0.00182640347732696
9.374217772215271	0.11090108239100083	-0.0018087376719680415
9.399249061326657	0.11045348944119837	-0.001792803769797402
9.424280350438046	0.11000971065027088	-0.0017785232419465224
9.449311639549435	0.1095699544648614	-0.0017659343377872255
9.474342928660825	0.10913462160808862	-0.0017551364767123129
9.499374217772218	0.1087044703969795	-0.0017460827087932146
9.524405506883603	0.10828060574924336	-0.0017380882014264992
9.549436795994993	0.1078637613978799	-0.0017292382877189122
9.574468085106382	0.10745276406409765	-0.001716929402796677
9.599499374217771	0.10704439137245636	-0.0017002968100931909
9.62453066332916	0.1066361116951633	-0.0016812582348870592
9.64956195244055	0.10622776581704407	-0.0016622948424262485
9.67459324155194	0.10582040977455343	-0.001644701567177248
9.699624530663328	0.10541502247252943	-0.0016287522797970577
9.724655819774718	0.10501217014121877	-0.0016143265046924954
9.749687108886107	0.10461210939781651	-0.0016012591687180194
9.774718397997496	0.10421493041294028	-0.0015894590064432779
9.799749687108886	0.1038206533698709	-0.001578941287013455
9.824780976220275	0.10342929789882405	-0.0015698432567932963
9.849812265331664	0.1030409572224329	-0.0015624403393847686
9.874843554443054	0.10265591237649296	-0.0015571546190012858
9.899874843554443	0.10227482824059031	-0.0015545053017664984
9.924906132665832	0.1018990403737341	-0.0015548568957619024
9.949937421777221	0.10153072152819931	-0.0015577004447151765
9.97496871088861	0.10117214118569251	-0.0015604736750373521
10.0	0.10082326268175734	-0.0015584404590180817
