-10.0	-0.09911813451845042	-0.001454136081700072
-9.97496871088861	-0.09948014299081365	-0.0014649778975506372
-9.949937421777221	-0.09984553122495399	-0.001477215124075032
-9.924906132665832	-0.10021411746806841	-0.0014909640502939886
-9.899874843554443	-0.10058578440650479	-0.0015064490358915744
-9.874843554443054	-0.10096035843746165	-0.001524062974872356
-9.849812265331664	-0.10133744630225827	-0.0015443970607989521
-9.824780976220275	-0.10171616807147998	-0.0015681979153275433
-9.799749687108886	-0.10209474780804051	-0.0015960773609135642
-9.774718397997496	-0.10247016766206407	-0.0016275954371415685
-9.749687108886107	-0.10283889530485268	-0.001659491210781447
-9.724655819774718	-0.10320028699123895	-0.0016847919932696659
-9.699624530663328	-0.10356040702342462	-0.0016970321364968843
-9.67459324155194	-0.10392849482489908	-0.0016969878597395543
-9.64956195244055	-0.1043090872103889	-0.0016910988157474716
-9.62453066332916	-0.10470139715213733	-0.0016849498775551863
-9.599499374217771	-0.1051029150544096	-0.0016813626327961129
-9.574468085106382	-0.1055112136127434	-0.0016812535594885603
-9.549436795994993	-0.10592450587310509	-0.0016844576618963575
-9.524405506883603	-0.10634173778005263	-0.001690384963140723
-9.499374217772216	-0.1067623982656336	-0.0016984216411507769
-9.474342928660825	-0.10718629232987276	-0.0017080748714076444
-9.449311639549435	-0.10761338674087106	-0.001718987843460168
-9.424280350438046	-0.108043724990452	-0.001730915420190271
-9.399249061326657	-0.10847738426798337	-0.0017436967264501807
-9.37421777221527	-0.10891445395166954	-0.001757234530402399
-9.349186483103878	-0.10935502357133053	-0.0017714823863727441
-9.32415519399249	-0.1097991728841663	-0.0017864381559540843
-9.2991239048811	-0.11024695804960416	-0.0018021413409477355
-9.274092615769712	-0.11069838716326075	-0.0018186681912390479
-9.249061326658325	-0.11115337950344006	-0.001836108167073941
-9.224030037546934	-0.11161172141360787	-0.0018544849881044212
-9.198998748435546	-0.11207310387101188	-0.0018735866367289161
-9.173967459324155	-0.11253741418413199	-0.0018928303642600786
-9.148936170212767	-0.11300515339913098	-0.0019115953344415737
-9.123904881101378	-0.11347716818651499	-0.0019299232558393498
-9.098873591989987	-0.11395379681533946	-0.0019483686642240566
-9.0738423028786	-0.11443492781737774	-0.0019671518310333397
-9.048811013767208	-0.11492078675313167	-0.001986196327460832
-9.023779724655821	-0.11541189424855602	-0.0020059134763176084
-8.998748435544432	-0.11590826529419651	-0.0020272470691636846
-8.973717146433042	-0.11640913033901867	-0.0020510178343253194
-8.948685857321653	-0.11691312927267639	-0.0020774253599807196
-8.923654568210262	-0.11741865810740038	-0.0021055216078453426
-8.898623279098874	-0.11792503598559811	-0.002132750249799434
-8.873591989987485	-0.11843433074712806	-0.002156227050081949
-8.848560700876096	-0.11895068724146718	-0.0021758950938420424
-8.823529411764707	-0.11947667253212124	-0.002194899361111294
-8.798498122653317	-0.12001202500969121	-0.0022166121344061457
-8.773466833541928	-0.12055528064730936	-0.0022431722393128767
-8.748435544430539	-0.1211048333267648	-0.002276034774921415
-8.72340425531915	-0.12165877380139634	-0.002316652590578394
-8.69837296620776	-0.12221407523689187	-0.002366585413718897
-8.67334167709637	-0.1227654367351736	-0.0024265839407257572
-8.648310387984981	-0.12330477260624129	-0.002493730173289632
-8.623279098873592	-0.12382465129061693	-0.002556899099694865
-8.598247809762203	-0.12432862401879241	-0.0025973908546077923
-8.573216520650814	-0.1248371239057171	-0.0026040546107366364
-8.548185231539424	-0.12537153991000416	-0.0025865939117677567
-8.523153942428035	-0.12593681918892763	-0.0025638826594201747
-8.498122653316646	-0.12652597654275333	-0.002547887635696869
-8.473091364205256	-0.12713077867165623	-0.0025420710492234655
-8.448060075093867	-0.12774571036521998	-0.002545892476060879
-8.423028785982478	-0.12836762389799006	-0.0025578526738129076
-8.397997496871088	-0.12899460980356636	-0.002576504338978075
-8.3729662077597	-0.12962530003029116	-0.002600440638199114
-8.34793491864831	-0.13025878787339806	-0.0026281395065265306
-8.32290362953692	-0.13089453957564423	-0.002658195615817982
-8.297872340425531	-0.13153176066250083	-0.0026889737727616714
-8.272841051314144	-0.1321702371480935	-0.002717202657238557
-8.247809762202753	-0.13281312439660553	-0.0027391828088016434
-8.222778473091363	-0.13346602203310365	-0.0027551170930749935
-8.197747183979974	-0.1341319281693094	-0.002769164129679355
-8.172715894868585	-0.13481002757567406	-0.002785110264148488
-8.147684605757197	-0.1354982766595203	-0.002804502441765888
-8.122653316645806	-0.13619510097718557	-0.002827479081000228
-8.097622027534417	-0.13689958664012636	-0.002853760281194148
-8.072590738423028	-0.13761117267200262	-0.002883087931072309
-8.047559449311638	-0.13832931768119838	-0.002915289415788544
-8.02252816020025	-0.13905323355742993	-0.0029500730954319376
-7.9974968710888605	-0.13978188086503263	-0.0029864940347304053
-7.972465581977473	-0.14051478289360553	-0.003022393599079118
-7.947434292866082	-0.14125353328473622	-0.0030551843174730364
-7.922403003754694	-0.14200155471095322	-0.0030843047287576336
-7.897371714643305	-0.14276128674809563	-0.003111841577918384
-7.872340425531914	-0.14353284485753015	-0.003140229425288049
-7.8473091364205265	-0.14431525213453344	-0.0031707100517093384
-7.8222778473091354	-0.14510763258597592	-0.003203566291194143
-7.797246558197748	-0.145909486033859	-0.0032387265028819556
-7.772215269086359	-0.14672054864511974	-0.003276086840567738
-7.7471839799749675	-0.14754059598549585	-0.0033155782385107246
-7.72215269086358	-0.14836930272432713	-0.003357054645038604
-7.697121401752189	-0.14920629207809988	-0.0034000457664063455
-7.672090112640801	-0.15005153582734643	-0.003443649245388647
-7.647058823529412	-0.15090570564399197	-0.0034870177925385715
-7.622027534418023	-0.15176972113452436	-0.003529846920501234
-7.596996245306634	-0.15264442047478344	-0.00357199132035059
-7.571964956195245	-0.1535309831930345	-0.003613539157555523
-7.546933667083856	-0.15443048653938796	-0.0036554060045099895
-7.5219023779724665	-0.15534314851098596	-0.0036988142093264953
-7.496871088861077	-0.15626863247475153	-0.003744542163122269
-7.471839799749688	-0.15720660697439737	-0.0037929444158772696
-7.446808510638299	-0.1581568925884973	-0.003844265615189621
-7.421777221526909	-0.15911934060960764	-0.0038988481394536395
-7.39674593241552	-0.16009360386912075	-0.003957196890781431
-7.371714643304131	-0.16107881068381857	-0.0040198716224324055
-7.346683354192741	-0.16207318443857233	-0.004087000750043146
-7.321652065081352	-0.1630740803886912	-0.004157079529573088
-7.296620775969963	-0.16407977224856118	-0.004225499145087561
-7.2715894868585735	-0.1650932991134182	-0.004285878047920522
-7.246558197747184	-0.16612287798940528	-0.004336136937557675
-7.221526908635795	-0.16717507000351794	-0.0043811902414364196
-7.196495619524406	-0.16825050468841063	-0.004427436784262315
-7.171464330413016	-0.16934673353206975	-0.004478354689457051
-7.146433041301627	-0.17046146256302208	-0.0045349020390971495
-7.121401752190238	-0.17159338744552866	-0.004597104255460352
-7.0963704630788484	-0.17274189151986974	-0.004664981769543358
-7.071339173967459	-0.17390654735422117	-0.004738897089194616
-7.04630788485607	-0.17508660175614388	-0.004819604995972393
-7.0212765957446805	-0.1762803514565725	-0.004908019822064888
-6.996245306633291	-0.17748442364257944	-0.005004322741064771
-6.971214017521902	-0.17869377705945055	-0.005105759324342998
-6.946182728410513	-0.17990486259637795	-0.005203833481237485
-6.921151439299123	-0.1811227659849104	-0.005286443985067474
-6.896120150187734	-0.1823624830689523	-0.005349037303035362
-6.871088861076345	-0.18363645540929863	-0.005400210543069675
-6.8460575719649555	-0.18494605607725934	-0.00545173492170245
-6.821026282853566	-0.18628662774430982	-0.005509945841101246
-6.795994993742177	-0.18765369220305939	-0.005576216047666255
-6.770963704630788	-0.1890446957541707	-0.0056498598529457905
-6.745932415519399	-0.19045860592940578	-0.005729806888172317
-6.720901126408009	-0.19189525833497711	-0.005815171706637506
-6.69586983729662	-0.19335491674515115	-0.005905359080703609
-6.670838548185231	-0.1948380167941588	-0.0060000295802533354
-6.645807259073841	-0.19634500075946892	-0.0060990244752015255
-6.620775969962453	-0.1978761890347558	-0.006202237103949626
-6.595744680851063	-0.19943173091531108	-0.0063093593277240845
-6.570713391739676	-0.2010118689626781	-0.006419526506193637
-6.545682102628285	-0.20261770700671633	-0.006531382779818726
-6.520650813516897	-0.20425159317132735	-0.006644213301824964
-6.495619524405506	-0.2059159010533822	-0.006758853076317711
-6.470588235294117	-0.20761181161499476	-0.006876765401961568
-6.445556946182729	-0.20933969982743417	-0.0069988946700554056
-6.420525657071338	-0.21109991074941536	-0.007125583757570678
-6.395494367959951	-0.21289303625854217	-0.007256906815594336
-6.37046307884856	-0.21471988898144723	-0.007392887277961696
-6.34543178973717	-0.21658142824833604	-0.007533574146382185
-6.320400500625783	-0.21847871157094279	-0.007679056938201229
-6.295369211514392	-0.2204128699086194	-0.007829463428633054
-6.270337922403004	-0.2223850964593268	-0.007984954195311617
-6.245306633291613	-0.2243966427364681	-0.00814571775378041
-6.2202753441802265	-0.22644881852723842	-0.008311967139226342
-6.195244055068836	-0.2285429939083219	-0.00848393786031
-6.170212765957448	-0.23068060238511556	-0.008661886926256579
-6.145181476846059	-0.2328631446867755	-0.00884609266070209
-6.120150187734667	-0.2350921929764338	-0.009036855064525534
-6.09511889862328	-0.23736939535126655	-0.009234496483971816
-6.070087609511891	-0.23969648067196214	-0.009439362230129991
-6.0450563204005014	-0.2420752642886228	-0.009651820733375588
-6.020025031289112	-0.24450765615588388	-0.00987226378221387
-5.994993742177721	-0.24699567150449386	-0.010101110253686651
-5.9699624530663336	-0.2495414379547194	-0.010338815019596576
-5.9449311639549425	-0.2521471957093171	-0.010585873932040399
-5.919899874843555	-0.25481530177266887	-0.010842820630076744
-5.894868585732166	-0.25754824228556217	-0.011110225386004896
-5.869837296620776	-0.2603486457381754	-0.011388699333488211
-5.844806007509387	-0.2632192945613161	-0.011678900187490737
-5.819774718397998	-0.26616313662350777	-0.011981537696414801
-5.7947434292866085	-0.26918329773430916	-0.012297379035173917
-5.769712140175219	-0.2722830954920834	-0.012627254543370006
-5.74468085106383	-0.2754660546037151	-0.012972064005633138
-5.719649561952441	-0.2787359238956677	-0.013332783527746889
-5.694618272841051	-0.2820966955156079	-0.013710473175829005
-5.669586983729662	-0.2855526267862958	-0.014106286235013851
-5.644555694618273	-0.28910826372743514	-0.014521481115781262
-5.619524405506883	-0.29276846488483077	-0.014957434307938056
-5.594493116395494	-0.29653842800035335	-0.015415652436188962
-5.569461827284105	-0.30042372204390055	-0.015897785882088414
-5.5444305381727155	-0.30443032336090514	-0.016405646001106014
-5.519399249061326	-0.3085646552366432	-0.01694122539876973
-5.494367959949937	-0.3128336317163072	-0.01750672098481211
-5.469336670838549	-0.3172447066697712	-0.018104560283736984
-5.444305381727158	-0.32180592894463	-0.01873743171545325
-5.419274092615769	-0.3265260044582634	-0.019408319629571652
-5.3942428035043815	-0.33141436616793474	-0.02012054494989224
-5.36921151439299	-0.33648125297895604	-0.020877812318174732
-5.344180225281603	-0.341737798917241	-0.02168426447282533
-5.319148936170212	-0.3471961348628403	-0.022544544187718132
-5.2941176470588225	-0.35286950807090545	-0.02346386465774833
-5.269086357947435	-0.3587724279101634	-0.024448095722135174
-5.244055068836044	-0.3649208353186628	-0.025503884319173525
-5.219023779724656	-0.3713322709395044	-0.026638808496458388
-5.193992490613266	-0.3780260497973966	-0.027861528749619446
-5.168961201501876	-0.38502349332087427	-0.02918194652931566
-5.1439299123904885	-0.3923482217191756	-0.030611417384874134
-5.1188986232791	-0.4000264866346175	-0.032163028367054175
-5.09386733416771	-0.4080875499620529	-0.033851937277961375
-5.06883604505632	-0.4165641256081738	-0.03569578605679155
-5.043804755944931	-0.4254929000648886	-0.03771521065526913
-5.018773466833542	-0.4349151481490079	-0.03993447633210645
-4.993742177722154	-0.44487746320207044	-0.04238227559625153
-4.968710888610763	-0.4554326256208716	-0.04509273812136838
-4.943679599499373	-0.4666406395324927	-0.04810672018033041
-4.918648310387985	-0.47856997203138274	-0.05147346906164543
-4.893617021276597	-0.49129902763574673	-0.0552527928170356
-4.868585732165207	-0.5049178948815944	-0.05951790327920148
-4.843554443053817	-0.519530421400165	-0.06435917417373943
-4.818523153942427	-0.5352566645279975	-0.06988918329387037
-4.793491864831038	-0.5522357247674243	-0.07624956292676735
-4.768460575719651	-0.5706289141890935	-0.08362041140933114
-4.7434292866082615	-0.5906230856831023	-0.09223338304551926
-4.71839799749687	-0.612433666262409	-0.10239012742495165
-4.69336670838548	-0.6363063461916556	-0.11448858209025116
-4.668335419274092	-0.6625151522814816	-0.12906085192660022
-4.643304130162704	-0.6913521050331575	-0.14682811385811192
-4.618272841051315	-0.7230984481244835	-0.16877995751643307
-4.593241551939924	-0.7579568576735105	-0.19628644816510252
-4.568210262828536	-0.795903567177191	-0.23124577281221573
-4.543178973717147	-0.8363849769670346	-0.2762423549681575
-4.518147684605758	-0.8777496479913056	-0.3345992527652273
-4.4931163954943685	-0.9163763685317265	-0.40999928867470115
-4.468085106382977	-0.9459289687926238	-0.5051530280482802
-4.44305381727159	-0.958079367984475	-0.6196994714163392
-4.418022528160201	-0.9451988162969749	-0.7498405864850389
-4.392991239048811	-0.9008093264537957	-0.8912533279231779
-4.367959949937422	-0.8147945544885302	-1.0384877335498857
-4.342928660826031	-0.6736391296804625	-1.1754045704783718
-4.317897371714643	-0.4752065505880587	-1.2706629585480582
-4.292866082603254	-0.24147458916169295	-1.2925848913757443
-4.267834793491865	-0.012423823653254118	-1.2276052075351729
-4.2428035043804755	0.16924122240542872	-1.0886843117441132
-4.217772215269086	0.27784570318089497	-0.9124259703938079
-4.192740926157699	0.3164756372989457	-0.7388095198856798
-4.167709637046308	0.30650433027836765	-0.591499579568526
-4.142678347934918	0.2702638027748705	-0.47619566485100584
-4.117647058823529	0.2229532625473558	-0.38907817347275775
-4.09261576971214	0.17282793479998126	-0.3238665636915923
-4.067584480600752	0.12374457791411508	-0.2748866521829644
-4.042553191489361	0.07722985493297507	-0.23779290813748946
-4.017521902377972	0.033684937922857205	-0.20945033184487788
-3.9924906132665825	-0.0069962514196557635	-0.187640019398629
-3.967459324155193	-0.04512756826137032	-0.170794183326722
-3.9424280350438052	-0.08109097199717352	-0.15779927413321262
-3.917396745932415	-0.11527444547442434	-0.14785900494205861
-3.8923654568210257	-0.14804702599428587	-0.1404012645334521
-3.867334167709638	-0.17975134129852766	-0.13501528800917129
-3.8423028785982494	-0.21070420984329985	-0.13140932574320538
-3.8172715894868587	-0.2412007927893849	-0.1293822573392583
-3.7922403003754686	-0.27152018166752656	-0.1288048831753964
-3.7672090112640793	-0.30193147436409307	-0.12960818510484595
-3.7421777221526913	-0.33269995726051826	-0.13177691612696982
-3.717146433041303	-0.36409327003167125	-0.13534764627579196
-3.6921151439299127	-0.39638751621889057	-0.1404110006048077
-3.6670838548185225	-0.42987324166775975	-0.14711838674116307
-3.6420525657071328	-0.4648610114070615	-0.1556941243527231
-3.617021276595745	-0.5016858693569186	-0.16645466020759128
-3.5919899874843564	-0.5407090194663082	-0.1798375872793925
-3.566958698372966	-0.5823130976592314	-0.19644455047277634
-3.541927409261576	-0.6268833267664862	-0.2171036401175373
-3.5168961201501876	-0.6747585249195329	-0.24295743511961274
-3.4918648310387996	-0.7261197130511237	-0.27557823457109076
-3.46683354192741	-0.7807564165973329	-0.3170888953871257
-3.4418022528160197	-0.8376222538670155	-0.3701916844340305
-3.4167709637046295	-0.8941442719631749	-0.4378242987115398
-3.391739674593241	-0.9456505232855958	-0.5219442305600163
-3.366708385481853	-0.9862285250128879	-0.621410711845027
-3.341677096370464	-1.012333417394705	-0.7311920285019221
-3.3166458072590737	-1.0264467956815237	-0.8466310650574003
-3.291614518147683	-1.0336621223941043	-0.9706760467860592
-3.2665832290362946	-1.0314164177100569	-1.1133855422365784
-3.2415519399249066	-1.0049731190757352	-1.2813081655446465
-3.2165206508135173	-0.9337401139008055	-1.4673392544750339
-3.191489361702127	-0.8045762673676458	-1.6481710744132454
-3.166458072590739	-0.6249346065162724	-1.7958295660636152
-3.14142678347935	-0.4172734220548784	-1.8990852493239931
-3.11639549436796	-0.19423236869598437	-1.964639187145707
-3.091364205256571	0.04783083477416694	-1.9933603202542942
-3.0663329161451807	0.30900210827392494	-1.9692845044581717
-3.0413016270337927	0.5692334864994035	-1.8728455585717176
-3.0162703379224034	0.7915247445099092	-1.7032342637668612
-2.991239048811014	0.9461759022297169	-1.4872099017164677
-2.966207759699625	1.0288014224599298	-1.2601059627094404
-2.941176470588234	1.0516407795541403	-1.0460525271337522
-2.916145181476846	1.029705671686476	-0.8577512404710019
-2.891113892365457	0.9778133865748009	-0.7015599696210011
-2.8660826032540676	0.9099688824336662	-0.5779521218725896
-2.8410513141426783	0.8367008528827014	-0.482682767085705
-2.816020025031289	0.7641287367958745	-0.4098380737237465
-2.790988735919901	0.6950766497409848	-0.3539884138955973
-2.7659574468085104	0.6304847049521434	-0.3108818630095931
-2.740926157697121	0.5703653451456008	-0.27739873713343155
-2.715894868585732	0.5143233697467506	-0.25130519539365126
-2.6908635794743425	0.4618109264893988	-0.23101384807108946
-2.6658322903629545	0.41224397872294105	-0.21540086445343434
-2.6408010012515644	0.36505065031186223	-0.2036777571837525
-2.615769712140175	0.3196870422553362	-0.1953052151849489
-2.5907384230287853	0.27563788501942277	-0.1899373860671882
-2.565707133917396	0.23241041289569386	-0.18738839247671543
-2.540675844806008	0.1895255899170083	-0.18761607433740904
-2.515644555694618	0.14650898316757788	-0.19072060589250614
-2.4906132665832286	0.10288316359305627	-0.19695795021253967
-2.4655819774718406	0.05816428688062203	-0.20677040644555347
-2.440550688360452	0.011867886483372114	-0.22083904833430448
-2.4155193992490616	-0.036465819000731425	-0.2401656255435328
-2.3904881101376714	-0.08720592544837125	-0.2661933909641401
-2.365456821026282	-0.14048172685580163	-0.3009726197069743
-2.340425531914894	-0.19587146415175738	-0.3473522638016513
-2.3153942428035057	-0.25180834938816576	-0.4090965782903442
-2.2903629536921155	-0.3046209878369348	-0.490632328492115
-2.2653316645807253	-0.34747451392497775	-0.5959237032581547
-2.2403003754693356	-0.3701390961166431	-0.726349646691851
-2.2152690863579476	-0.3602066098709509	-0.8785858179972641
-2.190237797246559	-0.3051560745798858	-1.042977623907743
-2.165206508135169	-0.19618840548844307	-1.202474974467817
-2.140175219023779	-0.03303921124966913	-1.3354194602749578
-2.1151439299123904	0.17541366665183977	-1.4203322650611638
-2.0901126408010025	0.41058551163428625	-1.4376767314648093
-2.0650813516896127	0.6410947941840752	-1.3771231637173353
-2.0400500625782225	0.8317342638668603	-1.2497882475413218
-2.0150187734668323	0.9626267498116974	-1.0848899749127474
-1.989987484355444	1.0344816217498516	-0.911320578406439
-1.9649561952440555	1.0576944317882293	-0.7477620181668627
-1.939924906132667	1.044754156235323	-0.6052779424100541
-1.914893617021277	1.009074566937807	-0.48895994132275167
-1.8898623279098858	0.9625017297088214	-0.3979849808911632
-1.8648310387984974	0.9129854249959353	-0.3280923591457503
-1.839799749687109	0.8647689772999589	-0.27439800251173896
-1.8147684605757206	0.8197057406348538	-0.23275360804521036
-1.7897371714643304	0.7783826858221499	-0.20001580832529733
-1.764705882352942	0.7407906233604482	-0.17390257453432081
-1.7396745932415527	0.7066702451372242	-0.15277533436497884
-1.7146433041301625	0.6756783902453218	-0.13545327047063407
-1.6896120150187741	0.6474636728730072	-0.12107670965718312
-1.664580725907384	0.6216982809909921	-0.10901164950517342
-1.6395494367959955	0.5980891323886945	-0.0987840640478517
-1.6145181476846062	0.5763796247988173	-0.09003469156271479
-1.589486858573217	0.5563473688307754	-0.08248768297071155
-1.5644555694618276	0.5378004557280829	-0.07592862227144798
-1.5394242803504374	0.5205734372180602	-0.07018892557744821
-1.514392991239049	0.5045235295553094	-0.06513462540941573
-1.4893617021276597	0.489527234865319	-0.06065820527014362
-1.4643304130162704	0.47547742358330325	-0.056672582067107985
-1.4392991239048811	0.4622808556716598	-0.053106619589447734
-1.4142678347934918	0.44985609263946236	-0.04990174649928253
-1.3892365456821025	0.4381317459314973	-0.04700938034757296
-1.3642052565707132	0.42704500944141177	-0.04438894628061435
-1.339173967459324	0.41654042953089077	-0.04200633910805432
-1.3141426783479346	0.40656887250257445	-0.039832719187299054
-1.2891113892365453	0.397086655835319	-0.037843561999648584
-1.264080100125157	0.388054815181508	-0.03601790223196488
-1.2390488110137667	0.379438484011305	-0.03433772823366121
-1.2140175219023774	0.37120636688638653	-0.032787493652335714
-1.1889862327909881	0.3633302907346685	-0.0313537210663799
-1.1639549436795988	0.35578482127984046	-0.030024678361954438
-1.1389236545682104	0.3485469340528702	-0.028790113026219782
-1.1138923654568202	0.3415957312669262	-0.027641032858764708
-1.0888610763454318	0.33491219734963984	-0.026569524131301647
-1.0638297872340434	0.3284789871614613	-0.02556860016254578
-1.0387984981226523	0.32228024194004745	-0.024632074774704985
-1.013767209011264	0.3163014288435084	-0.023754456274597505
-0.9887359198998737	0.3105292006591962	-0.022930858543676005
-0.9637046307884853	0.304951272835436	-0.022156926597009602
-0.9386733416770969	0.29955631552382456	-0.021428774642016618
-0.9136420525657085	0.2943338588414548	-0.02074293528981097
-0.8886107634543183	0.2892742101679806	-0.0200963192026581
-0.8635794743429273	0.28436838314925494	-0.019486185153052782
-0.8385481852315388	0.279608039525034	-0.01891012123755978
-0.8135168961201504	0.2749854476239467	-0.018366038670666385
-0.788485607008762	0.270493466744691	-0.017852179379913485
-0.7634543178973718	0.26612557709856977	-0.01736713463397678
-0.7384230287859816	0.2618759932442267	-0.016909854966235108
-0.7133917396745932	0.2577399196103254	-0.016479576380385025
-0.6883604505632039	0.2537139752881863	-0.016075443642475415
-0.6633291614518155	0.24979650748199445	-0.015695381546422665
-0.6382978723404253	0.24598653474427035	-0.015334016419522811
-0.6132665832290352	0.2422795011868336	-0.014981933194184768
-0.5882352941176467	0.2386630980063078	-0.014631260836389215
-0.5632040050062583	0.23512243710526282	-0.014283439021591002
-0.5381727158948699	0.23164954044092634	-0.013946231015208269
-0.5131414267834788	0.228243319457478	-0.013625350521371107
-0.48811013767208866	0.22490433372495133	-0.013322284353212172
-0.46307884856070025	0.22163216643409234	-0.01303620917551443
-0.43804755944931184	0.21842527242537646	-0.012765662405570352
-0.41301627033792343	0.21528144220144685	-0.012509231414576813
-0.38798498122653324	0.21219817658414813	-0.01226572552959275
-0.36295369211514483	0.2091728967672981	-0.012034172153807032
-0.33792240300375376	0.20620304687008428	-0.011813773190760546
-0.31289111389236535	0.2032861394976977	-0.011603862846992913
-0.28785982478097694	0.20041977326941401	-0.01140387530593534
-0.26282853566958675	0.19760163702372757	-0.011213321657724248
-0.23779724655819834	0.19482950786379133	-0.01103177374477754
-0.21276595744680904	0.192101246482154	-0.010858852816704359
-0.18773466833541974	0.18941479140439288	-0.010694221457201614
-0.16270337922403044	0.1867681529234817	-0.010537577737110101
-0.13767209011264026	0.1841594070774062	-0.0103886508998077
-0.11264080100125184	0.18158668981869397	-0.010247198121179746
-0.08760951188986255	0.1790481914253497	-0.010113002041041458
-0.06257822277847325	0.1765421511554592	-0.009985868863689837
-0.03754693366708395	0.17406685212543893	-0.009865626891281204
-0.01251564455569465	0.17162061638187875	-0.009752125397403832
0.01251564455569465	0.16920180013342057	-0.009645233777623732
0.03754693366708395	0.1668087891076691	-0.0095448409338829
0.06257822277847325	0.16443999399842504	-0.00945085486378111
0.08760951188986255	0.1620938459684469	-0.00936320243597659
0.11264080100125184	0.15976879217333684	-0.009281829340627476
0.13767209011264114	0.15746329127170086	-0.009206700209834759
0.16270337922403044	0.15517580888611526	-0.009137798908062336
0.18773466833541974	0.15290481297798314	-0.009075128996939283
0.21276595744680726	0.15064876909759267	-0.009018714383024193
0.23779724655819834	0.14840613546808254	-0.008968600161259846
0.26282853566958764	0.14617535785850413	-0.00892485367120012
0.28785982478097694	0.143954864197251	-0.008887565787855725
0.31289111389236623	0.14174305887176603	-0.00885685247435522
0.33792240300375376	0.13953831665426636	-0.008832856629808788
0.36295369211514483	0.1373389761857844	-0.008815750273024697
0.38798498122653235	0.1351433329414995	-0.008805737111328357
0.41301627033792343	0.13294963158988715	-0.008803055554148065
0.43804755944931273	0.13075605764498605	-0.008807982243564202
0.46307884856070025	0.12856072829557486	-0.008820836189355669
0.4881101376720913	0.12636168227672961	-0.008841983614940457
0.5131414267834788	0.12415686862664777	-0.008871843643849117
0.5381727158948699	0.12194413414509198	-0.008910894985328155
0.5632040050062574	0.1197212093374791	-0.008959683813823824
0.5882352941176467	0.11748569258970032	-0.009018833082554634
0.6132665832290378	0.1152350322717457	-0.009089053568873004
0.6382978723404253	0.11296650641095496	-0.009171157022232757
0.6633291614518164	0.11067719950622201	-0.009266071879154278
0.6883604505632039	0.10836397596970049	-0.009374862130138342
0.7133917396745932	0.10602344957889487	-0.009498750079751372
0.7384230287859808	0.10365194819525891	-0.009639143945202336
0.7634543178973718	0.10124547284966301	-0.00979767150706376
0.7884856070087629	0.09879965010490532	-0.00997622138147898
0.8135168961201504	0.09630967637148913	-0.01017699395815383
0.8385481852315397	0.0937702525678471	-0.010402564688196794
0.8635794743429273	0.09117550716978684	-0.010655963275019206
0.8886107634543183	0.0885189052769475	-0.010940773513091806
0.9136420525657059	0.08579314083119449	-0.011261260168725098
0.9386733416770969	0.08299000855528404	-0.01162253160289245
0.9637046307884862	0.08010025156216638	-0.012030750093434323
0.9887359198998737	0.07711337997884748	-0.012493406465367743
1.0137672090112648	0.0740174554794526	-0.013019682354552017
1.0387984981226523	0.07079883663940278	-0.013620933239859898
1.0638297872340434	0.06744188113797733	-0.014311339872529083
1.088861076345431	0.0639286043182683	-0.015108797388122416
1.1138923654568202	0.06023830198979585	-0.016036144092377844
1.1389236545682113	0.056347163682719525	-0.01712288175703454
1.1639549436795988	0.05222794099768291	-0.018407615696982335
1.18898623279099	0.04784981489405582	-0.01994156017446451
1.2140175219023774	0.0431787681561413	-0.02179363274621149
1.2390488110137667	0.03817910293703619	-0.024057922708769552
1.264080100125156	0.03281743181775809	-0.026864670377337585
1.2891113892365453	0.027071893702747207	-0.030396252277993474
1.3141426783479364	0.020952255838156963	-0.03490960865723611
1.339173967459324	0.014542273379201331	-0.04076452696171223
1.3642052565707132	0.008085560248831003	-0.04844834435048523
1.3892365456821025	0.002146959782583835	-0.05855902478900568
1.4142678347934918	-0.002136212916066249	-0.07163723527524182
1.4392991239048811	-0.00285039720150837	-0.08763967487698329
1.4643304130162704	0.0023028341320197043	-0.10500060099923536
1.4893617021276597	0.014396816518811084	-0.12021870018336497
1.514392991239049	0.03170617317716684	-0.12953089470562207
1.5394242803504383	0.05070103601766429	-0.1311888396287147
1.5644555694618276	0.06792364613605772	-0.1254004960892614
1.589486858573217	0.08038020683471747	-0.11376243126076158
1.6145181476846044	0.08624977002716805	-0.09925595753381328
1.6395494367959955	0.08574565584914251	-0.08515087242084146
1.6645807259073848	0.0805777716840379	-0.07355261323365325
1.6896120150187741	0.07264337311157076	-0.06509036377534427
1.7146433041301634	0.0632648974033565	-0.0595402293753777
1.739674593241551	0.053147513634988375	-0.056452939280835
1.764705882352942	0.042591181015298574	-0.05545597248964776
1.7897371714643295	0.03168063235093643	-0.05634345004232555
1.8147684605757206	0.020407237436019354	-0.05909099368861506
1.83979974968711	0.008751364203982703	-0.06386096257516491
1.8648310387984974	-0.0032364146859200638	-0.07101801741110808
1.8898623279098885	-0.015313647378691897	-0.08114787186872494
1.914893617021276	-0.026835483329012533	-0.09503234331568469
1.939924906132667	-0.03643057721485077	-0.11344682728324176
1.9649561952440546	-0.041712328428689105	-0.1365271781799374
1.989987484355444	-0.039636790460006566	-0.16258573821153402
2.015018773466835	-0.028391825609767718	-0.1872530133913444
2.0400500625782225	-0.01011549950094448	-0.20513942512718494
2.065081351689613	0.009431289013825506	-0.21409331896945497
2.090112640801001	0.025274264423236215	-0.216549118567854
2.1151439299123904	0.03540154113804839	-0.21670945147239748
2.1401752190237784	0.04042461318244106	-0.21904316514439218
2.165206508135169	0.0439193729569034	-0.22687851027150155
2.1902377972465596	0.051135847032461434	-0.2401116924869591
2.2152690863579476	0.06584168479229513	-0.2547703522010394
2.240300375469337	0.0878842853510271	-0.2653245017150957
2.265331664580725	0.11332981689646493	-0.2680537334088734
2.2903629536921155	0.13726320448661689	-0.26322797520815444
2.315394242803503	0.15723279129846768	-0.2537246235803705
2.340425531914894	0.17306955201482532	-0.24180764609334046
2.3654568210262834	0.18481202081834258	-0.22900033294843866
2.3904881101376714	0.19310780946164874	-0.21709353331555878
2.415519399249062	0.19987544423485204	-0.20696127910850412
2.4405506883604495	0.20667664447780032	-0.1975661956779969
2.4655819774718406	0.2131562319961553	-0.18747487892626866
2.490613266583228	0.2180602790059254	-0.1768109622248105
2.515644555694618	0.22124445228688217	-0.1668448623015252
2.5406758448060085	0.2238335551315962	-0.15823725434762173
2.565707133917396	0.22691105407367074	-0.1504092964225505
2.590738423028787	0.230609114877387	-0.14233911950747724
2.6157697121401746	0.2344637398808329	-0.13347949824366917
2.6408010012515644	0.23811987552368885	-0.12362953993815295
2.665832290362953	0.2411612894722972	-0.11245852807765525
2.6908635794743425	0.2426825886247883	-0.09987319323068142
2.7158948685857336	0.24177456668838548	-0.08658298644967566
2.740926157697121	0.2382231656963798	-0.073754379599406
2.765957446808511	0.23251440174550675	-0.06237697846612214
2.7909887359198997	0.2254893089483998	-0.052940740615343235
2.816020025031289	0.21794874449690216	-0.04542691250633685
2.841051314142678	0.21042728924334542	-0.03953617797646636
2.8660826032540676	0.20319838213088603	-0.03491407391193446
2.8911138923654573	0.19636789257382414	-0.0312561823134298
2.916145181476846	0.1899542197953039	-0.028329978344713486
2.9411764705882355	0.18393585596665618	-0.025965531454021057
2.9662077596996244	0.1782758641014186	-0.024040359778819256
2.991239048811014	0.17293376589759202	-0.022466352045001886
3.0162703379224016	0.16787138867400087	-0.021179915279613715
3.0413016270337927	0.16305613878516834	-0.020134284288565604
3.066332916145182	0.15846279096457394	-0.019291973586562025
3.091364205256571	0.15407148759027445	-0.018615679758978834
3.1163954943679606	0.1498564810414913	-0.018062025576125768
3.141426783479348	0.14577108376125603	-0.01759284108711398
3.166458072590739	0.14175671515485933	-0.01719942512635257
3.1914893617021267	0.13777242818916324	-0.016899726913207486
3.2165206508135173	0.13380027959350826	-0.016712216458489512
3.241551939924907	0.12982956880991914	-0.016645293180957407
3.2665832290362946	0.12584664700852954	-0.016702115941239784
3.2916145181476857	0.12183317491987333	-0.016886354065536055
3.316645807259073	0.11776697148764459	-0.01720511295357119
3.341677096370464	0.11362273510946164	-0.017670298672963186
3.366708385481852	0.10937221771158168	-0.018299653167683005
3.391739674593241	0.10498400760791071	-0.019118070829545183
3.416770963704632	0.10042311225321443	-0.020159531931266336
3.4418022528160197	0.09565051410159109	-0.021469961802282514
3.4668335419274103	0.09062292416076101	-0.023111431396858367
3.4918648310387983	0.08529313517907822	-0.02516831943594655
3.5168961201501876	0.07961178217247111	-0.027756359953768517
3.5419274092615756	0.07353217715433669	-0.031035885210412117
3.566958698372966	0.06702166554658362	-0.03523088437734309
3.591989987484357	0.060086549788530785	-0.040655055142877206
3.617021276595745	0.05282441073634514	-0.04774250239430991
3.642052565707134	0.045528011386142264	-0.05706725486835729
3.667083854818522	0.03886940257077809	-0.06929623163558982
3.6921151439299127	0.034140589248640385	-0.08493862394558643
3.7171464330413	0.03329002204706333	-0.10371916489740848
3.7421777221526913	0.03813775830345101	-0.12385431447945466
3.7672090112640806	0.04885216054707797	-0.1425650913501995
3.7922403003754686	0.06395651060178009	-0.15810602192489168
3.817271589486859	0.08242037782478295	-0.17004832717084736
3.8423028785982467	0.10377491188757482	-0.1773296508093585
3.867334167709638	0.12617554914902618	-0.1785268974988796
3.8923654568210253	0.1467881711608019	-0.17393123745213587
3.917396745932415	0.16386921467831916	-0.16557760424921494
3.9424280350438057	0.17746345918080975	-0.15551240531197216
3.967459324155193	0.1882907931875275	-0.14471815816052427
3.9924906132665843	0.19683506097321413	-0.13362686429447004
4.017521902377972	0.20352835192441798	-0.12256158500041836
4.042553191489361	0.20881756645521765	-0.11159164659593113
4.06758448060075	0.21296808507111686	-0.10054943954766715
4.09261576971214	0.21594032470062663	-0.08915875987380686
4.117647058823531	0.21728440571906216	-0.07733570542110438
4.142678347934918	0.21649338299314813	-0.06558005083400287
4.167709637046308	0.21358057080060622	-0.05475849099654484
4.192740926157697	0.2091243353631782	-0.04553245000316758
4.217772215269086	0.20388412848411708	-0.03808192474515881
4.2428035043804755	0.1984576414675061	-0.03222055138352167
4.267834793491865	0.19319014213069519	-0.02763060800638123
4.292866082603254	0.18823764325439818	-0.024009311854063686
4.317897371714643	0.18364926845829732	-0.021115650733237304
4.342928660826033	0.17942247559168045	-0.018770308114780518
4.367959949937422	0.1755328556729836	-0.016842664634791255
4.392991239048811	0.17194868122230567	-0.015237613693167701
4.418022528160199	0.16863755194555097	-0.01388529080447748
4.44305381727159	0.16556918876522264	-0.01273371798015524
4.468085106382979	0.16271641374570667	-0.01174368124271638
4.4931163954943685	0.160055305514339	-0.010885180862990201
4.518147684605758	0.15756500332538703	-0.010134957770703987
4.543178973717145	0.15522738282300708	-0.0094747518725843
4.568210262828536	0.15302670598062207	-0.008890060318316698
4.593241551939924	0.15094928971074317	-0.008369240486798893
4.618272841051315	0.1489832100028039	-0.007902853454186648
4.643304130162704	0.1471180455955432	-0.00748317732635706
4.668335419274092	0.14534465955295062	-0.007103841984580944
4.693366708385483	0.143655014906785	-0.0067595513569573
4.71839799749687	0.14204201955108786	-0.006445868733122598
4.7434292866082615	0.1404993938798471	-0.006159047144561003
4.768460575719649	0.13902155187773246	-0.005895895167882012
4.793491864831038	0.13760349237197556	-0.005653682078915312
4.818523153942429	0.13624072050565772	-0.005430080961304401
4.843554443053817	0.1349292076442179	-0.005223111189360849
4.868585732165208	0.13366534761581939	-0.005031063522738036
4.8936170212765955	0.13244589533050632	-0.004852442334965901
4.918648310387985	0.13126791297477602	-0.004685933250943783
4.943679599499372	0.13012873109765355	-0.004530380331012815
4.968710888610763	0.12902591838783373	-0.004384765446498434
4.9937421777221545	0.12795725591754437	-0.00424818954590199
5.018773466833542	0.1269207144738278	-0.004119856318360968
5.043804755944931	0.1259144345344847	-0.003999058262972283
5.068836045056319	0.1249367086121227	-0.0038851648949936868
5.09386733416771	0.12398596570276776	-0.003777612763144908
5.118898623279097	0.12306075758506285	-0.003675896980576965
5.1439299123904885	0.12215974673863705	-0.003579564020698797
5.168961201501878	0.12128169568087621	-0.003488205576323955
5.193992490613265	0.12042545755744882	-0.0034014533206049857
5.219023779724656	0.1195899678660286	-0.0033189744379191893
5.244055068836044	0.11877423725252356	-0.003240467802552771
5.269086357947435	0.11797734540503413	-0.0031656606400128767
5.2941176470588225	0.11719843616220427	-0.0030943053177538704
5.319148936170212	0.11643671384893572	-0.003026175393649577
5.344180225281603	0.1156914397258193	-0.0029610592171914057
5.36921151439299	0.11496192384470483	-0.0028987503299432588
5.3942428035043815	0.11424750559512109	-0.0028390430842276243
5.419274092615769	0.11354753499297932	-0.002781751765914109
5.444305381727158	0.11286138873171314	-0.002726737716929911
5.469336670838548	0.11218850212349452	-0.0026738970218130875
5.494367959949937	0.11152836627351093	-0.0026231288008539133
5.519399249061328	0.110880506473368	-0.0025743264709984226
5.5444305381727155	0.11024447045702246	-0.002527384091098303
5.569461827284105	0.10961982588269326	-0.0024822019086367386
5.594493116395494	0.10900616021904952	-0.002438688458591229
5.619524405506883	0.10840308045347857	-0.002396760947895843
5.644555694618273	0.10781021235501687	-0.0023563452181109557
5.669586983729662	0.10722719953032556	-0.0023173758549682594
5.694618272841051	0.10665370253202777	-0.002279796706808876
5.719649561952441	0.10608939829428099	-0.0022435620129761386
5.74468085106383	0.10553398031090655	-0.0022086383812654486
5.769712140175219	0.10498716034282918	-0.0021750078946816687
5.7947434292866085	0.1044486732395935	-0.0021426724986491896
5.819774718397996	0.10391828801957548	-0.002111658987135681
5.844806007509387	0.10339583089671578	-0.002082020760770964
5.869837296620776	0.10288122776595454	-0.002053822935365421
5.894868585732166	0.10237456344709983	-0.0020270747925434374
5.919899874843555	0.10187609459335523	-0.0020015495248822124
5.9449311639549425	0.10138601095867816	-0.0019765238468818364
5.9699624530663336	0.10090381035696705	-0.001950880221461171
5.994993742177721	0.10042804809772488	-0.0019240481111251068
6.020025031289112	0.09995735704169917	-0.0018966676255368076
6.0450563204005014	0.09949135694553224	-0.0018698048103639037
6.07008760951189	0.09903029929416451	-0.001844083131903984
6.09511889862328	0.09857446896453226	-0.0018196551189560844
6.120150187734667	0.0981239852257243	-0.001796466991391743
6.145181476846059	0.09767882675485229	-0.0017744265535288295
6.170212765957445	0.09723889117091566	-0.0017534646569546536
6.195244055068836	0.0968040367637304	-0.0017335491835013955
6.2202753441802265	0.09637410554256842	-0.0017146832099604326
6.245306633291613	0.09594893106241464	-0.0016968984932699965
6.270337922403005	0.09552832880451056	-0.0016802554311194928
6.295369211514392	0.09511208064844823	-0.001664872574402107
6.320400500625783	0.09469995608013804	-0.001650981626493353
6.3454317897371695	0.09429177030656177	-0.0016389552608155333
6.37046307884856	0.0938874272844128	-0.0016293173587906412
6.395494367959952	0.09348697279764018	-0.0016227926723319658
6.420525657071338	0.09309073597222994	-0.0016203887828746266
6.445556946182729	0.09269963910067158	-0.0016234454582507857
6.470588235294116	0.09231577587238782	-0.0016334827088383963
6.495619524405506	0.09194326268754516	-0.0016513918342374867
6.520650813516895	0.09158865898744217	-0.0016751240998953282
6.545682102628285	0.09125831710128551	-0.00169591053620409
6.570713391739676	0.09094996724124194	-0.0016983303365345065
6.5957446808510625	0.09064713386632661	-0.001672371995042693
6.620775969962453	0.09033155911051516	-0.0016252727327386862
6.645807259073841	0.08999836169072939	-0.0015727049346484917
6.670838548185231	0.0896530529654509	-0.0015249571436157239
6.695869837296622	0.0893024867704657	-0.0014850607959780437
6.720901126408009	0.08895123093695201	-0.0014524784769731625
6.745932415519399	0.08860168033458038	-0.0014257595496489084
6.770963704630788	0.08825491044159861	-0.0014035627691511843
6.795994993742178	0.08791130998711072	-0.001384895718148843
6.821026282853566	0.08757093455351228	-0.0013691014149362357
6.8460575719649555	0.08723368614732507	-0.001355794787780945
6.871088861076346	0.08689940069063784	-0.0013448103435396708
6.896120150187734	0.08656789182679514	-0.0013361806505567536
6.921151439299124	0.08623899242695465	-0.001330152871710219
6.946182728410513	0.08591263211716527	-0.0013272246174758084
6.971214017521902	0.08558896354619883	-0.0013281701282016473
6.996245306633291	0.08526855774792441	-0.0013340333998378695
7.0212765957446805	0.08495268559949132	-0.0013460092792488138
7.046307884856071	0.08464359296566926	-0.0013651299910406173
7.071339173967459	0.08434474463418784	-0.001391871076748069
7.0963704630788484	0.08406156281549126	-0.001425319765607197
7.121401752190238	0.0838016051449415	-0.0014597966194042494
7.146433041301627	0.08356842023355693	-0.0014804815082665457
7.171464330413016	0.0833500235019331	-0.0014700796026543839
7.196495619524406	0.08312254442349243	-0.0014275133263290246
7.221526908635795	0.08287187740279034	-0.0013697278413363906
7.246558197747184	0.08260064607604711	-0.0013134372240254794
7.2715894868585735	0.08231765992923812	-0.001265863994776406
7.296620775969963	0.0820300498684059	-0.001227679072841159
7.321652065081352	0.08174192190493201	-0.0011972533583616135
7.3466833541927405	0.08145528404204239	-0.0011727044663445985
7.371714643304131	0.08117099900061664	-0.001152501623912408
7.39674593241552	0.08088936225873322	-0.0011355277125255359
7.421777221526909	0.080610402588988	-0.001120999527724001
7.446808510638299	0.08033402916285315	-0.0011083763231536092
7.471839799749687	0.08006010125979657	-0.0010972875014182842
7.496871088861077	0.07978845938049695	-0.0010874810080468839
7.521902377972466	0.07951893573881907	-0.0010787890467740674
7.546933667083856	0.07925135496815372	-0.0010711103140361444
7.571964956195245	0.07898553696041599	-0.0010644041738991639
7.5969962453066335	0.07872130319571014	-0.0010586839349293192
7.622027534418024	0.07845847568709008	-0.0010540089384078744
7.647058823529412	0.07819686984619878	-0.0010504856574264643
7.672090112640802	0.0779362890883446	-0.0010482783866508638
7.697121401752189	0.07767652289927618	-0.0010476269709094599
7.72215269086358	0.07741734848887649	-0.0010488730250777512
7.74718397997497	0.0771585387905871	-0.001052498972392124
7.772215269086359	0.07689988394921876	-0.0010591861439579742
7.797246558197749	0.07664124138660888	-0.001069899859753018
7.8222778473091354	0.07638264547887719	-0.0010860086570684824
7.8473091364205265	0.07612453905579031	-0.0011094327432267237
7.872340425531913	0.0758682422873802	-0.001142765441565427
7.897371714643305	0.07561682839332295	-0.0011891467206924938
7.922403003754695	0.07537645174424679	-0.0012512590893847958
7.947434292866082	0.07515722005570868	-0.0013282834630623658
7.972465581977473	0.07497017829042374	-0.0014108746968298919
7.99749687108886	0.0748173552450968	-0.0014810566790237623
8.022528160200253	0.07468668054708516	-0.0015258608802866946
8.047559449311638	0.07456747090290605	-0.0015458571017547135
8.072590738423028	0.07445858793857063	-0.0015383007153277478
8.09762202753442	0.07434883396330427	-0.0014918193147806652
8.122653316645806	0.07421355959942666	-0.0014099586567672961
8.147684605757199	0.07403998546502066	-0.0013155879844196222
8.172715894868585	0.0738347009896696	-0.0012293811135922483
8.197747183979974	0.07361086304333853	-0.0011600910784053536
8.222778473091363	0.07337965773224475	-0.0011081192920662092
8.247809762202753	0.07314836892051879	-0.0010697834701805936
8.272841051314145	0.0729200825059877	-0.001039881147861299
8.297872340425531	0.07269395468736484	-0.0010143546696081418
8.32290362953692	0.07246771901184701	-0.0009923806956043807
8.34793491864831	0.0722405461370279	-0.0009752324840113374
8.3729662077597	0.07201307430513104	-0.0009640881234385251
8.397997496871088	0.07178625803789096	-0.000959593651356408
8.423028785982478	0.07156098966673241	-0.0009624050169484422
8.448060075093867	0.07133844469615802	-0.00097363094253268
8.473091364205256	0.07112084343036251	-0.000994906643284249
8.498122653316646	0.07091260303535307	-0.0010277973501528898
8.523153942428035	0.0707215100591796	-0.0010716321629879871
8.548185231539424	0.07055762101199647	-0.0011187936542405436
8.573216520650814	0.07042500778408822	-0.0011507452939720497
8.598247809762203	0.07030904793257697	-0.0011470060308465813
8.623279098873592	0.07018178858762703	-0.0011066430211246897
8.648310387984981	0.07002716478679005	-0.0010495362646325695
8.67334167709637	0.0698486573746866	-0.0009950607381830068
8.69837296620776	0.0696571198128666	-0.0009514368120764061
8.72340425531915	0.06946173474310768	-0.0009187238699453204
8.748435544430539	0.06926771930964293	-0.0008932177153361948
8.773466833541928	0.06907601861588653	-0.0008705590064011781
8.798498122653317	0.06888470567157334	-0.0008486782789134256
8.823529411764707	0.06869225096916587	-0.0008282828388793684
8.848560700876096	0.06849890619264087	-0.0008105856899825181
8.873591989987485	0.06830564538272377	-0.0007959411659374943
8.898623279098874	0.06811322612788118	-0.0007840653830846617
8.92365456821026	0.0679220245585146	-0.0007745102764065287
8.948685857321653	0.0677321604575365	-0.0007668942666759632
8.973717146433042	0.06754363090582594	-0.0007609620333515615
8.998748435544432	0.06735640430803258	-0.0007565773646014406
9.023779724655821	0.06717049060045	-0.0007536839241465559
9.048811013767207	0.06698598849560078	-0.0007522177109020867
9.0738423028786	0.06680303742224147	-0.0007519508696205712
9.098873591989985	0.06662153265733117	-0.0007524026594698113
9.123904881101378	0.06644076740930771	-0.0007532025749193566
9.148936170212767	0.0662597179952833	-0.0007547506199722526
9.173967459324153	0.0660778169477787	-0.0007581626471604014
9.198998748435546	0.06589510036531543	-0.0007646804534274104
9.224030037546932	0.06571189125028809	-0.0007755243697974978
9.249061326658325	0.06552872676751242	-0.0007921485348597601
9.27409261576971	0.06534666950473955	-0.0008165156156977049
9.2991239048811	0.06516801257629368	-0.0008511903435028945
9.324155193992492	0.06499750926352199	-0.0008988910260660093
9.349186483103878	0.06484397775923689	-0.0009605024433922277
9.374217772215271	0.06472034824755823	-0.0010299839574807595
9.399249061326657	0.06463640380160385	-0.0010876613489814446
9.424280350438046	0.06458185284815521	-0.0011047854949503139
9.449311639549435	0.06452246132364614	-0.0010697831572592936
9.474342928660825	0.06442920712885503	-0.0010026052000047386
9.499374217772218	0.06429947072585307	-0.0009316051294863265
9.524405506883603	0.0641456522319217	-0.0008724840169927056
9.549436795994993	0.06398028824825985	-0.0008290033337827463
9.574468085106382	0.06381189767541251	-0.0007997668804062136
9.599499374217771	0.06364610720580188	-0.00078178160010689
9.62453066332916	0.06348686536703596	-0.0007707960532124664
9.64956195244055	0.0633355205061985	-0.000760820686347391
9.67459324155194	0.06318873841160055	-0.0007463374126330802
9.699624530663328	0.06304046941388108	-0.0007267345936676217
9.724655819774718	0.06288749880600442	-0.0007058438783335425
9.749687108886107	0.06273059362450084	-0.0006872222932008953
9.774718397997496	0.06257177596713781	-0.0006722055412816674
9.799749687108886	0.06241257159087432	-0.0006607434162071157
9.824780976220275	0.062253783085399306	-0.0006523914283674132
9.849812265331664	0.06209573835483617	-0.0006467685384101557
9.874843554443054	0.06193852862079652	-0.0006437000241905355
9.899874843554443	0.06178216908146794	-0.0006432565652111227
9.924906132665832	0.06162672614402709	-0.0006457804801335704
9.949937421777221	0.06147247380565979	-0.0006519218542591909
9.97496871088861	0.06132015803190782	-0.0006626562685065479
10.0	0.06117146746331592	-0.0006791564064197592
