-10.0	-0.05936804922005212	-0.0005979273438933286
-9.97496871088861	-0.05951442527970929	-0.0006122525600039952
-9.949937421777221	-0.05966299879773285	-0.000630159212923101
-9.924906132665832	-0.059813755651702216	-0.000652872343745059
-9.899874843554443	-0.059966383766343334	-0.0006821475105353442
-9.874843554443054	-0.06011989829180475	-0.0007204596113816186
-9.849812265331664	-0.06027189308500436	-0.0007711172142660372
-9.824780976220275	-0.060417150413578646	-0.0008379232274817877
-9.799749687108886	-0.06054555115608995	-0.0009233009600818909
-9.774718397997496	-0.06064086064597607	-0.0010228131578636501
-9.749687108886107	-0.06068663494333304	-0.0011158167865043117
-9.724655819774718	-0.060686461400508485	-0.0011644630542125695
-9.699624530663328	-0.060679420214362345	-0.0011420643308468065
-9.67459324155194	-0.06071163769964283	-0.0010642954210779293
-9.64956195244055	-0.06079703099690281	-0.0009699513389949121
-9.62453066332916	-0.0609224822823764	-0.0008856262363154122
-9.599499374217771	-0.06107059617955901	-0.0008195696648928691
-9.574468085106382	-0.061229461392211526	-0.0007706699229523828
-9.549436795994993	-0.06139263639759296	-0.0007352717378942275
-9.524405506883603	-0.061557050622043086	-0.0007098654881674965
-9.499374217772216	-0.061721399549898415	-0.0006917370829758879
-9.474342928660825	-0.06188523757564912	-0.0006789377626518212
-9.449311639549435	-0.06204851737791284	-0.0006701050542774062
-9.424280350438046	-0.06221136672539007	-0.000664294424864556
-9.399249061326657	-0.06237398338635547	-0.0006608536526024889
-9.37421777221527	-0.06253658735318712	-0.0006593363862873042
-9.349186483103878	-0.06269940058588741	-0.0006594449573364691
-9.32415519399249	-0.06286263975580741	-0.0006609938018536238
-9.2991239048811	-0.06302651475861065	-0.0006638873615759933
-9.274092615769712	-0.06319122913633723	-0.0006681083129839727
-9.249061326658325	-0.06335698021421354	-0.0006737129032518968
-9.224030037546934	-0.06352395883634099	-0.0006808299958215164
-9.198998748435546	-0.0636923542384773	-0.0006896619106124546
-9.173967459324155	-0.06386237567417208	-0.000700499561856624
-9.148936170212767	-0.06403427639255188	-0.0007137906665926202
-9.123904881101378	-0.06420830689927559	-0.0007302597278441986
-9.098873591989987	-0.06438458823038129	-0.0007509918391287035
-9.0738423028786	-0.06456298917707048	-0.0007775023184478647
-9.048811013767208	-0.0647429197512901	-0.0008119178380743136
-9.023779724655821	-0.0649227748035619	-0.0008572071209278914
-8.998748435544432	-0.06509879523720041	-0.0009171183174329633
-8.973717146433042	-0.06526322313607569	-0.0009951144203879242
-8.948685857321653	-0.06540232188901118	-0.0010906946145558677
-8.923654568210262	-0.06549811672507833	-0.0011912549295386016
-8.898623279098874	-0.06554247790464363	-0.0012647622363238659
-8.873591989987485	-0.06555986543197267	-0.0012744960861844623
-8.848560700876096	-0.06559962674096287	-0.0012170831566908208
-8.823529411764707	-0.06569169734584523	-0.0011267417834099902
-8.798498122653317	-0.06583150786997205	-0.0010380470954171328
-8.773466833541928	-0.06600126774282433	-0.0009663460288499848
-8.748435544430539	-0.06618631441904288	-0.0009134622285790345
-8.72340425531915	-0.0663780432969654	-0.0008764102284060937
-8.69837296620776	-0.06657202332933299	-0.0008516320520970955
-8.67334167709637	-0.0667659785007979	-0.0008361956996616182
-8.648310387984981	-0.06695857021064189	-0.0008277159701791797
-8.623279098873592	-0.06714905832523765	-0.0008238464350633912
-8.598247809762203	-0.06733782454692605	-0.0008221645831300861
-8.573216520650814	-0.0675266900136906	-0.000821266292389336
-8.548185231539424	-0.067717542541744	-0.0008217666263388712
-8.523153942428035	-0.0679108533994599	-0.0008253401963940338
-8.498122653316646	-0.0681059089145224	-0.0008334405691844821
-8.473091364205256	-0.06830142585710508	-0.0008471708541480105
-8.448060075093867	-0.0684954299726277	-0.0008675003523260505
-8.423028785982478	-0.06868458791684962	-0.0008948652832598131
-8.397997496871088	-0.06886383091161452	-0.0009274646837301725
-8.3729662077597	-0.06902839702989372	-0.0009584093758294998
-8.34793491864831	-0.0691802473167753	-0.0009759388324912244
-8.32290362953692	-0.06933201447651438	-0.0009727369589631468
-8.297872340425531	-0.06949727043630904	-0.0009545384233163173
-8.272841051314144	-0.06967943381898412	-0.0009330254875346972
-8.247809762202753	-0.06987454945171034	-0.0009156895897323297
-8.222778473091363	-0.07007798262023446	-0.0009050048862656174
-8.197747183979974	-0.07028661931227109	-0.0009012803711063305
-8.172715894868585	-0.07049859680531778	-0.0009043355228406103
-8.147684605757197	-0.07071277599732007	-0.0009141690744060571
-8.122653316645806	-0.07092823105646495	-0.000931279896518894
-8.097622027534417	-0.07114366892205037	-0.0009567830926669185
-8.072590738423028	-0.07135668480430368	-0.0009922814284414883
-8.047559449311638	-0.07156273335627983	-0.0010392186432436473
-8.02252816020025	-0.0717539837672474	-0.0010968352384486263
-7.9974968710888605	-0.07192022521296337	-0.0011574233851680132
-7.972465581977473	-0.07205723349794191	-0.0012019912623875278
-7.947434292866082	-0.07218011280988623	-0.001209351738165984
-7.922403003754694	-0.07231795953040265	-0.0011784967236155158
-7.897371714643305	-0.07248771981748359	-0.0011300940111797636
-7.872340425531914	-0.0726862142488045	-0.001084441470452363
-7.8473091364205265	-0.07290285207255298	-0.0010505917848508128
-7.8222778473091354	-0.07312888463533884	-0.0010299882571157964
-7.797246558197748	-0.07335878818511876	-0.0010215608901295026
-7.772215269086359	-0.07358879802883944	-0.0010240684118483084
-7.7471839799749675	-0.07381523555434466	-0.0010363362072045162
-7.72215269086358	-0.07403349516030033	-0.0010559217560396766
-7.697121401752189	-0.07423917682948744	-0.0010765929074090796
-7.672090112640801	-0.07443312607271935	-0.001087879429940125
-7.647058823529412	-0.07462547210915993	-0.0010822466854028961
-7.622027534418023	-0.07482836459398179	-0.001063245366219115
-7.596996245306634	-0.07504568715522186	-0.0010406425170915445
-7.571964956195245	-0.07527427260840547	-0.0010212054609733678
-7.546933667083856	-0.07550977297689432	-0.001007039190660905
-7.5219023779724665	-0.07574918117220975	-0.000997852443320582
-7.496871088861077	-0.0759908632964219	-0.0009926777013465338
-7.471839799749688	-0.07623405372142944	-0.0009905710921781496
-7.446808510638299	-0.07647844806039483	-0.0009908004060657644
-7.421777221526909	-0.07672395870811943	-0.0009928490563772957
-7.39674593241552	-0.07697057806563024	-0.0009963717219243495
-7.371714643304131	-0.07721829515268563	-0.0010011397954021728
-7.346683354192741	-0.07746703804956567	-0.001006967502782452
-7.321652065081352	-0.07771666501492458	-0.0010135899335575321
-7.296620775969963	-0.07796710547775376	-0.001020526710473757
-7.2715894868585735	-0.07821867254555492	-0.0010271797742643085
-7.246558197747184	-0.078472096460378	-0.001033322050671276
-7.221526908635795	-0.07872796695730866	-0.0010393120394135424
-7.196495619524406	-0.07898638490152532	-0.001045640303693543
-7.171464330413016	-0.07924719617452602	-0.001052567333674037
-7.146433041301627	-0.07951025643105503	-0.0010601546348106977
-7.121401752190238	-0.07977550001156963	-0.0010683932633287901
-7.0963704630788484	-0.0800429159431939	-0.001077278914890456
-7.071339173967459	-0.080312507818868	-0.0010868399489981362
-7.04630788485607	-0.08058425222375476	-0.0010971414503741228
-7.0212765957446805	-0.08085804809953867	-0.0011082663624048528
-6.996245306633291	-0.08113365826414665	-0.001120242664894161
-6.971214017521902	-0.08141071024463642	-0.001132863216926197
-6.946182728410513	-0.08168895708952473	-0.0011454565448166115
-6.921151439299123	-0.08196886568864947	-0.001157065137345023
-6.896120150187734	-0.08225172204178932	-0.0011673664760444985
-6.871088861076345	-0.08253860605494268	-0.0011771387071140282
-6.8460575719649555	-0.08282969102807236	-0.0011874471636146994
-6.821026282853566	-0.0831246563541086	-0.001198947205913542
-6.795994993742177	-0.08342319302637691	-0.00121193951616555
-6.770963704630788	-0.08372513490962508	-0.0012266330317562552
-6.745932415519399	-0.0840303986911124	-0.0012433174007199788
-6.720901126408009	-0.0843388730335386	-0.001262457208615897
-6.69586983729662	-0.08465026378400253	-0.001284754497644397
-6.670838548185231	-0.08496383584156231	-0.0013111698297108149
-6.645807259073841	-0.08527796653216502	-0.0013427801520221883
-6.620775969962453	-0.08558952021842803	-0.0013801183446552207
-6.595744680851063	-0.0858936401354864	-0.0014213734193562477
-6.570713391739676	-0.08618600792977649	-0.001459664383841791
-6.545682102628285	-0.08646919525508245	-0.0014837092971579924
-6.520650813516897	-0.08675582142635996	-0.0014872350842471266
-6.495619524405506	-0.08705851112160712	-0.0014765224364791801
-6.470588235294117	-0.08737984754828165	-0.0014628649195452398
-6.445556946182729	-0.08771552605904631	-0.0014531549432759694
-6.420525657071338	-0.08806070752476458	-0.001449210264119774
-6.395494367959951	-0.08841228053354477	-0.0014504981775009945
-6.37046307884856	-0.08876865561341063	-0.0014559329808178922
-6.34543178973717	-0.08912914429839969	-0.0014645324534509063
-6.320400500625783	-0.08949352200675431	-0.0014755551572486897
-6.295369211514392	-0.08986178888872498	-0.001488476377769568
-6.270337922403004	-0.0902340502585659	-0.001502933805377582
-6.245306633291613	-0.09061045913018528	-0.0015186797330708768
-6.2202753441802265	-0.09099118934035921	-0.0015355459589996567
-6.195244055068836	-0.09137642345652441	-0.0015534195626749903
-6.170212765957448	-0.09176634777703985	-0.0015722265380317263
-6.145181476846059	-0.09216115070627318	-0.0015919207809775293
-6.120150187734667	-0.09256102270643218	-0.0016124766529192897
-6.09511889862328	-0.09296615695629384	-0.001633883919048132
-6.070087609511891	-0.093376750308102	-0.0016561442540554555
-6.0450563204005014	-0.09379300439697857	-0.0016792687701105563
-6.020025031289112	-0.09421512694345235	-0.0017032762779768257
-5.994993742177721	-0.09464333322908214	-0.0017281923477863032
-5.9699624530663336	-0.0950778472167606	-0.0017540491630818333
-5.9449311639549425	-0.09551890203245428	-0.001780885294120127
-5.919899874843555	-0.09596674074562639	-0.0018087449594290927
-5.894868585732166	-0.09642161780464864	-0.0018376775958578867
-5.869837296620776	-0.09688380052145718	-0.0018677379878361405
-5.844806007509387	-0.09735357040162906	-0.0018989866022140756
-5.819774718397998	-0.09783122445771486	-0.0019314899631146937
-5.7947434292866085	-0.09831707660670119	-0.0019653210734648374
-5.769712140175219	-0.09881145918729395	-0.0020005599101429183
-5.74468085106383	-0.0993147246146453	-0.0020372940048005578
-5.719649561952441	-0.09982724719793179	-0.0020756191123434964
-5.694618272841051	-0.10034942517069823	-0.0021156399807221032
-5.669586983729662	-0.10088168298062694	-0.0021574712970155036
-5.644555694618273	-0.10142447376080099	-0.0022012389010579586
-5.619524405506883	-0.1019782818722339	-0.00224708113144427
-5.594493116395494	-0.10254362574634257	-0.002295150140176852
-5.569461827284105	-0.10312106125579401	-0.002345613396235527
-5.5444305381727155	-0.10371118551720393	-0.0023986555623725925
-5.519399249061326	-0.10431464107840416	-0.002454480709275314
-5.494367959949937	-0.10493212057869439	-0.002513314855941487
-5.469336670838549	-0.10556437198577928	-0.0025754088942001735
-5.444305381727158	-0.1062122045043461	-0.0026410419796072115
-5.419274092615769	-0.10687649525537157	-0.002710525481952622
-5.3942428035043815	-0.10755819683791579	-0.002784207600999039
-5.36921151439299	-0.10825834590138861	-0.0028624787632610116
-5.344180225281603	-0.10897807288696093	-0.002945777910996608
-5.319148936170212	-0.1097186131926371	-0.003034599769322119
-5.2941176470588225	-0.1104813202912327	-0.0031295032434501407
-5.269086357947435	-0.11126768163264966	-0.003231121705896567
-5.244055068836044	-0.11207933718892527	-0.0033401769541556436
-5.219023779724656	-0.11291809848279666	-0.0034574969303992065
-5.193992490613266	-0.11378596893731086	-0.0035840341275431425
-5.168961201501876	-0.11468517029416425	-0.0037208858312364756
-5.1439299123904885	-0.11561817556476317	-0.003869320831200701
-5.1188986232791	-0.11658774693504803	-0.004030813927734758
-5.09386733416771	-0.11759697944642955	-0.004207088626083044
-5.06883604505632	-0.11864935232343932	-0.004400169953832592
-5.043804755944931	-0.11974878981464165	-0.004612450544108332
-5.018773466833542	-0.12089973354437333	-0.004846774140789031
-4.993742177722154	-0.12210722873495694	-0.005106542027323552
-4.968710888610763	-0.12337702716637278	-0.0053958498288063095
-4.943679599499373	-0.1247157103457921	-0.005719665031890753
-4.918648310387985	-0.1261308367461984	-0.0060840599337827345
-4.893617021276597	-0.12763111654806814	-0.0064965205842691665
-4.868585732165207	-0.12922661707357097	-0.006966359643619441
-4.843554443053817	-0.1309290025161749	-0.007505273893168546
-4.818523153942427	-0.1327518075672076	-0.008128108138894904
-4.793491864831038	-0.1347107343528755	-0.008853915713846403
-4.768460575719651	-0.13682394395861586	-0.009707448809160538
-4.7434292866082615	-0.13911227582656593	-0.0107212795578423
-4.71839799749687	-0.14159924877164265	-0.011938856088500982
-4.69336670838548	-0.14431053367284008	-0.013418951763486883
-4.668335419274092	-0.1472722504565409	-0.015242183290193861
-4.643304130162704	-0.15050674414721765	-0.01752053605435075
-4.618272841051315	-0.15402305770727054	-0.02041099313392912
-4.593241551939924	-0.1577964331833135	-0.024133811997404456
-4.568210262828536	-0.16172581608545844	-0.028992706926119244
-4.543178973717147	-0.1655506026344371	-0.035382337226381386
-4.518147684605758	-0.1687068897321824	-0.04373503951686561
-4.4931163954943685	-0.17015341065823453	-0.05429378713996974
-4.468085106382977	-0.16839836732984015	-0.06658505416474993
-4.44305381727159	-0.16222880172060883	-0.07885632780079566
-4.418022528160201	-0.15206365729442606	-0.08858174803706706
-4.392991239048811	-0.1401067943893164	-0.09440768674861136
-4.367959949937422	-0.1283258281450248	-0.09711728615481585
-4.342928660826031	-0.11684569217522789	-0.09804802923753908
-4.317897371714643	-0.10485143175546252	-0.09715542110142344
-4.292866082603254	-0.09256182443243155	-0.09325444456807974
-4.267834793491865	-0.08154307474454914	-0.08577800612225733
-4.2428035043804755	-0.07342527999839543	-0.07550000883559778
-4.217772215269086	-0.0690357416720575	-0.06395064036220932
-4.192740926157699	-0.06826285732924386	-0.052776626299161106
-4.167709637046308	-0.07019626328260431	-0.043170258383422644
-4.142678347934918	-0.07367792152830743	-0.035534693470231304
-4.117647058823529	-0.07781805268132258	-0.029700593017100263
-4.09261576971214	-0.08210422316677679	-0.025300606581412116
-4.067584480600752	-0.08629292369106967	-0.021980050078575702
-4.042553191489361	-0.09028991636475636	-0.019459491814665428
-4.017521902377972	-0.09407425302908567	-0.017534513349828418
-3.9924906132665825	-0.09765804539348766	-0.016059364588781752
-3.967459324155193	-0.10106680162484638	-0.014930699862375371
-3.9424280350438052	-0.10433028176073211	-0.014075097972984507
-3.917396745932415	-0.10747849102362217	-0.013440265485778882
-3.8923654568210257	-0.11054013092059956	-0.012989033467787903
-3.867334167709638	-0.1135422080150259	-0.012695316429528786
-3.8423028785982494	-0.1165101767534229	-0.012541422118187734
-3.8172715894868587	-0.11946832076719005	-0.012516299950280418
-3.7922403003754686	-0.12244023612346533	-0.012614463694481146
-3.7672090112640793	-0.12544935698129267	-0.01283542877311683
-3.7421777221526913	-0.12851950038702276	-0.013183580743066789
-3.717146433041303	-0.13167542161953927	-0.013668452177904633
-3.6921151439299127	-0.13494337212084373	-0.014305441330734137
-3.6670838548185225	-0.1383516388016961	-0.015117067964491443
-3.6420525657071328	-0.14193100933177671	-0.016134941022391894
-3.617021276595745	-0.1457150347506615	-0.01740272353839563
-3.5919899874843564	-0.14973980900800665	-0.018980539779538036
-3.566958698372966	-0.15404267202705668	-0.02095149423289018
-3.541927409261576	-0.15865859583467712	-0.023431253575071614
-3.5168961201501876	-0.16361167966356405	-0.026581863949087986
-3.4918648310387996	-0.16889648770687593	-0.030630632556413878
-3.46683354192741	-0.17443888041267153	-0.03589227498870001
-3.4418022528160197	-0.18001816108323165	-0.042782574338934426
-3.4167709637046295	-0.18512827465379056	-0.051782820182470296
-3.391739674593241	-0.18878968115448957	-0.06325361461281545
-3.366708385481853	-0.18948265355410143	-0.07695254162908938
-3.341677096370464	-0.18567050793852413	-0.09134606345394725
-3.3166458072590737	-0.17722739764479734	-0.10361376129945603
-3.291614518147683	-0.16647665623876184	-0.11147050874258457
-3.2665832290362946	-0.15667804839640853	-0.1152791217446835
-3.2415519399249066	-0.14947077364407946	-0.11753636390843047
-3.2165206508135173	-0.14413798507185627	-0.12084182128472684
-3.191489361702127	-0.13835371946146102	-0.1263255764216073
-3.166458072590739	-0.12970558991817605	-0.13293626160184752
-3.14142678347935	-0.11741449269890714	-0.1380750087432477
-3.11639549436796	-0.10290239189136585	-0.13950638703262344
-3.091364205256571	-0.08844173830601632	-0.13677273359191205
-3.0663329161451807	-0.07566151650939101	-0.13074429710358107
-3.0413016270337927	-0.06524405839494785	-0.12274310531982596
-3.0162703379224034	-0.0569129323938915	-0.11394179148981845
-2.991239048811014	-0.04985435566982499	-0.10462151011341325
-2.966207759699625	-0.043848724218712665	-0.09411397209724895
-2.941176470588234	-0.039893779788191086	-0.08201435436830234
-2.916145181476846	-0.03914490846784924	-0.069285900274381
-2.891113892365457	-0.041552742004071774	-0.057557378854446145
-2.8660826032540676	-0.04607263193377786	-0.04782284605159273
-2.8410513141426783	-0.0515993999739921	-0.04020421159080073
-2.816020025031289	-0.05740712677236326	-0.03438245908162324
-2.790988735919901	-0.06312497033831788	-0.029954591467774017
-2.7659574468085104	-0.06859941147260917	-0.02657603045530829
-2.740926157697121	-0.07378867240026299	-0.023986983599014175
-2.715894868585732	-0.0787030614869284	-0.02200065982148179
-2.6908635794743425	-0.08337504495643833	-0.02048517030032028
-2.6658322903629545	-0.08784516147830823	-0.019348294204345917
-2.6408010012515644	-0.09215579737591595	-0.018526487207499734
-2.615769712140175	-0.09634874947013339	-0.017977471524298932
-2.5907384230287853	-0.10046458189612562	-0.017675505997475097
-2.565707133917396	-0.10454280879197597	-0.017608643855683156
-2.540675844806008	-0.10862241908215786	-0.017777553188858514
-2.515644555694618	-0.1127424660776617	-0.018195716801443385
-2.4906132665832286	-0.11694248792037376	-0.018891048486501583
-2.4655819774718406	-0.12126242927373321	-0.019909187656620683
-2.440550688360452	-0.12574144751087513	-0.02131898499198269
-2.4155193992490616	-0.13041435095729348	-0.023220950833935036
-2.3904881101376714	-0.13530310024710568	-0.025759543248783268
-2.365456821026282	-0.1403982207926755	-0.02913948732822144
-2.340425531914894	-0.14562050737174603	-0.03364282499507937
-2.3153942428035057	-0.15074839686193275	-0.0396318741874587
-2.2903629536921155	-0.1553023458398508	-0.04749520707983465
-2.2653316645807253	-0.15843213540851875	-0.05745680701371722
-2.2403003754693356	-0.1589918007498199	-0.06921647005746517
-2.2152690863579476	-0.1560335946034419	-0.08169246412901274
-2.190237797246559	-0.1494322849883436	-0.09341253797216906
-2.165206508135169	-0.13972205972458296	-0.10329556863101616
-2.140175219023779	-0.12743472409902346	-0.11057625999272178
-2.1151439299123904	-0.11336286903562676	-0.11436013956751978
-2.0901126408010025	-0.09892955360427647	-0.11419721072590816
-2.0650813516896127	-0.0854627594518036	-0.11057999470608842
-2.0400500625782225	-0.07349101266242797	-0.10433617310575932
-2.0150187734668323	-0.06310030808047817	-0.09575783887754058
-1.989987484355444	-0.054958624707726056	-0.08475511465027682
-1.9649561952440555	-0.05030426374376029	-0.0720843905590326
-1.939924906132667	-0.04955711101699878	-0.059535342983940115
-1.914893617021277	-0.051833029777749395	-0.04863494547439465
-1.8898623279098858	-0.055813874464418545	-0.039911408175267726
-1.8648310387984974	-0.060485257161445816	-0.03318839128393175
-1.839799749687109	-0.06526754505855492	-0.02805578748346854
-1.8147684605757206	-0.06988562685618294	-0.02411635990288806
-1.7897371714643304	-0.07423171859258448	-0.0210566598900071
-1.764705882352942	-0.07827959330847545	-0.018646642256255827
-1.7396745932415527	-0.0820394250830272	-0.016721326658782384
-1.7146433041301625	-0.0855357407989219	-0.015162590456052102
-1.6896120150187741	-0.08879713347147211	-0.01388518106941139
-1.664580725907384	-0.09185170079065585	-0.012826814927856423
-1.6395494367959955	-0.09472520890812075	-0.011941360487312314
-1.6145181476846062	-0.0974405258972586	-0.01119416959758747
-1.589486858573217	-0.10001762462248487	-0.010558864261785206
-1.5644555694618276	-0.10247382034942576	-0.010015103238975753
-1.5394242803504374	-0.10482408542694199	-0.00954701091557987
-1.514392991239049	-0.10708136922101064	-0.009142057782227458
-1.4893617021276597	-0.10925689301786923	-0.008790252336880175
-1.4643304130162704	-0.11136040946013681	-0.00848355038479516
-1.4392991239048811	-0.11340042526320504	-0.008215417998455515
-1.4142678347934918	-0.11538438991103095	-0.007980504430514193
-1.3892365456821025	-0.11731885444811807	-0.007774394647327779
-1.3642052565707132	-0.1192096047116804	-0.007593420179999685
-1.339173967459324	-0.12106177305383081	-0.007434513156082817
-1.3141426783479346	-0.1228799321159586	-0.007295092634987843
-1.2891113892365453	-0.12466817369228256	-0.00717297534667545
-1.264080100125157	-0.12643017522674782	-0.007066305036115161
-1.2390488110137667	-0.12816925605312657	-0.006973496117536157
-1.2140175219023774	-0.12988842511870324	-0.006893188425757146
-1.1889862327909881	-0.1315904216233924	-0.006824210640970038
-1.1639549436795988	-0.13327774975163054	-0.006765550543696666
-1.1389236545682104	-0.1349527084658524	-0.00671633068733439
-1.1138923654568202	-0.13661741715981346	-0.006675788398212937
-1.0888610763454318	-0.13827383783114922	-0.006643259256885872
-1.0638297872340434	-0.1399237943188576	-0.006618163400408522
-1.0387984981226523	-0.14156898905862703	-0.006599994129081216
-1.013767209011264	-0.14321101773210032	-0.006588308413823518
-0.9887359198998737	-0.1448513821222871	-0.006582718990820691
-0.9637046307884853	-0.14649150143228828	-0.006582887805373472
-0.9386733416770969	-0.14813272227391805	-0.006588520633182146
-0.9136420525657085	-0.14977632748128222	-0.006599362770720998
-0.8886107634543183	-0.15142354384031964	-0.006615195753050709
-0.8635794743429273	-0.1530755487299632	-0.006635835133447204
-0.8385481852315388	-0.15473347550221594	-0.0066611294457965264
-0.8135168961201504	-0.1563984171044468	-0.0066909605481022955
-0.788485607008762	-0.1580714268021256	-0.0067252455166766645
-0.7634543178973718	-0.15975351359936468	-0.006763939774631689
-0.7384230287859816	-0.1614456277507697	-0.0068070390833606526
-0.7133917396745932	-0.16314862926169305	-0.006854571338463386
-0.6883604505632039	-0.1648632360759259	-0.0069065516728295945
-0.6633291614518155	-0.16658998587589524	-0.006962846562945532
-0.6382978723404253	-0.16832936372955926	-0.007022923035518477
-0.6132665832290352	-0.1700823155324352	-0.007085759363816738
-0.5882352941176467	-0.17185075342027828	-0.007150521063078161
-0.5632040050062583	-0.173636930292973	-0.007217500637909838
-0.5381727158948699	-0.17544229254937616	-0.0072877567919221314
-0.5131414267834788	-0.17726748302531226	-0.007362102285829827
-0.48811013767208866	-0.17911297540438165	-0.007440841088901473
-0.46307884856070025	-0.18097939226286985	-0.00752400063872205
-0.43804755944931184	-0.18286752420991798	-0.0076115343692353815
-0.41301627033792343	-0.18477827464566626	-0.0077034055234254245
-0.38798498122653324	-0.18671261543835493	-0.007799608429181648
-0.36295369211514483	-0.18867156262322732	-0.007900168519190745
-0.33792240300375376	-0.19065616522111067	-0.00800513756820781
-0.31289111389236535	-0.19266750107347813	-0.008114589118962803
-0.28785982478097694	-0.19470667619741933	-0.008228615127928315
-0.26282853566958675	-0.1967748258883995	-0.008347323760908146
-0.23779724655819834	-0.19887311671237073	-0.00847083806009992
-0.21276595744680904	-0.20100274897994197	-0.008599295232882831
-0.18773466833541974	-0.2031649595148748	-0.008732846381873063
-0.16270337922403044	-0.20536102463446465	-0.008871656555655846
-0.13767209011264026	-0.20759226331243852	-0.009015905042836059
-0.11264080100125184	-0.20986004052047402	-0.009165785861221562
-0.08760951188986255	-0.21216577075862908	-0.009321508413487348
-0.06257822277847325	-0.21451092179246978	-0.009483298293780376
-0.03754693366708395	-0.2168970186193816	-0.009651398238765957
-0.01251564455569465	-0.21932564769055318	-0.009826069223183437
0.01251564455569465	-0.2217984614177172	-0.010007591704932706
0.03754693366708395	-0.22431718299738573	-0.010196267028866876
0.06257822277847325	-0.22688361158847847	-0.010392419002103026
0.08760951188986255	-0.22949962788327444	-0.010596395657182178
0.11264080100125184	-0.2321672001158142	-0.010808571222981539
0.13767209011264114	-0.2348883905570629	-0.01102934832711025
0.16270337922403044	-0.23766536255207216	-0.011259160457766773
0.18773466833541974	-0.2405003881607647	-0.01149847471781229
0.21276595744680726	-0.24339585647215156	-0.011747794909360135
0.23779724655819834	-0.24635428267043957	-0.012007664993597428
0.26282853566958764	-0.24937831794197474	-0.012278672978097052
0.28785982478097694	-0.252470760324218	-0.012561455292812773
0.31289111389236623	-0.2556345666115942	-0.012856701726510447
0.33792240300375376	-0.25887286544977517	-0.013165161008043547
0.36295369211514483	-0.26218897176881806	-0.01348764713202047
0.38798498122653235	-0.2655864027278345	-0.013825046546606504
0.41301627033792343	-0.2690688953704732	-0.014178326343274303
0.43804755944931273	-0.27264042622058815	-0.014548543614973375
0.46307884856070025	-0.27630523308479016	-0.014936856181809843
0.4881101376720913	-0.28006783937087243	-0.015344534923155795
0.5131414267834788	-0.2839330812825712	-0.01577297800409501
0.5381727158948699	-0.28790613831205947	-0.016223727344656907
0.5632040050062574	-0.29199256752409275	-0.016698487755363978
0.5882352941176467	-0.2961983422130723	-0.017199149256303017
0.6132665832290378	-0.30052989561869015	-0.017727813214327107
0.6382978723404253	-0.30499417051247035	-0.01828682308102761
0.6633291614518164	-0.3095986756198126	-0.018878800701663187
0.6883604505632039	-0.3143515500273546	-0.01950668940440317
0.7133917396745932	-0.3192616369508865	-0.020173805386023938
0.7384230287859808	-0.32433856851310505	-0.020883899306165507
0.7634543178973718	-0.3295928635165648	-0.021641230516949828
0.7884856070087629	-0.33503604060732917	-0.022450657028195126
0.8135168961201504	-0.3406807497286115	-0.023317745196337822
0.8385481852315397	-0.34654092538021697	-0.0242489043045213
0.8635794743429273	-0.3526319659545807	-0.025251552780604036
0.8886107634543183	-0.3589709443410056	-0.026334324932512726
0.9136420525657059	-0.3655768561047772	-0.02750732998574465
0.9386733416770969	-0.3724709128836854	-0.028782479202757144
0.9637046307884862	-0.37967689021186857	-0.030173902410229048
0.9887359198998737	-0.3872215407578474	-0.031698483038407194
1.0137672090112648	-0.39513508585135315	-0.03337655180047311
1.0387984981226523	-0.40345179991602587	-0.03523279493441642
1.0638297872340434	-0.41221070345110755	-0.03729745581528168
1.088861076345431	-0.4214563793158186	-0.0396079422847406
1.1138923654568202	-0.4312399218325531	-0.0422110017577543
1.1389236545682113	-0.4416200137550472	-0.0451657006574426
1.1639549436795988	-0.452664092674939	-0.048547557439750616
1.18898623279099	-0.4644494963435166	-0.05245435026314013
1.2140175219023774	-0.4770643259376104	-0.057014382909588046
1.2390488110137667	-0.4906074563155651	-0.06239839125935512
1.264080100125156	-0.5051864854789019	-0.06883686308507114
1.2891113892365453	-0.5209111062903962	-0.07664536083386811
1.3141426783479364	-0.53787669850263	-0.08626136528990641
1.339173967459324	-0.5561275204039808	-0.09829649330816759
1.3642052565707132	-0.5755785037148398	-0.11360506870167464
1.3892365456821025	-0.5958575748095356	-0.13335610478173027
1.4142678347934918	-0.6160140995682974	-0.15905298343517268
1.4392991239048811	-0.6340664606566166	-0.19235630165431414
1.4643304130162704	-0.6465161741800318	-0.2344942483802934
1.4893617021276597	-0.648143305137054	-0.2851805886694687
1.514392991239049	-0.6323192662635475	-0.34100533464264104
1.5394242803504383	-0.592901625284286	-0.3929249143904645
1.5644555694618276	-0.5303518148124011	-0.4253288435543986
1.589486858573217	-0.45877909685177176	-0.4236607130688539
1.6145181476846044	-0.40109692400084906	-0.3882018484587326
1.6395494367959955	-0.371883101724765	-0.33547814172463997
1.6645807259073848	-0.3697507607722508	-0.2834526680442476
1.6896120150187741	-0.3855611850060616	-0.2411852330997619
1.7146433041301634	-0.4110501213922384	-0.21020874369519013
1.739674593241551	-0.44120082446411946	-0.18897266642905616
1.764705882352942	-0.47351842800391797	-0.17542439383788497
1.7897371714643295	-0.5069542277849322	-0.16788903987603823
1.8147684605757206	-0.5411940061209828	-0.16522103383381162
1.83979974968711	-0.5762689685468341	-0.16674805109268173
1.8648310387984974	-0.6123461206029148	-0.17219197538196354
1.8898623279098885	-0.649592472034374	-0.18161175366982854
1.914893617021276	-0.6880436396488072	-0.19535556848829091
1.939924906132667	-0.7274392337360522	-0.2139621890433784
1.9649561952440546	-0.767071980791171	-0.2378970688498224
1.989987484355444	-0.8059037280527268	-0.2670649157442113
2.015018773466835	-0.8433145180948154	-0.300479459909491
2.0400500625782225	-0.880126269396226	-0.33699868883505224
2.065081351689613	-0.9183162435296741	-0.3770077046437291
2.090112640801001	-0.95924226442841	-0.42291162887877654
2.1151439299123904	-1.0025218655928922	-0.47828000473519383
2.1401752190237784	-1.045157730117424	-0.5468918984272966
2.165206508135169	-1.0811882164078952	-0.630289624878134
2.1902377972465596	-1.104453818487714	-0.7253523122801683
2.2152690863579476	-1.1128003781649456	-0.8257332023670004
2.240300375469337	-1.1090867497452166	-0.9263899642288246
2.265331664580725	-1.098119611777042	-1.0270290609978883
2.2903629536921155	-1.0819553242990172	-1.131409035504759
2.315394242803503	-1.0590679166586217	-1.243154666020011
2.340425531914894	-1.0268947188627084	-1.3657878265726395
2.3654568210262834	-0.9784661796559009	-1.5043423974266732
2.3904881101376714	-0.899312550929984	-1.658114931570225
2.415519399249062	-0.7763132992855453	-1.8142147382382734
2.4405506883604495	-0.6060882392682907	-1.9543840766950895
2.4655819774718406	-0.3920374799255515	-2.0605831781063366
2.490613266583228	-0.1460798201659772	-2.1137260527136186
2.515644555694618	0.10715678657542904	-2.103096298412937
2.5406758448060085	0.3430773010540622	-2.0360481719500365
2.565707133917396	0.5501389442099733	-1.927623032383393
2.590738423028787	0.7245560798124231	-1.789109066663249
2.6157697121401746	0.8637530605090056	-1.629799736412095
2.6408010012515644	0.9678908319821808	-1.4588582860536001
2.665832290362953	1.0392180149110353	-1.28212192548138
2.6908635794743425	1.0773550750898027	-1.1036250632960949
2.7158948685857336	1.0811294021978153	-0.930937587010571
2.740926157697121	1.0538413598367362	-0.7737108048250532
2.765957446808511	1.0034200596894982	-0.639180692093436
2.7909887359198997	0.9397134692855105	-0.5298957684685854
2.816020025031289	0.8712745694550992	-0.4439202252725444
2.841051314142678	0.803593970197789	-0.37705093613940266
2.8660826032540676	0.7393959283776881	-0.32491533062747047
2.8911138923654573	0.6796763309993858	-0.2838950583042831
2.916145181476846	0.6245444523344608	-0.2512590719393939
2.9411764705882355	0.5737146653588394	-0.22501569914635536
2.9662077596996244	0.526756978805023	-0.20372530274637238
2.991239048811014	0.4832170122330375	-0.1863455534793559
3.0162703379224016	0.44267319063021526	-0.17211683281283033
3.0413016270337927	0.40476682235317174	-0.1604752378387684
3.066332916145182	0.36921729831739736	-0.1509730039357772
3.091364205256571	0.33580390887665734	-0.14318965959104957
3.1163954943679606	0.30426754398274714	-0.13667016454874187
3.141426783479348	0.2741789527268468	-0.131016186427633
3.166458072590739	0.24501482025383536	-0.12609209216473397
3.1914893617021267	0.21641283400734945	-0.12199859363853055
3.2165206508135173	0.188219136170376	-0.11884359227564273
3.241551939924907	0.16035205109074857	-0.11664678838160278
3.2665832290362946	0.13271372532819603	-0.11537828390112043
3.2916145181476857	0.10517540521506419	-0.11500515588062638
3.316645807259073	0.0775856222613398	-0.11551288354587261
3.341677096370464	0.049777609243027765	-0.11691210413396289
3.366708385481852	0.021572215479145562	-0.11924080974477289
3.391739674593241	-0.007222472723572793	-0.12256645998581506
3.416770963704632	-0.03681347115545108	-0.12698969169499486
3.4418022528160197	-0.06742639466540767	-0.13265045106895615
3.4668335419274103	-0.09930964140277698	-0.13973734108209318
3.4918648310387983	-0.13273884455920104	-0.14850131043104695
3.5168961201501876	-0.16802091828667898	-0.15927539696226836
3.5419274092615756	-0.20549631497441334	-0.1725030961213991
3.566958698372966	-0.24553655290664533	-0.18877906846473094
3.591989987484357	-0.2885308452243618	-0.20890711762605388
3.617021276595745	-0.33484927679139087	-0.23398057072010667
3.642052565707134	-0.3847585725602327	-0.2654856173213125
3.667083854818522	-0.43825152075780904	-0.3054088347801478
3.6921151439299127	-0.49475264891586157	-0.3562804503241985
3.7171464330413	-0.552743814075634	-0.42102528863660504
3.7421777221526913	-0.6095214851649526	-0.5025964294344621
3.7672090112640806	-0.6611217664331344	-0.603699701737176
3.7922403003754686	-0.7018684996154936	-0.7264442059570234
3.817271589486859	-0.7242635654361615	-0.8708650600484956
3.8423028785982467	-0.7210297232732383	-1.0340327228902466
3.867334167709638	-0.6861776514087099	-1.2124207822210251
3.8923654568210253	-0.611369219588151	-1.4028593125471718
3.917396745932415	-0.483306456639522	-1.5964528262497952
3.9424280350438057	-0.29116136970509743	-1.7711924394149174
3.967459324155193	-0.03959979665728941	-1.8964151463313883
3.9924906132665843	0.24828581707139152	-1.9474166081827833
4.017521902377972	0.5402909376245701	-1.9153173409119555
4.042553191489361	0.8055241609662578	-1.8072408381769134
4.06758448060075	1.0219519031244055	-1.6424000730617523
4.09261576971214	1.180353379597436	-1.4434521155224473
4.117647058823531	1.2791414885496524	-1.2297452759789627
4.142678347934918	1.3206659035321802	-1.019556754742181
4.167709637046308	1.313963842958171	-0.8297577262329211
4.192740926157697	1.2740362224371564	-0.6708148257188977
4.217772215269086	1.2164956075972944	-0.5445858589751253
4.2428035043804755	1.1529243990727913	-0.44694325267596546
4.267834793491865	1.089971617204367	-0.3718181135259153
4.292866082603254	1.0307379663148972	-0.31362438297381523
4.317897371714643	0.9763335259227515	-0.26798731376264817
4.342928660826033	0.9268973578343411	-0.23168848430210962
4.367959949937422	0.882145541193307	-0.20240678894657685
4.392991239048811	0.8416399116761832	-0.17846891071394785
4.418022528160199	0.8049123120912514	-0.15865825815977178
4.44305381727159	0.7715182026434517	-0.14207939090883648
4.468085106382979	0.7410567698556543	-0.12806424259200253
4.4931163954943685	0.7131756212067084	-0.11610753037788318
4.518147684605758	0.6875687552378946	-0.10582202063832549
4.543178973717145	0.6639719341484858	-0.09690723239251356
4.568210262828536	0.642157377337174	-0.08912727563577641
4.593241551939924	0.6219286265364987	-0.08229495661350031
4.618272841051315	0.6031159201856822	-0.07626023152708675
4.643304130162704	0.5855721728888383	-0.07090171451230032
4.668335419274092	0.5691695468319109	-0.06612035750726655
4.693366708385483	0.5537965577070167	-0.061834693174430716
4.71839799749687	0.5393556440065961	-0.057977215402672616
4.7434292866082615	0.525761128010263	-0.05449159645163701
4.768460575719649	0.5129375011774719	-0.051330527976422125
4.793491864831038	0.5008179789377225	-0.04845403978835863
4.818523153942429	0.4893432941730822	-0.04582818672266875
4.843554443053817	0.47846069791346313	-0.04342399681084358
4.868585732165208	0.4681231074009098	-0.04121660952059114
4.8936170212765955	0.45828836656106997	-0.039184583130779216
4.918648310387985	0.4489186154932989	-0.03730934301654151
4.943679599499372	0.43997975692787694	-0.035574733945054504
4.968710888610763	0.4314410012786345	-0.03396665133603058
4.9937421777221545	0.4232744757603335	-0.03247273580238563
5.018773466833542	0.415454887023313	-0.031082119237792222
5.043804755944931	0.40795922905183346	-0.029785212960189933
5.068836045056319	0.4007665295335112	-0.02857353021455808
5.09386733416771	0.3938576290162086	-0.027439536834284628
5.118898623279097	0.38721498808056953	-0.02637652507436511
5.1439299123904885	0.38082251851271565	-0.02537850659806884
5.168961201501878	0.3746654350967509	-0.02444012136709052
5.193992490613265	0.3687301251744506	-0.023556559795511994
5.219023779724656	0.3630040335651641	-0.02272349601315693
5.244055068836044	0.3574755608181386	-0.02193703046729019
5.269086357947435	0.35213397309880534	-0.021193640381579726
5.2941176470588225	0.34696932229352395	-0.020490136769967582
5.319148936170212	0.3419723750894308	-0.01982362671532116
5.344180225281603	0.3371345495511804	-0.019191479483747456
5.36921151439299	0.33244785655650944	-0.018591295527743898
5.3942428035043815	0.3279048428458893	-0.01802088088569799
5.419274092615769	0.3234985393854286	-0.017478233174771166
5.444305381727158	0.31922242683514934	-0.01696153314622889
5.469336670838548	0.3150704107237807	-0.016469124211925826
5.494367959949937	0.31103678741911445	-0.015999486998839366
5.519399249061328	0.3071162063193542	-0.015551224183899356
5.5444305381727155	0.30330363835563023	-0.015123052626046726
5.569461827284105	0.2995943502840017	-0.014713796977468385
5.594493116395494	0.29598388205383674	-0.014322383876905723
5.619524405506883	0.29246802616971124	-0.013947837560478349
5.644555694618273	0.28904280894420165	-0.01358927775952598
5.669586983729662	0.28570447397243015	-0.013245920777460382
5.694618272841051	0.2824494686458241	-0.012917084946711274
5.719649561952441	0.279274435491506	-0.012602202237145463
5.74468085106383	0.2761762121438833	-0.012300838525876295
5.769712140175219	0.2731518479488999	-0.012012725535081745
5.7947434292866085	0.2701986537520771	-0.011737806074416754
5.819774718397996	0.2673143179148729	-0.011476285433527744
5.844806007509387	0.2644971484284637	-0.011228648631331634
5.869837296620776	0.26174652023673417	-0.010995502189576609
5.894868585732166	0.25906349942181617	-0.010776861248575867
5.919899874843555	0.25645098012722656	-0.01057024956031366
5.9449311639549425	0.2539111725068919	-0.010367954547046226
5.9699624530663336	0.25143902215042324	-0.010158098567868507
5.994993742177721	0.24901956984421592	-0.009934545877090334
6.020025031289112	0.24663869361061774	-0.009703890597919401
6.0450563204005014	0.2442926916804602	-0.009477189266576494
6.07008760951189	0.24198454803872327	-0.009260803179418242
6.09511889862328	0.2397176334567579	-0.00905608622172803
6.120150187734667	0.23749361132414393	-0.008862156431125687
6.145181476846059	0.23531270144049277	-0.00867764459642932
6.170212765957445	0.2331743030476483	-0.008501317674890096
6.195244055068836	0.23107742343905713	-0.008332202740082575
6.2202753441802265	0.2290209097453948	-0.008169558096520813
6.245306633291613	0.22700356240952146	-0.008012816720346497
6.270337922403005	0.22502418535850577	-0.007861538449337055
6.295369211514392	0.22308160573089353	-0.007715381581610559
6.320400500625783	0.22117468806490237	-0.007574090899859998
6.3454317897371695	0.21930235021633582	-0.007437486875084734
6.37046307884856	0.21746357230339086	-0.007305455733369673
6.395494367959952	0.21565740575116443	-0.007177951776387442
6.420525657071338	0.21388300048891207	-0.007055009297011874
6.445556946182729	0.21213966751168734	-0.00693674929098019
6.470588235294116	0.2104269977795239	-0.0068233450008416685
6.495619524405506	0.20874503841097614	-0.006714850504110137
6.520650813516895	0.20709437859036317	-0.006610715034530409
6.545682102628285	0.20547559200462828	-0.006508990072189885
6.570713391739676	0.20388747141963215	-0.006406343712232809
6.5957446808510625	0.2023258573979172	-0.006300588527246451
6.620775969962453	0.20078624053913252	-0.006193162271852515
6.645807259073841	0.19926693566211195	-0.006087281239103751
6.670838548185231	0.19776845424267098	-0.0059850466660887475
6.695869837296622	0.19629160677262192	-0.005887055446276643
6.720901126408009	0.19483674197741063	-0.005793177192710414
6.745932415519399	0.1934037711609209	-0.005703116537672331
6.770963704630788	0.1919923500784142	-0.005616635317162652
6.795994993742178	0.1906020189080504	-0.005533612171695262
6.821026282853566	0.1892322897586718	-0.005454047597108561
6.8460575719649555	0.18788269906671928	-0.005378051266046957
6.871088861076346	0.18655282216318447	-0.005305832117126208
6.896120150187734	0.1852422590203915	-0.005237757959956638
6.921151439299124	0.18395073912006232	-0.0051745436018115765
6.946182728410513	0.1826785379568765	-0.005117366816572988
6.971214017521902	0.18142709749379193	-0.0050675976093556285
6.996245306633291	0.180199661003412	-0.0050259293557496365
7.0212765957446805	0.1790013609599468	-0.004990375075004952
7.046307884856071	0.17783658122410362	-0.0049534438734032404
7.071339173967459	0.17670220921363544	-0.004903359910539834
7.0963704630788484	0.17558531423119028	-0.004834228591291206
7.121401752190238	0.17447442998035267	-0.004752321415366578
7.146433041301627	0.1733680361581067	-0.004666568725474801
7.171464330413016	0.17226845469813057	-0.004580528296386915
7.196495619524406	0.17117611300191005	-0.004495571819117819
7.221526908635795	0.1700913734387104	-0.004414053520071917
7.246558197747184	0.1690160810240826	-0.004337792361044632
7.2715894868585735	0.16795230789784288	-0.004267031256010204
7.296620775969963	0.16690137735896649	-0.0042010879180092026
7.321652065081352	0.16586385923421698	-0.004139088961746876
7.3466833541927405	0.16483985468375284	-0.004080280951666029
7.371714643304131	0.16382922411989753	-0.004024090177968717
7.39674593241552	0.16283171756521675	-0.003970098110854095
7.421777221526909	0.16184704055544774	-0.003918002461925807
7.446808510638299	0.16087488543864215	-0.0038675840596860966
7.471839799749687	0.15991494525775085	-0.0038186825725654017
7.496871088861077	0.15896691887380143	-0.0037711798997544094
7.521902377972466	0.1580305119883434	-0.0037249897612297023
7.546933667083856	0.15710543704281843	-0.0036800517055956966
7.571964956195245	0.15619141321079066	-0.0036363274016422698
7.5969962453066335	0.15528816598395334	-0.0035937977560297485
7.622027534418024	0.15439542532500106	-0.0035524613076737127
7.647058823529412	0.1535129230798411	-0.0035123351528903446
7.672090112640802	0.15264039083073744	-0.003473458284054154
7.697121401752189	0.15177755837241502	-0.0034358971018682155
7.72215269086358	0.1509241528840386	-0.003399753736007427
7.74718397997497	0.15007989947453293	-0.003365178490865914
7.772215269086359	0.14924452477325723	-0.003332388363544353
7.797246558197749	0.14841776709842147	-0.0033016943337316057
7.8222778473091354	0.1475994004979313	-0.003273540667756189
7.8473091364205265	0.14678928746578812	-0.003248558260134149
7.872340425531913	0.14598748887924717	-0.003227625894824282
7.897371714643305	0.14519447876531721	-0.003211903705771735
7.922403003754695	0.1444115106339403	-0.0032027221742172013
7.947434292866082	0.14364105249707304	-0.003201070609202064
7.972465581977473	0.14288677098746216	-0.0032064773235995075
7.99749687108886	0.14215226334802544	-0.0032159593545588727
8.022528160200253	0.14143917357408942	-0.0032245030794717383
8.047559449311638	0.1407462688146266	-0.003226662636081082
8.072590738423028	0.14006966043927616	-0.003218827026575874
8.09762202753442	0.139406043493719	-0.0032004669757241394
8.122653316645806	0.1387548223063666	-0.0031698966998092715
8.147684605757199	0.1381121150687994	-0.0031212855594381084
8.172715894868585	0.13746602983493705	-0.003053119949980296
8.197747183979974	0.13680672679891348	-0.0029753283262083374
8.222778473091363	0.1361353466309163	-0.002900367010318053
8.247809762202753	0.13545896126640233	-0.0028343030983519063
8.272841051314145	0.13478375206175297	-0.002777489271377484
8.297872340425531	0.13411308549110768	-0.0027281667535366955
8.32290362953692	0.13344835662919952	-0.002684658005093321
8.34793491864831	0.13279017004048033	-0.0026458290482816726
8.3729662077597	0.1321388437932045	-0.002610864573675417
8.397997496871088	0.13149450602953383	-0.0025791495220691407
8.423028785982478	0.13085717051116585	-0.0025502740988229827
8.448060075093867	0.1302268492211356	-0.002524037168226606
8.473091364205256	0.12960369086011791	-0.002500412871421054
8.498122653316646	0.12898815816758447	-0.002479435172982297
8.523153942428035	0.12838120025045452	-0.0024608689157618047
8.548185231539424	0.12778409795492518	-0.00244352492148453
8.573216520650814	0.12719728766769922	-0.0024246843660522543
8.598247809762203	0.12661854975360054	-0.0024013718258528716
8.623279098873592	0.12604377346667928	-0.0023734130115939667
8.648310387984981	0.1254705487207941	-0.002343609692088383
8.67334167709637	0.12489925348747466	-0.002314700526310415
8.69837296620776	0.12433131745755066	-0.0022878450600006817
8.72340425531915	0.12376793351328974	-0.002263052231009588
8.748435544430539	0.12320973262086365	-0.002239809022463138
8.773466833541928	0.12265674351537381	-0.002217522895745297
8.798498122653317	0.12210859092352333	-0.002195938146696899
8.823529411764707	0.12156495423192037	-0.0021752093655816596
8.848560700876096	0.12102576354534289	-0.0021555923732954757
8.873591989987485	0.12049105756407119	-0.0021372658772842723
8.898623279098874	0.11996086468809519	-0.0021203803018702005
8.92365456821026	0.11943520590666967	-0.0021051496239579276
8.948685857321653	0.11891416661968801	-0.0020919159316032387
8.973717146433042	0.1183980260624855	-0.0020811847016743157
8.998748435544432	0.11788748248075986	-0.0020735958705133117
9.023779724655821	0.1173840081175177	-0.002069685223156023
9.048811013767207	0.11689017311883365	-0.0020691037047324
9.0738423028786	0.11640907797100031	-0.0020690420154888256
9.098873591989985	0.11594135917275938	-0.0020632652150377323
9.123904881101378	0.11548143340825501	-0.002045759920067905
9.148936170212767	0.11502040733014507	-0.002017360097220866
9.173967459324153	0.11455398406997563	-0.0019847586560214764
9.198998748435546	0.11408364475491073	-0.0019537072956446883
9.224030037546932	0.11361256035412648	-0.0019265223405573878
9.249061326658325	0.11314315479246151	-0.0019034522680796695
9.27409261576971	0.11267687133068538	-0.0018841381786815908
9.2991239048811	0.11221462376413083	-0.001868258429686201
9.324155193992492	0.1117572790191117	-0.0018556435105775704
9.349186483103878	0.11130605596860565	-0.001846025424645889
9.374217772215271	0.11086262818264903	-0.0018383402981859143
9.399249061326657	0.1104282196654891	-0.0018298185649664733
9.424280350438046	0.11000141063033819	-0.001816559448019145
9.449311639549435	0.10957764466719322	-0.0017969520070611616
9.474342928660825	0.10915305262177188	-0.0017735381722467913
9.499374217772218	0.10872722539453417	-0.0017499750704346173
9.524405506883603	0.10830172180443842	-0.0017282751291209375
9.549436795994993	0.10787812049807943	-0.0017088973585519668
9.574468085106382	0.10745747609261169	-0.0016916330697674259
9.599499374217771	0.10704046581839588	-0.0016760712612158973
9.62453066332916	0.10662754893854842	-0.0016616442259638486
9.64956195244055	0.10621885070446435	-0.0016475657172073388
9.67459324155194	0.10581389630074245	-0.0016331136669831964
9.699624530663328	0.10541186382614232	-0.0016181984013712153
9.724655819774718	0.10501229660309885	-0.0016033024121449163
9.749687108886107	0.10461525016838547	-0.0015888744954854345
9.774718397997496	0.1042209422805227	-0.0015750797050422816
9.799749687108886	0.10382952810427692	-0.0015619063409178097
9.824780976220275	0.1034410709936564	-0.0015492930261886834
9.849812265331664	0.10305557423886658	-0.0015371873374110528
9.874843554443054	0.10267301144697338	-0.0015255640898323014
9.899874843554443	0.10229334695657233	-0.001514430361173394
9.924906132665832	0.10191655187337911	-0.0015038289411590106
9.949937421777221	0.10154262365971878	-0.0014938431963830712
9.97496871088861	0.10117161922479934	-0.0014845999449891178
10.0	0.10080371393501597	-0.0014762546004790378
