-10.0	-0.05923046408786803	-0.0005190328333441602
-9.97496871088861	-0.05936067198185668	-0.0005215575933198713
-9.949937421777221	-0.05949151414841225	-0.0005241037066791437
-9.924906132665832	-0.059622995956228664	-0.0005266714586638077
-9.899874843554443	-0.05975512284600981	-0.0005292611431938349
-9.874843554443054	-0.05988790033228675	-0.0005318730632922486
-9.849812265331664	-0.06002133400533616	-0.0005345075318186759
-9.824780976220275	-0.06015542953296027	-0.0005371648725733119
-9.799749687108886	-0.06029019266247282	-0.0005398454218752402
-9.774718397997496	-0.06042562922270811	-0.00054254953081323
-9.749687108886107	-0.06056174512579027	-0.0005452775684665484
-9.724655819774718	-0.060698546368790574	-0.0005480299265425287
-9.699624530663328	-0.060836039034429135	-0.0005508070261428105
-9.67459324155194	-0.06097422929021157	-0.0005536093277019732
-9.64956195244055	-0.06111312338370212	-0.0005564373456249938
-9.62453066332916	-0.06125272763013534	-0.0005592916695871114
-9.599499374217771	-0.06139304838367643	-0.0005621729942416887
-9.574468085106382	-0.06153409197535886	-0.0005650821557907637
-9.549436795994993	-0.061675864584955775	-0.0005680201600539447
-9.524405506883603	-0.06181837199672913	-0.000570988141250589
-9.499374217772216	-0.0619616192098551	-0.0005739870709753347
-9.474342928660825	-0.06210561012157001	-0.0005770168375177631
-9.449311639549435	-0.062250348315259885	-0.0005800744828948351
-9.424280350438046	-0.06239584056988434	-0.000583153403724293
-9.399249061326657	-0.06254210066133936	-0.0005862478626026402
-9.37421777221527	-0.06268914537906767	-0.000589359922562746
-9.349186483103878	-0.06283698613213318	-0.0005924974476446826
-9.32415519399249	-0.06298562845382705	-0.0005956667778295455
-9.2991239048811	-0.06313507651438677	-0.0005988705150491436
-9.274092615769712	-0.06328533555032223	-0.000602109116218677
-9.249061326658325	-0.06343641205863193	-0.0006053823940265074
-9.224030037546934	-0.06358831339328752	-0.000608690156647787
-9.198998748435546	-0.0637410474257809	-0.0006120323760407526
-9.173967459324155	-0.0638946223506256	-0.0006154091924506083
-9.148936170212767	-0.06404904658765354	-0.0006188208804825818
-9.123904881101378	-0.06420432873655813	-0.000622267815161795
-9.098873591989987	-0.06436047755725305	-0.0006257504462371805
-9.0738423028786	-0.06451750196307238	-0.0006292692804177047
-9.048811013767208	-0.06467541102011687	-0.0006328248695739863
-9.023779724655821	-0.06483421394952238	-0.0006364178030743017
-8.998748435544432	-0.0649939201314993	-0.0006400487029164237
-8.973717146433042	-0.06515453910989422	-0.0006437182207669617
-8.948685857321653	-0.06531608059752081	-0.0006474270363111684
-8.923654568210262	-0.06547855448158302	-0.0006511758565452136
-8.898623279098874	-0.06564197082945356	-0.0006549654157821244
-8.873591989987485	-0.0658063398947153	-0.0006587964762349297
-8.848560700876096	-0.06597167212343713	-0.000662669829125967
-8.823529411764707	-0.06613797816078737	-0.000666586296323865
-8.798498122653317	-0.06630526885779453	-0.0006705467325764103
-8.773466833541928	-0.06647355527852206	-0.0006745520284739681
-8.748435544430539	-0.06664284870743664	-0.0006786031143643928
-8.72340425531915	-0.06681316065677123	-0.0006827009655728383
-8.69837296620776	-0.06698450287380275	-0.000686846609461958
-8.67334167709637	-0.06715688734736425	-0.0006910411352699652
-8.648310387984981	-0.06733032631185054	-0.0006952857083417779
-8.623279098873592	-0.06750483224526782	-0.0006995815905835867
-8.598247809762203	-0.06768041785381129	-0.0007039301678372356
-8.573216520650814	-0.06785709602999468	-0.0007083329825064433
-8.548185231539424	-0.06803487975899536	-0.0007127917602396533
-8.523153942428035	-0.06821378193029126	-0.0007173083828460186
-8.498122653316646	-0.0683938150290313	-0.000721884661588415
-8.473091364205256	-0.06857499087463026	-0.0007265215994344681
-8.448060075093867	-0.06875732123718592	-0.0007312179446098965
-8.423028785982478	-0.06894082069730523	-0.0007359694520317484
-8.397997496871088	-0.06912550991815003	-0.0007407724825417156
-8.3729662077597	-0.0693114125865062	-0.0007456298708192893
-8.34793491864831	-0.06949854837827019	-0.0007505495297598502
-8.32290362953692	-0.06968693235341483	-0.0007555383342343763
-8.297872340425531	-0.06987657872611308	-0.0007606001538334184
-8.272841051314144	-0.07006750297844455	-0.0007657371623873283
-8.247809762202753	-0.07025972208022502	-0.000770951121537175
-8.222778473091363	-0.07045325419007042	-0.000776243947493635
-8.197747183979974	-0.07064811840814933	-0.000781617880851404
-8.172715894868585	-0.07084433465456019	-0.0007870755206127317
-8.147684605757197	-0.07104192363450501	-0.0007926198304062104
-8.122653316645806	-0.07124090685262718	-0.0007982541508099739
-8.097622027534417	-0.0714413066546058	-0.0008039822248609302
-8.072590738423028	-0.07164314628531798	-0.0008098082332578804
-8.047559449311638	-0.07184644996764522	-0.0008157368298717937
-8.02252816020025	-0.0720512430313569	-0.0008217731767596187
-7.9974968710888605	-0.07225755213263962	-0.0008279230384002773
-7.972465581977473	-0.07246540548291325	-0.0008341930505414846
-7.947434292866082	-0.07267483288601095	-0.000840591058914375
-7.922403003754694	-0.07288586572722	-0.0008471262556186548
-7.897371714643305	-0.07309853721866943	-0.0008538092738273467
-7.872340425531914	-0.07331288279233217	-0.0008606525076587379
-7.8473091364205265	-0.07352894048271175	-0.0008676706257991634
-7.8222778473091354	-0.07374675131850861	-0.0008748812239729314
-7.797246558197748	-0.07396635977478816	-0.0008823056569464
-7.772215269086359	-0.07418781431085453	-0.0008899701379535413
-7.7471839799749675	-0.07441116800287961	-0.0008979072246173003
-7.72215269086358	-0.07463647926860784	-0.0009061578578810486
-7.697121401752189	-0.07486381266025521	-0.0009147741956539723
-7.672090112640801	-0.07509323965838455	-0.0009238235991220617
-7.647058823529412	-0.07532483931067357	-0.0009333943133133377
-7.622027534418023	-0.07555869837057294	-0.0009436036667089809
-7.596996245306634	-0.07579491020823248	-0.0009546100457249879
-7.571964956195245	-0.07603357098316188	-0.000966630545572264
-7.546933667083856	-0.07627476995430804	-0.0009799670996296223
-7.5219023779724665	-0.07651856746368324	-0.0009950449287104562
-7.496871088861077	-0.07676494722486371	-0.0010124675596764193
-7.471839799749688	-0.07701371557260739	-0.001033089416001623
-7.446808510638299	-0.07726429397542756	-0.0010580899926443676
-7.421777221526909	-0.07751531144223467	-0.0010889730150968613
-7.39674593241552	-0.07776389225500147	-0.0011272374526716394
-7.371714643304131	-0.07800478293871205	-0.0011730883832227063
-7.346683354192741	-0.07823063398738661	-0.0012223380552144059
-7.321652065081352	-0.0784368617744331	-0.0012628989931234152
-7.296620775969963	-0.07863125193606724	-0.0012789055133564237
-7.2715894868585735	-0.07883376723925917	-0.0012661315123413536
-7.246558197747184	-0.07905899491559776	-0.0012372329025618911
-7.221526908635795	-0.07930681015190633	-0.001207363928198285
-7.196495619524406	-0.07957010499205275	-0.0011840331388965342
-7.171464330413016	-0.0798424837000491	-0.0011685227055936165
-7.146433041301627	-0.08012010760146815	-0.0011596753885519812
-7.121401752190238	-0.08040105328395697	-0.0011559238189630117
-7.0963704630788484	-0.08068447215702435	-0.0011559443299693356
-7.071339173967459	-0.08097005497162346	-0.0011587564627430907
-7.04630788485607	-0.08125774838959643	-0.001163666320691939
-7.0212765957446805	-0.08154761518928844	-0.0011701891261724356
-6.996245306633291	-0.08183976769494095	-0.001177985943903101
-6.971214017521902	-0.08213433680653992	-0.0011868187296071586
-6.946182728410513	-0.08243145753419512	-0.0011965197196002891
-6.921151439299123	-0.08273126256315333	-0.00120697013181785
-6.896120150187734	-0.08303388038391368	-0.0012180854150634773
-6.871088861076345	-0.08333943550097445	-0.0012298054850433254
-6.8460575719649555	-0.08364804922530311	-0.0012420882433082647
-6.821026282853566	-0.08395984057591388	-0.0012549051096740343
-6.795994993742177	-0.08427492718743235	-0.0012682378289797513
-6.770963704630788	-0.0845934262265704	-0.00128207615502883
-6.745932415519399	-0.0849154552831628	-0.0012964161984942851
-6.720901126408009	-0.08524113318849214	-0.001311259255710781
-6.69586983729662	-0.08557058075852542	-0.0013266109698034795
-6.670838548185231	-0.08590392147941728	-0.0013424807288327373
-6.645807259073841	-0.08624128215072879	-0.0013588812397994227
-6.620775969962453	-0.08658279349920406	-0.001375828236136023
-6.595744680851063	-0.08692859077411086	-0.0013933402884735852
-6.570713391739676	-0.08727881433438078	-0.001411438697071138
-6.545682102628285	-0.08763361023689242	-0.0014301474506040052
-6.520650813516897	-0.08799313083425453	-0.0014494932408367495
-6.495619524405506	-0.08835753538964575	-0.0014695055262200774
-6.470588235294117	-0.08872699071482337	-0.001490216639655692
-6.445556946182729	-0.08910167183608841	-0.001511661937064493
-6.420525657071338	-0.08948176269043895	-0.0015338799824916455
-6.395494367959951	-0.08986745685065767	-0.0015569127574951713
-6.37046307884856	-0.09025895828707586	-0.0015808058601206876
-6.34543178973717	-0.09065648222988809	-0.0016056086305892003
-6.320400500625783	-0.09106025634484372	-0.0016313742111876833
-6.295369211514392	-0.09147052243736997	-0.0016581599550479914
-6.270337922403004	-0.09188753803130112	-0.0016860288102752835
-6.245306633291613	-0.09231157667818746	-0.0017150507391719277
-6.2202753441802265	-0.09274292819525431	-0.0017453026238647695
-6.195244055068836	-0.0931819004380916	-0.001776867879085084
-6.170212765957448	-0.09362882169313735	-0.0018098370740047831
-6.145181476846059	-0.09408404283536864	-0.0018443090827139907
-6.120150187734667	-0.0945479394070956	-0.0018803922748519414
-6.09511889862328	-0.0950209138767919	-0.0019182057208563946
-6.070087609511891	-0.09550339818355891	-0.0019578805005479455
-6.0450563204005014	-0.0959958566085648	-0.0019995611827511445
-6.020025031289112	-0.0964987890084128	-0.002043407523511606
-5.994993742177721	-0.09701273445419112	-0.0020895964257954813
-5.9699624530663336	-0.09753827533110293	-0.0021383242072667563
-5.9449311639549425	-0.0980760419649247	-0.002189809230078582
-5.919899874843555	-0.09862671785747334	-0.0022442949558758585
-5.894868585732166	-0.09919104563596459	-0.002302053504707788
-5.869837296620776	-0.09976983384843052	-0.002363389835495347
-5.844806007509387	-0.1003639647177188	-0.002428646723144634
-5.819774718397998	-0.10097440291534454	-0.0024982106671740806
-5.7947434292866085	-0.1016022055576542	-0.0025725187826289297
-5.769712140175219	-0.10224853380039267	-0.002652066924301713
-5.74468085106383	-0.1029146662850442	-0.0027374194703485843
-5.719649561952441	-0.10360201466576857	-0.002829221131633003
-5.694618272841051	-0.10431214159218882	-0.00292821120330361
-5.669586983729662	-0.10504678163034509	-0.003035240837762146
-5.644555694618273	-0.10580786568742706	-0.003151294095789847
-5.619524405506883	-0.1065975496176339	-0.0032775137348682454
-5.594493116395494	-0.10741824785600329	-0.0034152329449926994
-5.569461827284105	-0.10827267322653622	-0.0035660146036762957
-5.5444305381727155	-0.10916388453054093	-0.00373170036321821
-5.519399249061326	-0.11009534353395445	-0.003914473333027441
-5.494367959949937	-0.11107098169937135	-0.004116938874869122
-5.469336670838549	-0.11209527772635042	-0.00434222665178155
-5.444305381727158	-0.11317335116076688	-0.004594119784566378
-5.419274092615769	-0.11431107646676075	-0.004877223726023672
-5.3942428035043815	-0.1155152190594455	-0.0051971899876847305
-5.36921151439299	-0.11679359601755746	-0.005561013347603588
-5.344180225281603	-0.11815526551561817	-0.005977429918718177
-5.319148936170212	-0.11961074858999243	-0.0064574575240478604
-5.2941176470588225	-0.12117228211068554	-0.007015142516569733
-5.269086357947435	-0.12285408489207761	-0.007668607379022543
-5.244055068836044	-0.12467259567052125	-0.008441524702562361
-5.219023779724656	-0.12664661908380914	-0.009365207967190495
-5.193992490613266	-0.1287972307589076	-0.010481635668804529
-5.168961201501876	-0.1311470949863658	-0.011847877915340005
-5.1439299123904885	-0.1337184834652545	-0.013542592725639555
-5.1188986232791	-0.1365285334671933	-0.01567549743434872
-5.09386733416771	-0.13957872893026213	-0.0184007913607529
-5.06883604505632	-0.1428325001494306	-0.02193465549455935
-5.043804755944931	-0.14616930985266574	-0.026572768392754062
-5.018773466833542	-0.1492966263319655	-0.032689567992358254
-4.993742177722154	-0.15160592046723131	-0.040663406651798725
-4.968710888610763	-0.15202930557951255	-0.05061021234007396
-4.943679599499373	-0.14918012242698975	-0.061851215781354496
-4.918648310387985	-0.14221206420911336	-0.0725586228452137
-4.893617021276597	-0.13187705490492352	-0.08063234777228054
-4.868585732165207	-0.11995803370156377	-0.08530791249599742
-4.843554443053817	-0.10751434818064798	-0.08699049568567968
-4.818523153942427	-0.09481068997550235	-0.08567096710889305
-4.793491864831038	-0.08268706738563392	-0.08081316929481352
-4.768460575719651	-0.07271424949328065	-0.07258817507187464
-4.7434292866082615	-0.06615968784074422	-0.062236852057026726
-4.71839799749687	-0.0633481004289651	-0.051479722899077374
-4.69336670838548	-0.06363128331186552	-0.04179310391893053
-4.668335419274092	-0.06586810649062524	-0.03389043369339356
-4.643304130162704	-0.0690474368980647	-0.02778101226483895
-4.618272841051315	-0.07253379281967565	-0.023153483455372242
-4.593241551939924	-0.07600285906128157	-0.019653082364349123
-4.568210262828536	-0.07931466083801286	-0.016985239118129658
-4.543178973717147	-0.0824230006880029	-0.014930267464766958
-4.518147684605758	-0.08532533611802062	-0.013330397736857139
-4.4931163954943685	-0.08803772893061268	-0.012073349865415375
-4.468085106382977	-0.09058291778995997	-0.011078956485191499
-4.44305381727159	-0.09298487807964495	-0.010289496897284048
-4.418022528160201	-0.09526651965860644	-0.009663010829017965
-4.392991239048811	-0.0974488675825036	-0.009168742328950721
-4.367959949937422	-0.09955092436866231	-0.008784037813689943
-4.342928660826031	-0.101589832843346	-0.008492226015736376
-4.317897371714643	-0.10358115965085801	-0.008281165826674014
-4.292866082603254	-0.1055392164247948	-0.008142256331705636
-4.267834793491865	-0.10747738307746602	-0.008069775611477661
-4.2428035043804755	-0.10940842088347047	-0.00806046351662694
-4.217772215269086	-0.11134477416958699	-0.00811329735172718
-4.192740926157699	-0.11329886440434889	-0.008229434332733918
-4.167709637046308	-0.11528338205686373	-0.008412315223296982
-4.142678347934918	-0.11731158070480596	-0.008667943271763984
-4.117647058823529	-0.1193975741114297	-0.009005374875198799
-4.09261576971214	-0.12155662840999026	-0.009437487231711533
-4.067584480600752	-0.12380542369551861	-0.009982128865617335
-4.042553191489361	-0.12616222291697365	-0.010663818884978499
-4.017521902377972	-0.12864681158549063	-0.01151625060128865
-3.9924906132665825	-0.13127991952222118	-0.012585987180384645
-3.967459324155193	-0.13408152249365246	-0.013937919183013486
-3.9424280350438052	-0.1370667742339018	-0.01566325981853056
-3.917396745932415	-0.14023699102003873	-0.01789091996985165
-3.8923654568210257	-0.1435604719550576	-0.020802405115762507
-3.867334167709638	-0.14693319125028603	-0.024646879968779317
-3.8423028785982494	-0.1501032988084421	-0.029741118398306565
-3.8172715894868587	-0.15254673573661126	-0.03640736471588721
-3.7922403003754686	-0.1533390592827728	-0.044749682550625225
-3.7672090112640793	-0.15125574004185527	-0.054202308476070174
-3.7421777221526913	-0.1454532222287277	-0.06320286703732611
-3.717146433041303	-0.13631581691837003	-0.06978642460437226
-3.6921151439299127	-0.12522809946873004	-0.07263410820100419
-3.6670838548185225	-0.11389150764061196	-0.07117104076631792
-3.6420525657071328	-0.10427176667501747	-0.06559780381384181
-3.617021276595745	-0.0980527831221698	-0.05728103046007049
-3.5919899874843564	-0.09573190554216415	-0.04827707265212361
-3.566958698372966	-0.09656942699210402	-0.04025214799858856
-3.541927409261576	-0.09936585674984899	-0.03392255425894879
-3.5168961201501876	-0.10314862368403155	-0.029290701588499363
-3.4918648310387996	-0.10734200947581884	-0.02608833916646347
-3.46683354192741	-0.1116637467336119	-0.02403624697549145
-3.4418022528160197	-0.1159948324937754	-0.02293305799431619
-3.4167709637046295	-0.12029051115715284	-0.02267069739048118
-3.391739674593241	-0.12452319341679363	-0.02323136430865269
-3.366708385481853	-0.12863445265747764	-0.02468424484476424
-3.341677096370464	-0.1324727028170205	-0.027178896670799174
-3.3166458072590737	-0.13569365714237858	-0.030907252937322757
-3.291614518147683	-0.1376235362613687	-0.03595621597870308
-3.2665832290362946	-0.1372122859859859	-0.04191565302547218
-3.2415519399249066	-0.13351798461538333	-0.04728527250798101
-3.2165206508135173	-0.1270772999056664	-0.04960623346509513
-3.191489361702127	-0.1206101783381186	-0.04748032515093903
-3.166458072590739	-0.11687769747782228	-0.04223202247592589
-3.14142678347935	-0.11647555521711395	-0.03631576683450263
-3.11639549436796	-0.11847875536209296	-0.0312534716774335
-3.091364205256571	-0.12182816640885008	-0.027459601615133333
-3.0663329161451807	-0.1258381691133108	-0.02483071146370866
-3.0413016270337927	-0.1301576527097965	-0.02314234921672151
-3.0162703379224034	-0.13463535070905364	-0.02219636935013089
-2.991239048811014	-0.13922418576060203	-0.02185363154381262
-2.966207759699625	-0.14392887078331817	-0.02203131738112206
-2.941176470588234	-0.14877963127140426	-0.022694384445473184
-2.916145181476846	-0.15381909218125012	-0.02384988847341568
-2.891113892365457	-0.15909470566698447	-0.025546299952249996
-2.8660826032540676	-0.1646518355861284	-0.027878415086387942
-2.8410513141426783	-0.17052292329273033	-0.030998338800730635
-2.816020025031289	-0.17670611332224162	-0.03513250205510912
-2.790988735919901	-0.1831219401362083	-0.040601363403158536
-2.7659574468085104	-0.18953016131124922	-0.04782683568403531
-2.740926157697121	-0.1953901859466165	-0.057282899155013695
-2.715894868585732	-0.199690314756241	-0.06929594252642285
-2.6908635794743425	-0.20090583245216997	-0.0835835263585788
-2.6658322903629545	-0.19748006251561945	-0.09860201444050434
-2.6408010012515644	-0.18918885201768232	-0.11145951048065536
-2.615769712140175	-0.1783232217146984	-0.11961467287691324
-2.5907384230287853	-0.16835452852334587	-0.12312763851412525
-2.565707133917396	-0.16136498556741552	-0.12425550748453962
-2.540675844806008	-0.1574969095028158	-0.1256160601749212
-2.515644555694618	-0.1554363790369142	-0.1292774338777926
-2.4906132665832286	-0.1528225733783417	-0.13612317422303227
-2.4655819774718406	-0.1471137900149806	-0.14525119346536972
-2.440550688360452	-0.13696714148536282	-0.1541244148530724
-2.4155193992490616	-0.12323700315670649	-0.15995033028048047
-2.3904881101376714	-0.10831488699913594	-0.16154553321567042
-2.365456821026282	-0.09412709747388259	-0.15954930455174007
-2.340425531914894	-0.08147783205044634	-0.15492699561948245
-2.3153942428035057	-0.07087041881938116	-0.14846418739562553
-2.2903629536921155	-0.06257924934723613	-0.1411897100163115
-2.2653316645807253	-0.05626552887135228	-0.13420003970922562
-2.2403003754693356	-0.05098998581822167	-0.12823139682175588
-2.2152690863579476	-0.04542050064318959	-0.12329035089961635
-2.190237797246559	-0.03836837518602332	-0.11827084888574318
-2.165206508135169	-0.0298980512530842	-0.11112328233792901
-2.140175219023779	-0.021996845946805177	-0.10039903765597982
-2.1151439299123904	-0.017213207200065916	-0.08681907342904419
-2.0901126408010025	-0.016613398624797604	-0.07266732027714934
-2.0650813516896127	-0.019479119630075648	-0.05994907782902634
-2.0400500625782225	-0.024413318540759565	-0.04951436463991496
-2.0150187734668323	-0.03023705936205534	-0.041332634790306244
-1.989987484355444	-0.03622757837059565	-0.035011709504082084
-1.9649561952440555	-0.04202302650690992	-0.030115741247576155
-1.939924906132667	-0.047474543652493484	-0.026282012930755855
-1.914893617021277	-0.052541407115196836	-0.023237903239633914
-1.8898623279098858	-0.05723245829013046	-0.02078574157001971
-1.8648310387984974	-0.06157668846357023	-0.018783242089339236
-1.839799749687109	-0.0656093105208535	-0.017127394544140903
-1.8147684605757206	-0.06936550207643832	-0.015742757756329592
-1.7897371714643304	-0.07287782750177096	-0.014573313567988744
-1.764705882352942	-0.0761753827121543	-0.013576865789587875
-1.7396745932415527	-0.07928371916212607	-0.012721181003207599
-1.7146433041301625	-0.0822250957560895	-0.011981306289004498
-1.6896120150187741	-0.08501884557113115	-0.011337682907821639
-1.664580725907384	-0.0876817596064412	-0.010774802392315971
-1.6395494367959955	-0.09022844551613463	-0.010280236282148816
-1.6145181476846062	-0.09267164596306321	-0.00984392641989873
-1.589486858573217	-0.09502251366649261	-0.009457659276363467
-1.5644555694618276	-0.0972908456704511	-0.009114671910996353
-1.5394242803504374	-0.0994852814243603	-0.008809353259623856
-1.514392991239049	-0.10161346972945307	-0.008537015279484653
-1.4893617021276597	-0.10368220935056849	-0.00829371586855951
-1.4643304130162704	-0.10569756755994653	-0.00807612057063084
-1.4392991239048811	-0.10766498027660365	-0.007881393632222664
-1.4142678347934918	-0.10958933688697381	-0.007707111486331908
-1.3892365456821025	-0.11147505231769528	-0.007551193528015254
-1.3642052565707132	-0.11332612848993096	-0.007411846337875214
-1.339173967459324	-0.11514620691437316	-0.007287518449965419
-1.3141426783479346	-0.11693861387947324	-0.00717686345244227
-1.2891113892365453	-0.1187063994332973	-0.00707870972296859
-1.264080100125157	-0.12045237115317486	-0.006992035485674772
-1.2390488110137667	-0.12217912352866955	-0.006915948167280542
-1.2140175219023774	-0.1238890636459955	-0.006849667251629332
-1.1889862327909881	-0.12558443374960782	-0.006792510002226651
-1.1639549436795988	-0.1272673311654937	-0.006743879554520382
-1.1389236545682104	-0.12893972599568215	-0.00670325498300596
-1.1138923654568202	-0.13060347693305308	-0.0066701830300730375
-1.0888610763454318	-0.13226034549605648	-0.006644271248950728
-1.0638297872340434	-0.1339120089432545	-0.006625182366380433
-1.0387984981226523	-0.13556007209569454	-0.006612629714777482
-1.013767209011264	-0.1372060782702934	-0.006606373621213066
-0.9887359198998737	-0.1388515195083726	-0.00660621867365721
-0.9637046307884853	-0.14049784626981332	-0.006612011815308141
-0.9386733416770969	-0.14214647675464653	-0.006623641247367321
-0.9136420525657085	-0.14379880600973116	-0.006641036150851043
-0.8886107634543183	-0.14545621497892336	-0.006664167271150073
-0.8635794743429273	-0.14712007966037532	-0.006693048447144412
-0.8385481852315388	-0.1487917805452642	-0.006727739212987555
-0.8135168961201504	-0.15047271252778294	-0.0067683486589847075
-0.788485607008762	-0.1521642954982093	-0.00681504081404799
-0.7634543178973718	-0.1538679858582826	-0.006868041913754855
-0.7384230287859816	-0.15558528923196313	-0.00692765005662363
-0.7133917396745932	-0.15731777468250452	-0.006994247943612558
-0.6883604505632039	-0.1590670907855673	-0.00706831966723688
-0.6633291614518155	-0.16083498393887924	-0.00715047290514155
-0.6382978723404253	-0.16262331929226864	-0.0072414684366173265
-0.6132665832290352	-0.16443410461983005	-0.007342259729441081
-0.5882352941176467	-0.16626951724895206	-0.007454046578562287
-0.5632040050062583	-0.1681319336515888	-0.007578348636577664
-0.5381727158948699	-0.1700239601719269	-0.00771710749951221
-0.5131414267834788	-0.17194846096474237	-0.007872830322184193
-0.48811013767208866	-0.17390857422269246	-0.008048794498294265
-0.46307884856070025	-0.17590769742689538	-0.008249342739898524
-0.43804755944931184	-0.1779494009144429	-0.008480311766283721
-0.41301627033792343	-0.18003718448663358	-0.008749654738602564
-0.38798498122653324	-0.182173899339289	-0.009068328508255924
-0.36295369211514483	-0.184360469392165	-0.00945148441803971
-0.33792240300375376	-0.18659318583042328	-0.009919798740646954
-0.31289111389236535	-0.18885827903010144	-0.01050002223215507
-0.28785982478097694	-0.19112215291009854	-0.011221553491813988
-0.26282853566958675	-0.1933184163757562	-0.01210066824280849
-0.23779724655819834	-0.19534756932634645	-0.013099522288727822
-0.21276595744680904	-0.197136457550656	-0.014072170456477698
-0.18773466833541974	-0.19877694855376898	-0.014803247320414145
-0.16270337922403044	-0.20055788046942885	-0.015225556204301355
-0.13767209011264026	-0.20272489496935947	-0.015542946893247728
-0.11264080100125184	-0.20530110136347102	-0.016047072710446794
-0.08760951188986255	-0.2081712069091562	-0.01695074872386028
-0.06257822277847325	-0.2111873996988467	-0.01840189172849163
-0.03754693366708395	-0.21416963416358448	-0.020545725317742056
-0.01251564455569465	-0.2168309066771238	-0.0235410332713004
0.01251564455569465	-0.2186641533431834	-0.027478577395337406
0.03754693366708395	-0.21888037567558138	-0.032114655401666276
0.06257822277847325	-0.2167037737653726	-0.036423343420422666
0.08760951188986255	-0.21235213164002076	-0.03857795433926611
0.11264080100125184	-0.2077332116479278	-0.03734316709234192
0.13767209011264114	-0.20502867492289772	-0.03351947544730727
0.16270337922403044	-0.2048573262955138	-0.028962688037178497
0.18773466833541974	-0.20657200157648037	-0.024918366192553082
0.21276595744680726	-0.20934244198992447	-0.02175981352502762
0.23779724655819834	-0.21260705992370432	-0.019422991294283334
0.26282853566958764	-0.21606522222110602	-0.017729149446366638
0.28785982478097694	-0.21957498524977626	-0.01650965381750648
0.31289111389236623	-0.22307669358066629	-0.015634764556975184
0.33792240300375376	-0.22655037541641443	-0.01501123796112791
0.36295369211514483	-0.22999427150532759	-0.014573475596958096
0.38798498122653235	-0.2334144598938236	-0.01427540491074962
0.41301627033792343	-0.23681996283025597	-0.014084437890592022
0.43804755944931273	-0.24022050389406135	-0.013977276326958013
0.46307884856070025	-0.24362553487726502	-0.013937066450473878
0.4881101376720913	-0.24704386535193168	-0.013951476499660331
0.5131414267834788	-0.25048357258342735	-0.014011391166547912
0.5381727158948699	-0.2539520359962836	-0.014110016521530502
0.5632040050062574	-0.2574560213301166	-0.014242259311720504
0.5882352941176467	-0.26100177918965883	-0.014404291327528268
0.6132665832290378	-0.26459514208528334	-0.014593240033248953
0.6382978723404253	-0.2682416135184167	-0.01480696643705004
0.6633291614518164	-0.2719464471996478	-0.015043904045197828
0.6883604505632039	-0.27571471657302915	-0.015302941184573537
0.7133917396745932	-0.27955137569749233	-0.015583334570305502
0.7384230287859808	-0.2834613128278327	-0.015884645748762374
0.7634543178973718	-0.28744939805757186	-0.01620669460306408
0.7884856070087629	-0.2915205262889484	-0.01654952588295716
0.8135168961201504	-0.2956796566593598	-0.016913385985217494
0.8385481852315397	-0.29993184940895445	-0.017298708147606617
0.8635794743429273	-0.304282301033056	-0.01770610495894981
0.8886107634543183	-0.30873637841471435	-0.018136367730674452
0.9136420525657059	-0.31329965245264013	-0.01859047291123865
0.9386733416770969	-0.3179779314304969	-0.019069596449600143
0.9637046307884862	-0.32277729390158716	-0.019575137944428944
0.9887359198998737	-0.32770411995869675	-0.02010875770671526
1.0137672090112648	-0.33276511794842967	-0.020672431710596656
1.0387984981226523	-0.33796733998861317	-0.021268531995751003
1.0638297872340434	-0.34331817199612935	-0.021899943327852403
1.088861076345431	-0.34882526807808767	-0.02257022949662936
1.1138923654568202	-0.3544963667214984	-0.023283858761145124
1.1389236545682113	-0.36033886320104336	-0.024046467496961987
1.1639549436795988	-0.36635890778306646	-0.024865021931742004
1.18898623279099	-0.3725597111820669	-0.025747367063699206
1.2140175219023774	-0.37893908923944997	-0.02669975363709362
1.2390488110137667	-0.3854885632383287	-0.0277198526504136
1.264080100125156	-0.39220214541688114	-0.028785941833860823
1.2891113892365453	-0.3991016735385704	-0.029859285844370864
1.3141426783479364	-0.4062501992748977	-0.030921929241068957
1.339173967459324	-0.4137117448078147	-0.03200874304694623
1.3642052565707132	-0.4215083314702086	-0.03317848885232169
1.3892365456821025	-0.4296289726773217	-0.03447485851970877
1.4142678347934918	-0.43805092369744214	-0.03591995298058759
1.4392991239048811	-0.4467449658703988	-0.03751467060389149
1.4643304130162704	-0.45568278304598	-0.039224663262918125
1.4893617021276597	-0.46487583426685	-0.04097023138913383
1.514392991239049	-0.47442496717073057	-0.042677438132177115
1.5394242803504383	-0.48447924181161106	-0.04436864761266848
1.5644555694618276	-0.4951278322238757	-0.04614823323149847
1.589486858573217	-0.5063848042221974	-0.048109738199844404
1.6145181476846044	-0.5182455792522327	-0.05030245727203905
1.6395494367959955	-0.5307208159495	-0.052750614673226254
1.6645807259073848	-0.5438407141278767	-0.055473845602012045
1.6896120150187741	-0.5576507530942871	-0.0584970210327827
1.7146433041301634	-0.5722080701378314	-0.06185416033260474
1.739674593241551	-0.5875797574447668	-0.06559065701332062
1.764705882352942	-0.6038424478435496	-0.06976575940788096
1.7897371714643295	-0.6210824689009526	-0.07445619609118054
1.8147684605757206	-0.6393959099870519	-0.0797615977262624
1.83979974968711	-0.6588877536896849	-0.0858124900672213
1.8648310387984974	-0.6796685663601534	-0.0927818888240308
1.8898623279098885	-0.7018457620853611	-0.10090165836098414
1.914893617021276	-0.7255034931263964	-0.11048405769705932
1.939924906132667	-0.7506600791916731	-0.12194501059524243
1.9649561952440546	-0.7771860793776084	-0.1358128239777622
1.989987484355444	-0.8046721292079426	-0.15267544444371048
2.015018773466835	-0.8322910741528511	-0.172980402767293
2.0400500625782225	-0.8588276124989349	-0.19664098774472547
2.065081351689613	-0.8831087983348	-0.2226193888109901
2.090112640801001	-0.9048882395430624	-0.24889458870310724
2.1151439299123904	-0.9258346980735777	-0.2734051387916139
2.1401752190237784	-0.9491517541076666	-0.2961050264530598
2.165206508135169	-0.9768619155836209	-0.31944481724203855
2.1902377972465596	-1.0088126705314266	-0.34562135992580034
2.2152690863579476	-1.0451686099473312	-0.3757589815145371
2.240300375469337	-1.0867221724729914	-0.41238872343016275
2.265331664580725	-1.1321748491175687	-0.45970256598355275
2.2903629536921155	-1.177018232015468	-0.5210592792557703
2.315394242803503	-1.2146305864744429	-0.5965475607385361
2.340425531914894	-1.239317238556592	-0.6817274055664858
2.3654568210262834	-1.2496018048056667	-0.7697813772705973
2.3904881101376714	-1.2479541744433242	-0.8550604598611806
2.415519399249062	-1.2391720713700711	-0.9341643365314775
2.4405506883604495	-1.2297628330478134	-1.0073605498036853
2.4655819774718406	-1.2240817902740728	-1.080214332600801
2.490613266583228	-1.2198715471805759	-1.1588643810539379
2.515644555694618	-1.2125973030682342	-1.243279402688902
2.5406758448060085	-1.2038544708843877	-1.3308314977854223
2.565707133917396	-1.1988902232527834	-1.4262635752565067
2.590738423028787	-1.195378611536018	-1.5419182547851986
2.6157697121401746	-1.1777896128195637	-1.6867109766768684
2.6408010012515644	-1.1257948373904636	-1.8537084166549953
2.665832290362953	-1.0315298631894962	-2.023942187833994
2.6908635794743425	-0.9003858273181997	-2.184343262821947
2.7158948685857336	-0.7354691584667656	-2.331363140098979
2.740926157697121	-0.5324931646492623	-2.4579111367204702
2.765957446808511	-0.29171392407360086	-2.5456167264130602
2.7909887359198997	-0.031127516053368165	-2.575559853661041
2.816020025031289	0.2208432172041741	-2.5479992006662395
2.841051314142678	0.4484620417653278	-2.480824675110992
2.8660826032540676	0.6532128210027675	-2.388836746869567
2.8911138923654573	0.8397275274004241	-2.2749993621995093
2.916145181476846	1.0053734995708297	-2.137399939823176
2.9411764705882355	1.142024058201605	-1.9795795291008509
2.9662077596996244	1.2455873659137668	-1.812035015708676
2.991239048811014	1.3196221769316612	-1.64377721948819
3.0162703379224016	1.3678578399399703	-1.477646152070864
3.0413016270337927	1.3896616179231174	-1.31777369284594
3.066332916145182	1.3888413402370574	-1.1734350075092346
3.091364205256571	1.3777689608932808	-1.048375376404941
3.1163954943679606	1.365953725385984	-0.9347635995081541
3.141426783479348	1.3515131881360372	-0.8230230286029001
3.166458072590739	1.3271535094598936	-0.7114757219991389
3.1914893617021267	1.2885115787914057	-0.6050931811858845
3.2165206508135173	1.236704173595518	-0.5103594792475405
3.241551939924907	1.1768475324825225	-0.43111775067485103
3.2665832290362946	1.1145729715039394	-0.36733486747585675
3.2916145181476857	1.0537426169183752	-0.31668238836803986
3.316645807259073	0.9962953826383343	-0.27634963377663213
3.341677096370464	0.9429207887361533	-0.24390015806514795
3.366708385481852	0.8936618445390891	-0.21745455648848463
3.391739674593241	0.848274031232064	-0.1956216444682917
3.416770963704632	0.8064080977180534	-0.17738080620464644
3.4418022528160197	0.7676955890771935	-0.16197930076061504
3.4668335419274103	0.7317857838742419	-0.1488556370186163
3.4918648310387983	0.6983594790705028	-0.1375853407394214
3.5168961201501876	0.6671321376124517	-0.12784315046150801
3.5419274092615756	0.6378524054600496	-0.11937664151655347
3.566958698372966	0.6102988382512327	-0.1119876732812656
3.591989987484357	0.5842761550803761	-0.10551919322855713
3.617021276595745	0.5596116107756361	-0.09984573538928215
3.642052565707134	0.536151738644322	-0.09486648199178535
3.667083854818522	0.513759556887095	-0.09050007732949836
3.6921151439299127	0.49231220673417697	-0.08668052906139384
3.7171464330413	0.47169869086944427	-0.08335361303132482
3.7421777221526913	0.45181680876847263	-0.08047377033766451
3.7672090112640806	0.43256891786043683	-0.07800324603004488
3.7922403003754686	0.41385986805082364	-0.07591483272293534
3.817271589486859	0.39559991136901074	-0.07419311602821207
3.8423028785982467	0.37770642964788426	-0.07283053365281594
3.867334167709638	0.36010094968656947	-0.07182409787045974
3.8923654568210253	0.3427057148735555	-0.07117557312839076
3.917396745932415	0.32544180699903524	-0.07089280471381576
3.9424280350438057	0.30822798094148585	-0.07099092008990662
3.967459324155193	0.29097949903191633	-0.07149349183906373
3.9924906132665843	0.27360675490980757	-0.07243396994767856
4.017521902377972	0.2560136482068698	-0.07385762250750938
4.042553191489361	0.23809569101545236	-0.07582420396855799
4.06758448060075	0.21973781869954534	-0.07841161998052368
4.09261576971214	0.20081187762594688	-0.08172096510795607
4.117647058823531	0.18117378448881993	-0.08588348052287481
4.142678347934918	0.1606604147138313	-0.09107023886383131
4.167709637046308	0.13908641944545774	-0.0975057590380235
4.192740926157697	0.11624147111667771	-0.10548735805169018
4.217772215269086	0.09188905878585452	-0.11541296939792328
4.2428035043804755	0.06576922971897403	-0.12782154670039456
4.267834793491865	0.03761029155174711	-0.14345217948429062
4.292866082603254	0.007159864646944847	-0.16333064870651184
4.317897371714643	-0.02574336799897914	-0.18889447143783114
4.342928660826033	-0.06101415412461009	-0.22216571145005135
4.367959949937422	-0.09799855404873803	-0.26596247471722123
4.392991239048811	-0.13484290405780186	-0.3240714466095126
4.418022528160199	-0.16737333299391022	-0.40111564996832094
4.44305381727159	-0.18747439116729492	-0.5014809410207081
4.468085106382979	-0.1817195571646426	-0.6263545783028475
4.4931163954943685	-0.132345969453044	-0.7686025018132492
4.518147684605758	-0.023246502527035418	-0.9075359495553111
4.543178973717145	0.14812610534423865	-1.0087961066940074
4.568210262828536	0.3584214665160559	-1.0368070719483846
4.593241551939924	0.5616951743913674	-0.9783095751441274
4.618272841051315	0.7146347541017919	-0.8541053014348167
4.643304130162704	0.8000845666500029	-0.7040187108904629
4.668335419274092	0.8277515158784445	-0.5621934667063874
4.693366708385483	0.8185759278065294	-0.44495076791251764
4.71839799749687	0.7908835892020267	-0.3542401995485186
4.7434292866082615	0.7561155911439492	-0.2857661795856562
4.768460575719649	0.7201961722184471	-0.23417367421806254
4.793491864831038	0.6858115696150682	-0.194942868418415
4.818523153942429	0.6539943925732752	-0.16469853182789615
4.843554443053817	0.6249955446023954	-0.1410261745769925
4.868585732165208	0.5987208834832503	-0.12221698174266943
4.8936170212765955	0.5749406730759983	-0.1070572588156106
4.918648310387985	0.5533869936171403	-0.09467627789810676
4.943679599499372	0.5337970176935611	-0.08444128542999227
4.968710888610763	0.5159304618018679	-0.07588606999935488
4.9937421777221545	0.4995749492560595	-0.06866234830462886
5.018773466833542	0.4845459276801991	-0.06250643669893616
5.043804755944931	0.470684336173135	-0.05721615531594629
5.068836045056319	0.45785353620397995	-0.05263462579816841
5.09386733416771	0.4459361990505526	-0.048638759221378114
5.118898623279097	0.43483144260235473	-0.04513097207006664
5.1439299123904885	0.42445231816269846	-0.0420331511428893
5.168961201501878	0.4147236585827061	-0.039282204573868024
5.193992490613265	0.4055802605432497	-0.03682674504159145
5.219023779724656	0.3969653600187302	-0.034624590604307476
5.244055068836044	0.38882935782899253	-0.0326408626171818
5.269086357947435	0.38112875517894285	-0.030846524340184284
5.2941176470588225	0.37382526397346005	-0.029217248118995398
5.319148936170212	0.36688506194270687	-0.027732529920334648
5.344180225281603	0.3602781675325577	-0.026374991805523523
5.36921151439299	0.35397791384893385	-0.025129828476822796
5.3942428035043815	0.3479605046409642	-0.023984365244164738
5.419274092615769	0.3422046384150379	-0.02292770293785669
5.444305381727158	0.3366911893854363	-0.021950431333293247
5.469336670838548	0.331402936218816	-0.021044397181426477
5.494367959949937	0.32632433160188423	-0.02020251637942061
5.519399249061328	0.32144130783954505	-0.01941862240591781
5.5444305381727155	0.316741116458755	-0.01868734481026979
5.569461827284105	0.3122122039275146	-0.018004011425707775
5.594493116395494	0.3078441317603211	-0.017364563045463716
5.619524405506883	0.30362755474341796	-0.01676545133447202
5.644555694618273	0.2995542549691539	-0.016203445247389342
5.669586983729662	0.2956171159825942	-0.015675212575296596
5.694618272841051	0.2918096196567461	-0.015176690664802053
5.719649561952441	0.2881244667667877	-0.014703093360122474
5.74468085106383	0.2845527104475174	-0.014250779240877198
5.769712140175219	0.28108568911567033	-0.01381898609868136
5.7947434292866085	0.2777172627105333	-0.01340836410997999
5.819774718397996	0.2744432297820776	-0.013018852693898061
5.844806007509387	0.27125988717453	-0.012649443115474751
5.869837296620776	0.2681634851810566	-0.012298771079087667
5.894868585732166	0.2651502644104733	-0.011965494056856943
5.919899874843555	0.2622165629185744	-0.01164840227724466
5.9449311639549425	0.25935887107847755	-0.011346440608188887
5.9699624530663336	0.2565738584907118	-0.011058714704932082
5.994993742177721	0.2538583931193532	-0.01078449648586216
6.020025031289112	0.2512095651572963	-0.010523235318940685
6.0450563204005014	0.2486247336972891	-0.010274577048071179
6.07008760951189	0.24610162677497538	-0.010038379951835902
6.09511889862328	0.24363854112460892	-0.009814678709744645
6.120150187734667	0.2412346746238363	-0.009603447197990195
6.145181476846059	0.238890433842867	-0.009403832131304898
6.170212765957445	0.23660687622226462	-0.009212605282511457
6.195244055068836	0.23438277641208582	-0.00902319687579349
6.2202753441802265	0.23221091472299715	-0.008829237800507733
6.245306633291613	0.230080874566843	-0.00863107288982895
6.270337922403005	0.22798680665044735	-0.008434841518013839
6.295369211514392	0.22592862981770256	-0.00824578766344046
6.320400500625783	0.22390800658717147	-0.008065762879918989
6.3454317897371695	0.22192590775618193	-0.007894542084323358
6.37046307884856	0.21998232706650445	-0.007731242978316066
6.395494367959952	0.2180766328592778	-0.007574957406024416
6.420525657071338	0.21620788462221707	-0.007424924366125768
6.445556946182729	0.21437501766141942	-0.007280539003456155
6.470588235294116	0.21257693652328413	-0.007141321397074199
6.495619524405506	0.21081255904505625	-0.007006883927199822
6.520650813516895	0.20908083583128345	-0.006876905935508534
6.545682102628285	0.20738075789737564	-0.006751115714883252
6.570713391739676	0.20571135872014956	-0.0066292780613905755
6.5957446808510625	0.20407171370630728	-0.006511185698271985
6.620775969962453	0.2024609385255518	-0.00639665331914549
6.645807259073841	0.20087818700201332	-0.006285513395866207
6.670838548185231	0.19932264889087392	-0.0061776131867256195
6.695869837296622	0.197793547689316	-0.006072812577894507
6.720901126408009	0.19629013854487276	-0.0059709825219065316
6.745932415519399	0.19481170628153777	-0.005872003924252883
6.770963704630788	0.19335756354578493	-0.005775766890032202
6.795994993742178	0.1919270490670808	-0.00568217028867056
6.821026282853566	0.19051952602860567	-0.005591121634393112
6.8460575719649555	0.1891343805532042	-0.005502537320660486
6.871088861076346	0.1877710203307572	-0.00541634329580129
6.896120150187734	0.1864288734546795	-0.005332476333612071
6.921151439299124	0.18510738762456214	-0.0052508861481423835
6.946182728410513	0.1838060300458455	-0.005171538739193279
6.971214017521902	0.18252428872481818	-0.005094421539166616
6.996245306633291	0.1812616766082753	-0.005019551124787788
7.0212765957446805	0.1800177415708193	-0.0049469842527425645
7.046307884856071	0.17879208836247606	-0.0048768320071762294
7.071339173967459	0.17758442431236787	-0.004809272409953616
7.0963704630788484	0.17639464821006445	-0.00474454178709717
7.121401752190238	0.17522299868841262	-0.004682843579447926
7.146433041301627	0.17407020471576562	-0.004624034620336184
7.171464330413016	0.17293729713422934	-0.004566957933273649
7.196495619524406	0.17182439912991576	-0.004508932133382923
7.221526908635795	0.17072898982157092	-0.004447123656585103
7.246558197747184	0.16964683336980002	-0.004381519455485733
7.2715894868585735	0.16857548140946133	-0.00431488763730567
7.296620775969963	0.16751513379142846	-0.0042497973810707995
7.321652065081352	0.1664668889714287	-0.004187291494048978
7.3466833541927405	0.16543155583405156	-0.004127411852959964
7.371714643304131	0.16440947681677365	-0.0040698611396775
7.39674593241552	0.1634006802638197	-0.004014310909126365
7.421777221526909	0.1624050281556757	-0.003960490193123792
7.446808510638299	0.16142230441823102	-0.003908193184189002
7.471839799749687	0.16045226049659878	-0.0038572662486381637
7.496871088861077	0.15949463750219461	-0.003807593547856633
7.521902377972466	0.1585491766090783	-0.0037590857786088117
7.546933667083856	0.15761562374334215	-0.003711672206082303
7.571964956195245	0.1566937315347694	-0.00366529522144618
7.5969962453066335	0.1557832599688762	-0.003619906657310157
7.622027534418024	0.15488397643282248	-0.0035754652864983527
7.647058823529412	0.15399565549127647	-0.003531935110747078
7.672090112640802	0.1531180785544768	-0.0034892841791236695
7.697121401752189	0.15225103351798008	-0.0034474837659429908
7.72215269086358	0.15139431441432372	-0.003406507795924038
7.74718397997497	0.15054772110280545	-0.0033663324382294246
7.772215269086359	0.149711059020321	-0.0033269358010556416
7.797246558197749	0.14888413900836195	-0.003288297633388018
7.8222778473091354	0.14806677715331062	-0.0032503988745294504
7.8473091364205265	0.14725879429410949	-0.0032132209143136
7.872340425531913	0.14646001452427004	-0.00317674507992613
7.897371714643305	0.14567026321832	-0.0031409540488171045
7.922403003754695	0.14488936772779493	-0.0031058348197930963
7.947434292866082	0.14411716051098544	-0.0030713787101894763
7.972465581977473	0.14335347958407052	-0.003037578620254902
7.99749687108886	0.14259816645505818	-0.003004428060242592
8.022528160200253	0.14185106461728747	-0.002971922072876415
8.047559449311638	0.14111201898869474	-0.0029400584214436948
8.072590738423028	0.1403808756244338	-0.0029088386459663468
8.09762202753442	0.13965748138763523	-0.002878269210034229
8.122653316645806	0.13894168354028658	-0.0028483630027785894
8.147684605757199	0.13823332931272958	-0.002819141449948312
8.172715894868585	0.13753226556448261	-0.002790637549537414
8.197747183979974	0.13683833875482598	-0.00276290028847144
8.222778473091363	0.13615139566103984	-0.00273600112954088
8.247809762202753	0.1354712857449485	-0.0027100436064152883
8.272841051314145	0.1347978670242984	-0.002685177538072528
8.297872340425531	0.13413101929115356	-0.002661619866138859
8.32290362953692	0.13347067261135592	-0.002639684076339896
8.34793491864831	0.1328168672277208	-0.00261981753341492
8.3729662077597	0.13216987590238283	-0.0026026341807366127
8.397997496871088	0.13153043944810605	-0.0025888899526412684
8.423028785982478	0.1309001563642358	-0.0025792380914270163
8.448060075093867	0.13028186811817477	-0.0025733964969700263
8.473091364205256	0.12967912981638108	-0.002568400450399508
8.498122653316646	0.129093000425339	-0.0025573367750471726
8.523153942428035	0.12851759680629016	-0.0025330634270859936
8.548185231539424	0.12794275038897318	-0.0024958810828104444
8.573216520650814	0.12736307781959333	-0.002453148270072217
8.598247809762203	0.12677996692050542	-0.002411538531039162
8.623279098873592	0.1261969991881191	-0.0023737618702277252
8.648310387984981	0.12561694769831178	-0.002339979116653082
8.67334167709637	0.1250413599206972	-0.002309498022495221
8.69837296620776	0.12447095905286609	-0.0022815524892441374
8.72340425531915	0.12390602427737818	-0.0022555239948181816
8.748435544430539	0.12334661709773975	-0.002230959144482375
8.773466833541928	0.12279269825482331	-0.0022075357185855626
8.798498122653317	0.12224418485386934	-0.0021850256698928705
8.823529411764707	0.12170097752398767	-0.0021632662804570713
8.848560700876096	0.12116297301492551	-0.0021421398052371005
8.873591989987485	0.12063006979811774	-0.0021215595948754634
8.898623279098874	0.12010217033344439	-0.0021014607198847346
8.92365456821026	0.11957918177176374	-0.00208179361810866
8.948685857321653	0.1190610159483807	-0.002062519753711814
8.973717146433042	0.11854758908083873	-0.0020436086175633084
8.998748435544432	0.11803882136902288	-0.0020250356282627557
9.023779724655821	0.11753463658773633	-0.002006780643698136
9.048811013767207	0.11703496171198502	-0.0019888268919025925
9.0738423028786	0.11653972659240175	-0.001971160190893731
9.098873591989985	0.11604886368680667	-0.0019537683606752204
9.123904881101378	0.11556230783600263	-0.001936640743636836
9.148936170212767	0.11507999602046404	-0.001919767767596045
9.173967459324153	0.11460186697245867	-0.0019031406074103974
9.198998748435546	0.11412786071466385	-0.0018867512250449053
9.224030037546932	0.11365791857392793	-0.0018705927426756613
9.249061326658325	0.1131919836780888	-0.001854659335482206
9.27409261576971	0.11273000101511954	-0.0018389456183860176
9.2991239048811	0.11227191703240003	-0.0018234463405290696
9.324155193992492	0.11181767935440234	-0.0018081564370470288
9.349186483103878	0.11136723670819393	-0.001793071099961574
9.374217772215271	0.11092053889814935	-0.0017781857738261159
9.399249061326657	0.11047753676753658	-0.001763496130155931
9.424280350438046	0.11003818215849925	-0.0017489980464611282
9.449311639549435	0.1096024278763732	-0.001734687587152603
9.474342928660825	0.10917022765640105	-0.0017205609851142778
9.499374217772218	0.108741536131717	-0.0017066146250112324
9.524405506883603	0.10831630880240439	-0.0016928450288659913
9.549436795994993	0.10789450200697281	-0.0016792488437979425
9.574468085106382	0.10747607289488137	-0.001665822831627875
9.599499374217771	0.1070609794012416	-0.0016525638599946824
9.62453066332916	0.10664918022296277	-0.001639468894704607
9.64956195244055	0.10624063479627566	-0.0016265349930886935
9.67459324155194	0.10583530327568269	-0.0016137592981869814
9.699624530663328	0.10543314651415159	-0.0016011390336190673
9.724655819774718	0.10503412604402662	-0.00158867149903337
9.749687108886107	0.10463820405938051	-0.0015763540660400782
9.774718397997496	0.1042453433988264	-0.0015641841745675927
9.799749687108886	0.10385550752928197	-0.0015521593295751007
9.824780976220275	0.10346866053069093	-0.0015402770980518787
9.849812265331664	0.1030847670808388	-0.0015285351062823138
9.874843554443054	0.10270379244142269	-0.0015169310373383954
9.899874843554443	0.10232570244423655	-0.001505462628782997
9.924906132665832	0.10195046347802794	-0.0014941276705486561
9.949937421777221	0.1015780424758237	-0.00148292400297112
9.97496871088861	0.10120840690284183	-0.0014718495149590033
10.0	0.10084152474461483	-0.0014609021422961749
