-10.0	-0.0991638491236051	-0.0014480890642269012
-9.97496871088861	-0.09952753966164263	-0.0014592590576137376
-9.949937421777221	-0.09989404018337655	-0.0014705652402664388
-9.924906132665832	-0.10026338494205955	-0.0014820099162114742
-9.899874843554443	-0.10063560877433186	-0.0014935954785453426
-9.874843554443054	-0.10101074711739688	-0.0015053244142350652
-9.849812265331664	-0.10138883602696058	-0.0015171993127532646
-9.824780976220275	-0.10176991219594012	-0.0015292228792608276
-9.799749687108886	-0.10215401297318838	-0.0015413979537934885
-9.774718397997496	-0.1025411763826769	-0.0015537275388108618
-9.749687108886107	-0.102931441141215	-0.0015662148388214253
-9.724655819774718	-0.10332484667171915	-0.00157886331781526
-9.699624530663328	-0.10372143310741766	-0.0015916767832350326
-9.67459324155194	-0.1041212412735879	-0.0016046595096972927
-9.64956195244055	-0.10452431262314921	-0.001617816421506879
-9.62453066332916	-0.10493068907384373	-0.0016311533586194638
-9.599499374217771	-0.10534041264176164	-0.0016446774478251491
-9.574468085106382	-0.10575352465617183	-0.0016583975599373108
-9.549436795994993	-0.10617006414913188	-0.0016723246602519115
-9.524405506883603	-0.10659006478543365	-0.0016864712912767615
-9.499374217772216	-0.1070135499765259	-0.0017008479259354725
-9.474342928660825	-0.10744052890314304	-0.0017154514333305587
-9.449311639549435	-0.107871006377942	-0.0017302429934473729
-9.424280350438046	-0.10830502679899556	-0.0017451380853112236
-9.399249061326657	-0.108742721758186	-0.001760062997750153
-9.37421777221527	-0.10918426013358751	-0.0017750416932672125
-9.349186483103878	-0.10962974293194794	-0.0017901707604105893
-9.32415519399249	-0.11007919707309899	-0.0018055276535621084
-9.2991239048811	-0.110532631907021	-0.001821142957081981
-9.274092615769712	-0.11099006963486868	-0.0018370203385054407
-9.249061326658325	-0.11145154772996069	-0.0018531553461647032
-9.224030037546934	-0.11191711387056724	-0.0018695434202578992
-9.198998748435546	-0.11238682167479919	-0.0018861819984601486
-9.173967459324155	-0.11286072825001181	-0.0019030705695358974
-9.148936170212767	-0.11333889295578548	-0.0019202102453294845
-9.123904881101378	-0.11382137681809201	-0.0019376033323661446
-9.098873591989987	-0.11430824226859304	-0.0019552530063711854
-9.0738423028786	-0.11479955304197009	-0.001973163085961238
-9.048811013767208	-0.11529537414974822	-0.001991337880638447
-9.023779724655821	-0.11579577189116907	-0.002009782090201931
-8.998748435544432	-0.11630081388216684	-0.002028500738830513
-8.973717146433042	-0.11681056909337695	-0.0020474991325099556
-8.948685857321653	-0.11732510789251638	-0.002066782832411976
-8.923654568210262	-0.1178445020895742	-0.0020863576394748867
-8.898623279098874	-0.11836882498337342	-0.0021062295872415343
-8.873591989987485	-0.1188981514099483	-0.0021264049412278996
-8.848560700876096	-0.11943255779173167	-0.0021468902040219506
-8.823529411764707	-0.1199721221885861	-0.002167692126053819
-8.798498122653317	-0.12051692434951544	-0.0021888177227409183
-8.773466833541928	-0.12106704576580274	-0.0022102742995377123
-8.748435544430539	-0.12162256972343943	-0.0022320694875358343
-8.72340425531915	-0.1221835813538883	-0.0022542112937179865
-8.69837296620776	-0.12275016767850122	-0.002276708172406078
-8.67334167709637	-0.12332241763965346	-0.0022995691292866938
-8.648310387984981	-0.12390042209842012	-0.0023228038777426824
-8.623279098873592	-0.12448427375052962	-0.0023464230701186056
-8.598247809762203	-0.12507406686996259	-0.0023704386120883963
-8.573216520650814	-0.12566989671908413	-0.0023948640388976594
-8.548185231539424	-0.12627185830447285	-0.0024197148133783403
-8.523153942428035	-0.12688004395136954	-0.0024450079499418464
-8.498122653316646	-0.1274945393707112	-0.002470759152271129
-8.473091364205256	-0.12811542030814405	-0.0024969735929867426
-8.448060075093867	-0.12874276008812746	-0.002523627875903975
-8.423028785982478	-0.12937666503513778	-0.0025506607885721344
-8.397997496871088	-0.13001731500370806	-0.002578017969169441
-8.3729662077597	-0.13066492518898176	-0.002605724764339498
-8.34793491864831	-0.1313196584945837	-0.0026338687770624536
-8.32290362953692	-0.13198161780317985	-0.0026625237134085405
-8.297872340425531	-0.13265089261108454	-0.002691724786209826
-8.272841051314144	-0.13332758503750508	-0.0027214848290446347
-8.247809762202753	-0.13401181225565661	-0.002751810057750881
-8.222778473091363	-0.13470370242965757	-0.0027827068849033965
-8.197747183979974	-0.1354033912448056	-0.0028141837556852067
-8.172715894868585	-0.13611101993916463	-0.0028462512419876462
-8.147684605757197	-0.13682673434276182	-0.002878921724452768
-8.122653316645806	-0.137550684445519	-0.002912209067055499
-8.097622027534417	-0.13828302420353022	-0.0029461283516579867
-8.072590738423028	-0.1390239114390921	-0.002980695606704012
-8.047559449311638	-0.13977350785246845	-0.0030159273826477623
-8.02252816020025	-0.14053197948275642	-0.003051840117249474
-7.9974968710888605	-0.14129949808606845	-0.0030884499720549574
-7.972465581977473	-0.1420762423852393	-0.003125774494486061
-7.947434292866082	-0.14286239665115463	-0.0031638347116313
-7.922403003754694	-0.1436581483325332	-0.0032026541555231353
-7.897371714643305	-0.1444636884199193	-0.0032422566278230563
-7.872340425531914	-0.1452792131141516	-0.0032826657597256614
-7.8473091364205265	-0.14610492473559678	-0.003323905639944072
-7.8222778473091354	-0.14694103199308728	-0.0033660013596346627
-7.797246558197748	-0.14778775011775025	-0.003408979312612387
-7.772215269086359	-0.14864530104402096	-0.0034528673899820034
-7.7471839799749675	-0.1495139136558592	-0.0034976951713799054
-7.72215269086358	-0.15039382408250113	-0.003543494164878924
-7.697121401752189	-0.15128527602834474	-0.0035902981303753273
-7.672090112640801	-0.15218852112328474	-0.0036381435245466526
-7.647058823529412	-0.15310381927495342	-0.0036870701215904744
-7.622027534418023	-0.1540314389866051	-0.003737121891934897
-7.596996245306634	-0.15497165756847764	-0.0037883482643528005
-7.571964956195245	-0.15592476109101572	-0.003840805961792329
-7.546933667083856	-0.15689104376866592	-0.00389456169185963
-7.5219023779724665	-0.1578708061274421	-0.003949696078145812
-7.496871088861077	-0.15886435061536108	-0.0040063092599370576
-7.471839799749688	-0.15987197191374225	-0.004064528259058661
-7.446808510638299	-0.16089393656925832	-0.004124514507866606
-7.421777221526909	-0.1619304425919461	-0.004186463861257539
-7.39674593241552	-0.16298154853723634	-0.004250573719326703
-7.371714643304131	-0.16404708650188926	-0.004316913901831199
-7.346683354192741	-0.16512669092469956	-0.004385116102793685
-7.321652065081352	-0.1662202865882607	-0.004454022490722853
-7.296620775969963	-0.16732905191672298	-0.004522099109677796
-7.2715894868585735	-0.16845540020772898	-0.004588981628389971
-7.246558197747184	-0.16960122066971728	-0.0046560008703341454
-7.221526908635795	-0.17076694333593068	-0.004724741028996268
-7.196495619524406	-0.1719523146588502	-0.004796023076275274
-7.171464330413016	-0.17315716966071637	-0.0048700473191697485
-7.146433041301627	-0.174381617620063	-0.004946773262524004
-7.121401752190238	-0.1756259784928833	-0.0050261232675826994
-7.0963704630788484	-0.17689069936791668	-0.005108048269694784
-7.071339173967459	-0.1781763014229787	-0.0051925376707294135
-7.04630788485607	-0.17948335236533985	-0.005279612938403386
-7.0212765957446805	-0.18081245463390871	-0.005369318419997979
-6.996245306633291	-0.1821642436644435	-0.005461715091880065
-6.971214017521902	-0.18353938900996614	-0.005556881582240228
-6.946182728410513	-0.18493858910756789	-0.005654917316499863
-6.921151439299123	-0.18636256477194646	-0.005755937299437408
-6.896120150187734	-0.18781206149099283	-0.00586006440231468
-6.871088861076345	-0.18928785555360328	-0.005967427588646573
-6.8460575719649555	-0.19079075804144008	-0.006078163640756348
-6.821026282853566	-0.19232161674751236	-0.006192418966802199
-6.795994993742177	-0.19388131748862492	-0.00631035038914321
-6.770963704630788	-0.19547078603347678	-0.006432125290685084
-6.745932415519399	-0.1970909906821543	-0.006557921991519
-6.720901126408009	-0.19874294502387269	-0.0066879304657923855
-6.69586983729662	-0.20042771079091182	-0.006822353185053309
-6.670838548185231	-0.2021464008992977	-0.006961406026171749
-6.645807259073841	-0.20390018273189625	-0.007105319264674087
-6.620775969962453	-0.2056902816890327	-0.0072543386766855955
-6.595744680851063	-0.20751798502638596	-0.007408726764944321
-6.570713391739676	-0.20938464600356	-0.007568764121982791
-6.545682102628285	-0.21129168837015477	-0.007734750945093502
-6.520650813516897	-0.2132406112183256	-0.00790700872108012
-6.495619524405506	-0.21523299422911446	-0.008085882101625308
-6.470588235294117	-0.21727050333569853	-0.008271740990094756
-6.445556946182729	-0.2193548968150365	-0.008464982855658512
-6.420525657071338	-0.22148803179281806	-0.008666035261851016
-6.395494367959951	-0.22367187112134168	-0.008875358491509805
-6.37046307884856	-0.22590849069063168	-0.009093447885563127
-6.34543178973717	-0.2282000878915822	-0.009320835166674021
-6.320400500625783	-0.23054899372021165	-0.009558088837047715
-6.295369211514392	-0.23295769103944064	-0.009805818560552557
-6.270337922403004	-0.2354288312305064	-0.010064690940105231
-6.245306633291613	-0.23796523565664351	-0.010335445549972108
-6.2202753441802265	-0.24056989609283796	-0.010618892875999125
-6.195244055068836	-0.24324599309559947	-0.010915908599325314
-6.170212765957448	-0.24599692143877672	-0.011227439613049783
-6.145181476846059	-0.248826312449002	-0.011554516053709302
-6.120150187734667	-0.25173805503270863	-0.011898263526531186
-6.09511889862328	-0.2547363183969944	-0.012259915176030936
-6.070087609511891	-0.2578255776421132	-0.012640824595734304
-6.0450563204005014	-0.2610106426299117	-0.013042480309475454
-6.020025031289112	-0.26429669044302795	-0.013466522302708561
-5.994993742177721	-0.26768930183593387	-0.013914761007941326
-5.9699624530663336	-0.2711945021876039	-0.0143891991689412
-5.9449311639549425	-0.27481880757929567	-0.01489205706583345
-5.919899874843555	-0.2785692767699066	-0.015425801656928667
-5.894868585732166	-0.2824535700774451	-0.015993180329158196
-5.869837296620776	-0.2864800164387571	-0.01659726034407999
-5.844806007509387	-0.29065768965376293	-0.017241475658072797
-5.819774718397998	-0.29499649416258666	-0.0179296822462576
-5.7947434292866085	-0.2995072622548145	-0.018666221979248734
-5.769712140175219	-0.3042018665135018	-0.01945599725669228
-5.74468085106383	-0.30909334977143565	-0.02030456042191532
-5.719649561952441	-0.31419607443076014	-0.02121822104220726
-5.694618272841051	-0.31952589450787894	-0.022204174378612787
-5.669586983729662	-0.32510035477674926	-0.023270655790754935
-5.644555694618273	-0.3309389220775092	-0.024427127263041137
-5.619524405506883	-0.33706325480744503	-0.025684503754128146
-5.594493116395494	-0.343497518143427	-0.027055428861269826
-5.569461827284105	-0.3502687554328805	-0.02855461192072231
-5.5444305381727155	-0.35740733076370823	-0.030199244942680642
-5.519399249061326	-0.3649474573125042	-0.03200953108235596
-5.494367959949937	-0.37292781145986	-0.034009360902935104
-5.469336670838549	-0.3813922399679841	-0.03622715215957563
-5.444305381727158	-0.3903906132444108	-0.03869689087739006
-5.419274092615769	-0.3999798682237117	-0.04145947439014683
-5.3942428035043815	-0.4102252537062121	-0.044564467909924715
-5.36921151439299	-0.4212018078411397	-0.04807239946467651
-5.344180225281603	-0.4329961198404604	-0.052057776186793636
-5.319148936170212	-0.4457084402395166	-0.05661310067778039
-5.2941176470588225	-0.45945518880339353	-0.06185432316428505
-5.269086357947435	-0.4743718025728425	-0.06792835647850787
-5.244055068836044	-0.49061576343200564	-0.07502341619954858
-5.219023779724656	-0.5083696848068984	-0.08338332619157396
-5.193992490613266	-0.5278440146267442	-0.09332778887538137
-5.168961201501876	-0.5492780085884332	-0.10528156116642584
-5.1439299123904885	-0.5729362062947407	-0.11981674565322292
-5.1188986232791	-0.5990947606621413	-0.13771437776275824
-5.09386733416771	-0.62800588556824	-0.16005381799553423
-5.06883604505632	-0.6598163286772181	-0.18833954668073247
-5.043804755944931	-0.6943919149219262	-0.2246689508116984
-5.018773466833542	-0.730960100448967	-0.27191339767670275
-4.993742177722154	-0.767441911979784	-0.3337839086322188
-4.968710888610763	-0.799412469566473	-0.41442611212827163
-4.943679599499373	-0.8190906015268045	-0.5169840403591802
-4.918648310387985	-0.815543905802552	-0.6412029932230693
-4.893617021276597	-0.7764586719972515	-0.7817537282097125
-4.868585732165207	-0.6892245632042684	-0.9272352421325337
-4.843554443053817	-0.5435250453138014	-1.056002267825583
-4.818523153942427	-0.3430337980250906	-1.1348453043653697
-4.793491864831038	-0.1165047821726315	-1.1337483287352923
-4.768460575719651	0.09002396764022258	-1.0469126774328614
-4.7434292866082615	0.23664160382675803	-0.9001313456060221
-4.71839799749687	0.31109524002179434	-0.735590267859806
-4.69336670838548	0.3278175343725511	-0.5863235631066681
-4.668335419274092	0.30980208250788	-0.4656990641323011
-4.643304130162704	0.2752594229429359	-0.3734178978705477
-4.618272841051315	0.23493241183430147	-0.3041233966485065
-4.593241551939924	0.1941775029837034	-0.2520754655389221
-4.568210262828536	0.15532977111932755	-0.2126333900957659
-4.543178973717147	0.11921590156088246	-0.1823848094536299
-4.518147684605758	0.08596081514297271	-0.1589013562844496
-4.4931163954943685	0.05538632386141629	-0.14046663160483283
-4.468085106382977	0.02720071026319104	-0.12586182362932768
-4.44305381727159	0.001085738360191435	-0.11421317950689897
-4.418022528160201	-0.02326578724874029	-0.10488745137052122
-4.392991239048811	-0.046135878403908315	-0.09742104564055079
-4.367959949937422	-0.06777805917330326	-0.0914719435877242
-4.342928660826031	-0.08841889945458714	-0.08678687496510684
-4.317897371714643	-0.10826153047526077	-0.0831787782458297
-4.292866082603254	-0.12748980634148843	-0.08051129893823875
-4.267834793491865	-0.14627252199680818	-0.07868820923208489
-4.2428035043804755	-0.1647674644997097	-0.07764638145501475
-4.217772215269086	-0.18312525200580732	-0.07735145405497887
-4.192740926157699	-0.20149299721469482	-0.07779568605056081
-4.167709637046308	-0.22001786479944885	-0.0789977687464069
-4.142678347934918	-0.2388505950685711	-0.08100459965459808
-4.117647058823529	-0.25814904212324397	-0.08389526332706565
-4.09261576971214	-0.27808171263107617	-0.08778774850023505
-4.067584480600752	-0.2988311590946089	-0.09284931120659928
-4.042553191489361	-0.3205968101563559	-0.09931193859492879
-4.017521902377972	-0.34359626733828286	-0.10749517555262729
-3.9924906132665825	-0.36806296812180195	-0.11783977409591433
-3.967459324155193	-0.39423579877328807	-0.13095734027266048
-3.9424280350438052	-0.4223314736178607	-0.14770334280009834
-3.917396745932415	-0.45248072938449857	-0.16928268584075937
-3.8923654568210257	-0.4845898521500338	-0.1973949248616014
-3.867334167709638	-0.5180528906443964	-0.23440790575046674
-3.8423028785982494	-0.5511869746514853	-0.28347961948212874
-3.8172715894868587	-0.5802459046999635	-0.3483572661601313
-3.7922403003754686	-0.5981131252447738	-0.4322413788310785
-3.7672090112640793	-0.5936417238900704	-0.535061417536256
-3.7421777221526913	-0.5533549555582575	-0.6498322269771122
-3.717146433041303	-0.465854346584365	-0.7600051782967824
-3.6921151439299127	-0.3293677907263288	-0.8389434914599073
-3.6670838548185225	-0.16229209079000162	-0.8577090992786537
-3.6420525657071328	-0.003024229702841108	-0.8048106948588107
-3.617021276595745	0.111250272076036	-0.6988820388271737
-3.5919899874843564	0.16773871003915009	-0.5756225728818006
-3.566958698372966	0.1777880714424973	-0.46317346425305306
-3.541927409261576	0.1600937637597708	-0.37265161418479825
-3.5168961201501876	0.1291630469377978	-0.3038595270098241
-3.4918648310387996	0.09339369805834474	-0.2526351719020363
-3.46683354192741	0.05692535639855256	-0.21457592592343247
-3.4418022528160197	0.021551196715237975	-0.18615500091563256
-3.4167709637046295	-0.012098013394649332	-0.16479928080157166
-3.391739674593241	-0.04393015037257886	-0.14869479664979604
-3.366708385481853	-0.07408243665701875	-0.13657768031530193
-3.341677096370464	-0.1027691451554893	-0.1275706328913295
-3.3166458072590737	-0.13020174369643378	-0.12106247119226936
-3.291614518147683	-0.1565414139103143	-0.11660837774333
-3.2665832290362946	-0.18188319118358542	-0.11382096551052523
-3.2415519399249066	-0.20632522630694217	-0.11225237513887007
-3.2165206508135173	-0.2301637099277638	-0.11139577680303903
-3.191489361702127	-0.253984203777176	-0.11095696178223577
-3.166458072590739	-0.2783575040469204	-0.11106389713414733
-3.14142678347935	-0.3035462731357099	-0.11202796718652147
-3.11639549436796	-0.3296075419892177	-0.1140592406696122
-3.091364205256571	-0.3565878252434356	-0.11724684707167318
-3.0663329161451807	-0.38459499091353777	-0.12164260605280983
-3.0413016270337927	-0.41379625728285063	-0.12731898329032815
-3.0162703379224034	-0.4444038955405656	-0.1343956014759474
-2.991239048811014	-0.47666645195169055	-0.1430538720392201
-2.966207759699625	-0.5108654443058431	-0.15355189614184664
-2.941176470588234	-0.5473140683637832	-0.1662457127721866
-2.916145181476846	-0.5863537617580361	-0.18162117331948965
-2.891113892365457	-0.628342521124504	-0.20034109727617352
-2.8660826032540676	-0.6736237085670789	-0.22331312747746154
-2.8410513141426783	-0.7224530669661737	-0.2517820741436583
-2.816020025031289	-0.7748411635572028	-0.287438639685491
-2.790988735919901	-0.8302399028808218	-0.33249244810735923
-2.7659574468085104	-0.8870023905179183	-0.3895365224510562
-2.740926157697121	-0.9417343210871261	-0.4608184785077861
-2.715894868585732	-0.989306391522931	-0.5465613818125402
-2.6908635794743425	-1.024940680981169	-0.6431910731214091
-2.6658322903629545	-1.0482601426962668	-0.7443249690743584
-2.6408010012515644	-1.0652176994162972	-0.846487794541944
-2.615769712140175	-1.082492589429559	-0.9550374291729345
-2.5907384230287853	-1.098404970007767	-1.0811656113850716
-2.565707133917396	-1.1013530130296492	-1.2328030242669363
-2.540675844806008	-1.0745875322635405	-1.4089535120835603
-2.515644555694618	-1.0020885485347288	-1.5971119806949998
-2.4906132665832286	-0.8779122620737316	-1.77342647142703
-2.4655819774718406	-0.7162036470065754	-1.9143863503594822
-2.440550688360452	-0.5432015974569862	-2.0167924095514613
-2.4155193992490616	-0.37244441955244967	-2.098206620158898
-2.3904881101376714	-0.1944849756121685	-2.1744972430204377
-2.365456821026282	0.008780352594806029	-2.242593447990485
-2.340425531914894	0.24656162167442996	-2.2842987921960063
-2.3153942428035057	0.5143101004234731	-2.276010728828197
-2.2903629536921155	0.7901068466387167	-2.1963882568445032
-2.2653316645807253	1.0372896232220943	-2.0421654098781885
-2.2403003754693356	1.2244526116175343	-1.8360958351334367
-2.2152690863579476	1.342974010429423	-1.6129352489738495
-2.190237797246559	1.4050207954548646	-1.3997639660350112
-2.165206508135169	1.4302224971079616	-1.2071257689327695
-2.140175219023779	1.4322655675650786	-1.03226585467376
-2.1151439299123904	1.4141247328510276	-0.8706942979350285
-2.0901126408010025	1.3750158232176832	-0.7244325095068657
-2.0650813516896127	1.318642744931168	-0.5990820540619892
-2.0400500625782225	1.2528403460023712	-0.4970967690905964
-2.0150187734668323	1.184868461196491	-0.4164736395073839
-1.989987484355444	1.1192066030034913	-0.35318969210102813
-1.9649561952440555	1.0579302855392294	-0.30322602054219683
-1.939924906132667	1.0016891321715162	-0.26331643930088267
-1.914893617021277	0.9504308235291212	-0.231005594418876
-1.8898623279098858	0.9038050245450919	-0.2044946848648728
-1.8648310387984974	0.8613629259260152	-0.18246927011241496
-1.839799749687109	0.8226485742482246	-0.1639613100930026
-1.8147684605757206	0.7872370938116053	-0.14824915720527093
-1.7897371714643304	0.7547478830632448	-0.13478747005841202
-1.764705882352942	0.724846473890429	-0.12315845840596579
-1.7396745932415527	0.697241593916953	-0.11303781637532492
-1.7146433041301625	0.6716805058481126	-0.1041706830680321
-1.6896120150187741	0.6479440292117231	-0.09635447067608194
-1.664580725907384	0.6258418496292655	-0.08942643769020181
-1.6395494367959955	0.605208340616088	-0.0832545783449071
-1.6145181476846062	0.5858989466511901	-0.07773085872133839
-1.589486858573217	0.5677870989727754	-0.07276613453911096
-1.5644555694618276	0.5507616059393885	-0.06828628914620852
-1.5394242803504374	0.5347244526075343	-0.06422926749526656
-1.514392991239049	0.519588946990982	-0.060542775560489176
-1.4893617021276597	0.505278157217226	-0.057182479313241386
-1.4643304130162704	0.49172359158809886	-0.05411058254505288
-1.4392991239048811	0.47886408107561684	-0.051294694747200886
-1.4142678347934918	0.466644830508973	-0.04870692306601834
-1.3892365456821025	0.4550166104882971	-0.046323138828544747
-1.3642052565707132	0.4439350669158868	-0.0441223811552921
-1.339173967459324	0.43336012906316435	-0.04208636903534549
-1.3141426783479346	0.42325550040757154	-0.04019909982690448
-1.2891113892365453	0.4135882191932172	-0.03844651708898067
-1.264080100125157	0.4043282778959727	-0.03681623438945461
-1.2390488110137667	0.3954482925958558	-0.035297304586606654
-1.2140175219023774	0.38692321475278324	-0.03388002627321127
-1.1889862327909881	0.37873007910578016	-0.03255578076956414
-1.1639549436795988	0.37084778242118066	-0.03131689437593421
-1.1389236545682104	0.36325688864285244	-0.030156521635625683
-1.1138923654568202	0.355939456678505	-0.029068546184181976
-1.0888610763454318	0.34887888761828734	-0.028047496418912937
-1.0638297872340434	0.3420597886448302	-0.027088473754350084
-1.0387984981226523	0.33546785127598344	-0.026187091663338824
-1.013767209011264	0.32908974189406326	-0.025339424063587773
-0.9887359198998737	0.3229130027715188	-0.02454196191471071
-0.9637046307884853	0.3169259620083418	-0.023791577156872717
-0.9386733416770969	0.3111176509596414	-0.023085493363253717
-0.9136420525657085	0.3054777278559253	-0.02242126270799151
-0.8886107634543183	0.29999640640756464	-0.021796749082873865
-0.8635794743429273	0.2946643882406801	-0.021210117445521037
-0.8385481852315388	0.2894727980357483	-0.020659829768248525
-0.8135168961201504	0.2844131202325312	-0.020144648305357518
-0.788485607008762	0.27947713612758096	-0.01966364734170191
-0.7634543178973718	0.27465686012484913	-0.019216235175881294
-0.7384230287859816	0.26994447381326336	-0.01880218889861736
-0.7133917396745932	0.2653322564529337	-0.01842170565643189
-0.6883604505632039	0.2608125103879556	-0.01807547570204701
-0.6633291614518155	0.25637747994014914	-0.01776478486934066
-0.6382978723404253	0.2520192626182398	-0.017491657548009132
-0.6132665832290352	0.24772971228828355	-0.01725905635730343
-0.5882352941176467	0.24350033586366338	-0.017071162449022098
-0.5632040050062583	0.2393221892195987	-0.01693377215463375
-0.5381727158948699	0.23518578668524948	-0.016854863796366068
-0.5131414267834788	0.23108105620017616	-0.0168454163889641
-0.48811013767208866	0.2269974084138351	-0.016920604758880867
-0.46307884856070025	0.22292406205775928	-0.01710155985162118
-0.43804755944931184	0.2188509203459139	-0.017417973973705966
-0.41301627033792343	0.2147706087093807	-0.017911940311747185
-0.38798498122653324	0.21068293720090692	-0.018643479258366236
-0.36295369211514483	0.20660437908269735	-0.01969795645801352
-0.33792240300375376	0.20258769971394125	-0.02119414114504499
-0.31289111389236535	0.19876089782856493	-0.023286279731087753
-0.28785982478097694	0.19539692393340585	-0.026137449520734768
-0.26282853566958675	0.19300642083605174	-0.02980474758371468
-0.23779724655819834	0.1923420366571577	-0.033944059553979555
-0.21276595744680904	0.19398041075569944	-0.03741712880235726
-0.18773466833541974	0.1973358451387669	-0.03854536239925452
-0.16270337922403044	0.20041448967861308	-0.03663397261658294
-0.13767209011264026	0.2015011496899622	-0.032834609780810486
-0.11264080100125184	0.2004193532127455	-0.028813678475114735
-0.08760951188986255	0.19788174951316864	-0.02550815769440179
-0.06257822277847325	0.19461194089794095	-0.023158814761220115
-0.03754693366708395	0.19109355581114418	-0.021717235535712573
-0.01251564455569465	0.1876443667575538	-0.02107967437413076
0.01251564455569465	0.18454129379738532	-0.021136141725477134
0.03754693366708395	0.182096276956711	-0.021690841223527144
0.06257822277847325	0.18057710162283191	-0.02230611772733282
0.08760951188986255	0.1798828209426575	-0.022306916727185988
0.11264080100125184	0.17934132448339796	-0.02126605016313432
0.13767209011264114	0.17822330939433997	-0.019458797567934227
0.16270337922403044	0.17633912939688295	-0.01749381845610666
0.18773466833541974	0.17391032062100897	-0.015763902694520812
0.21276595744680726	0.17120896770230812	-0.01437525017642867
0.23779724655819834	0.168415109049783	-0.013295050722135743
0.26282853566958764	0.16562256819289084	-0.01245649091657973
0.28785982478097694	0.16287346514141457	-0.011798389307325255
0.31289111389236623	0.16018343950694197	-0.011273812292014768
0.33792240300375376	0.1575555952459035	-0.010848813417240477
0.36295369211514483	0.15498748124327205	-0.010499241391511857
0.38798498122653235	0.15247443440193642	-0.01020788752708289
0.41301627033792343	0.15001113227451507	-0.009962373094970556
0.43804755944931273	0.1475922841767066	-0.009753679469899204
0.46307884856070025	0.1452129126753623	-0.009575145887027306
0.4881101376720913	0.14286844326499132	-0.009421787425571135
0.5131414267834788	0.14055470705102024	-0.009289827886586319
0.5381727158948699	0.13826790673460598	-0.009176376481425746
0.5632040050062574	0.1360045697562451	-0.00907920131430176
0.5882352941176467	0.1337614995797476	-0.008996568672045513
0.6132665832290378	0.13153572983093842	-0.008927127606714616
0.6382978723404253	0.1293244829841863	-0.008869826113220805
0.6633291614518164	0.12712513387236335	-0.008823849659827451
0.6883604505632039	0.12493517766938667	-0.008788575766855072
0.7133917396745932	0.12275220175388657	-0.008763540287261798
0.7384230287859808	0.12057386080518828	-0.008748412365638225
0.7634543178973718	0.11839785450688378	-0.00874297595951705
0.7884856070087629	0.11622190728880388	-0.008747116441146202
0.8135168961201504	0.11404374960127173	-0.008760811252552167
0.8385481852315397	0.11186110027606289	-0.008784123925120596
0.8635794743429273	0.10967164958409215	-0.008817201041812675
0.8886107634543183	0.10747304265282509	-0.00886027194994593
0.9136420525657059	0.10526286296622078	-0.008913651255575097
0.9386733416770969	0.10303861575296214	-0.008977744378118296
0.9637046307884862	0.10079771121120173	-0.009053056753936306
0.9887359198998737	0.0985374477901031	-0.00914020769908605
1.0137672090112648	0.0962549962963577	-0.009239950536316127
1.0387984981226523	0.09394738672121705	-0.009353201418222976
1.0638297872340434	0.09161150202524748	-0.009481080312176926
1.088861076345431	0.08924408798627148	-0.009624968446409018
1.1138923654568202	0.08684179818847215	-0.009786585370858608
1.1389236545682113	0.08440131263504558	-0.00996807944687872
1.1639549436795988	0.08191960074927418	-0.010172088875311208
1.18898623279099	0.07939442655908846	-0.010401616051891036
1.2140175219023774	0.07682508525806653	-0.010659281194501075
1.2390488110137667	0.07421265471782523	-0.010945189105294365
1.264080100125156	0.07155725424673709	-0.011253627526209495
1.2891113892365453	0.06885020905347239	-0.011573855434327526
1.3141426783479364	0.06606993123851712	-0.011901805483985131
1.339173967459324	0.06319432389055524	-0.0122499713456619
1.3642052565707132	0.06021397688088537	-0.012638522205830213
1.3892365456821025	0.057129395013963524	-0.013083374549146917
1.4142678347934918	0.05394453256234222	-0.013594179108957632
1.4392991239048811	0.05066521057737927	-0.014174205562418274
1.4643304130162704	0.047296466933331116	-0.014815490764105849
1.4893617021276597	0.043829182054614835	-0.015495569344791751
1.514392991239049	0.04022322500150777	-0.016195048906177692
1.5394242803504383	0.036421378300321106	-0.016928335635780417
1.5644555694618276	0.032385523881359735	-0.01773888245328306
1.589486858573217	0.02810128214872143	-0.018668341436398547
1.6145181476846044	0.023558644335675005	-0.01974604470079752
1.6395494367959955	0.01874026473465662	-0.02099631091425265
1.6645807259073848	0.01361962919351467	-0.022446417209192174
1.6896120150187741	0.008162027485850487	-0.024131389674002607
1.7146433041301634	0.0023252729910030467	-0.026097401020997446
1.739674593241551	-0.0039401894555104455	-0.028405465169254268
1.764705882352942	-0.010691426970461215	-0.031136487075437536
1.7897371714643295	-0.017992852163009054	-0.03439858131795079
1.8147684605757206	-0.025914855676898663	-0.03833780027567277
1.83979974968711	-0.03452955651760048	-0.04315387431434964
1.8648310387984974	-0.0439002761607985	-0.04912311174434983
1.8898623279098885	-0.05405781690313116	-0.05663073446169925
1.914893617021276	-0.06494977372531396	-0.06621285796496784
1.939924906132667	-0.07633754813865101	-0.07859862178192534
1.9649561952440546	-0.08760393403669164	-0.09471230221252852
1.989987484355444	-0.09745320028616256	-0.11552556873900491
2.015018773466835	-0.10361847012125969	-0.14157473148442803
2.0400500625782225	-0.1029509971895588	-0.172076601288046
2.065081351689613	-0.09230933486987025	-0.20398484002677783
2.090112640801001	-0.0704692487797578	-0.23162128186317102
2.1151439299123904	-0.0409072492196727	-0.2483977805212466
2.1401752190237784	-0.011869621004086284	-0.25216615089996963
2.165206508135169	0.010454845589686457	-0.2478178696893201
2.1902377972465596	0.02627476491633729	-0.24064325842817472
2.2152690863579476	0.03683836020653608	-0.23184170953062214
2.240300375469337	0.04092932698480878	-0.22263339908189253
2.265331664580725	0.03821220383496238	-0.21669766231300722
2.2903629536921155	0.03121477108889037	-0.21768179692600884
2.315394242803503	0.024337522920841792	-0.2273136112497712
2.340425531914894	0.022529161007660115	-0.2446079431383867
2.3654568210262834	0.02945943268875295	-0.26582866693430107
2.3904881101376714	0.04607121694938199	-0.2859421790582136
2.415519399249062	0.07073387098790995	-0.30032711919146904
2.4405506883604495	0.09960194939843614	-0.3055432858974827
2.4655819774718406	0.12694517153265972	-0.30118019139755114
2.490613266583228	0.1486846082852602	-0.2911354952489462
2.515644555694618	0.16539424240915812	-0.2798498967686611
2.5406758448060085	0.17962264199644373	-0.2683319789634123
2.565707133917396	0.19183191025468904	-0.2553549159857028
2.590738423028787	0.2004191917692757	-0.24102686053672764
2.6157697121401746	0.20457110458399663	-0.22766448869770559
2.6408010012515644	0.2059874041916543	-0.217725961190971
2.665832290362953	0.20777415100085772	-0.21143442641668972
2.6908635794743425	0.21201297614844483	-0.2066656050530911
2.7158948685857336	0.21843012622107016	-0.20064321690051215
2.740926157697121	0.22479604306626788	-0.19199815646320753
2.765957446808511	0.22892089645623948	-0.18168459331784212
2.7909887359198997	0.23035644900523788	-0.17172141708901098
2.816020025031289	0.23011372220738968	-0.16349110492201976
2.841051314142678	0.229609401691504	-0.15729182711887937
2.8660826032540676	0.23002265639585406	-0.15248924868568217
2.8911138923654573	0.2317059543266855	-0.14785073907721732
2.916145181476846	0.2339747700856072	-0.14245619138818863
2.9411764705882355	0.23590978903017135	-0.1363816040840604
2.9662077596996244	0.2372549855995647	-0.1302471445898614
2.991239048811014	0.23831957171995022	-0.12436827304915407
3.0162703379224016	0.2392955247605375	-0.11866703698263523
3.0413016270337927	0.2402086362867064	-0.11326241437548895
3.066332916145182	0.24162057030737394	-0.1083233892177475
3.091364205256571	0.24431107362875482	-0.10304154214570058
3.1163954943679606	0.24784499740769927	-0.09590484038897812
3.141426783479348	0.2505288204601981	-0.08636727825269289
3.166458072590739	0.25092284270797816	-0.07534267897094082
3.1914893617021267	0.24865139341032272	-0.06425783350008729
3.2165206508135173	0.2441791598706602	-0.05426310780612273
3.241551939924907	0.2383563233962831	-0.045928131947561596
3.2665832290362946	0.2319801707227227	-0.03927745626871956
3.2916145181476857	0.2255751770053651	-0.03405110945517689
3.316645807259073	0.21941068732405178	-0.029932839350944818
3.341677096370464	0.21359586828523813	-0.026650630459401553
3.366708385481852	0.20815676098393165	-0.023996874170274907
3.391739674593241	0.20308114385926768	-0.021819725273243842
3.416770963704632	0.19834137572621513	-0.020009210575003808
3.4418022528160197	0.19390524670057196	-0.018485296304482632
3.4668335419274103	0.18974083914795914	-0.017189080660389447
3.4918648310387983	0.18581851060548127	-0.016076622037884014
3.5168961201501876	0.18211153009240588	-0.015114680495309576
3.5419274092615756	0.17859610678232274	-0.014277778152579398
3.566958698372966	0.17525116414181863	-0.01354615452802875
3.591989987484357	0.1720580262969622	-0.012904329126383451
3.617021276595745	0.16900009379126368	-0.012340078973189325
3.642052565707134	0.1660625433588283	-0.011843701529477918
3.667083854818522	0.1632320660344262	-0.011407471536903427
3.6921151439299127	0.1604966430656094	-0.011025218785876034
3.7171464330413	0.157845327786295	-0.010691964321025926
3.7421777221526913	0.15526794349750794	-0.010403611662334014
3.7672090112640806	0.15275466047453046	-0.01015686746057086
3.7922403003754686	0.15029578839817104	-0.009949527921661261
3.817271589486859	0.14788206544597138	-0.009780618546529438
3.8423028785982467	0.14550482552070942	-0.009650017429421287
3.867334167709638	0.14315568883925067	-0.009558150591162315
3.8923654568210253	0.14082620413289781	-0.009506041255015127
3.917396745932415	0.13850764206839195	-0.009495484078739513
3.9424280350438057	0.13619085514334728	-0.009529219431665445
3.967459324155193	0.13386613174152506	-0.009611121599893371
3.9924906132665843	0.13152302262353466	-0.009746438958724124
4.017521902377972	0.12915013570537148	-0.009942120505068236
4.042553191489361	0.12673489786468028	-0.010207266024661349
4.06758448060075	0.12426328372511897	-0.010553749607692176
4.09261576971214	0.12171951569055484	-0.010997088403954608
4.117647058823531	0.1190857505514904	-0.011557663316609526
4.142678347934918	0.11634179215667206	-0.012262451873190486
4.167709637046308	0.11346491999514186	-0.013147515680781763
4.192740926157697	0.11043002698778359	-0.014261610112007508
4.217772215269086	0.10721047214201107	-0.015671470137998564
4.2428035043804755	0.10378049119246402	-0.017469585487353487
4.267834793491865	0.10012091171673099	-0.01978557654598631
4.292866082603254	0.09623177200842825	-0.02280239996241705
4.317897371714643	0.09215912460847342	-0.026777701267190285
4.342928660826033	0.08804994836347557	-0.03206594464796683
4.367959949937422	0.08425783941286547	-0.039120908718566716
4.392991239048811	0.08151922783608434	-0.048415475335485986
4.418022528160199	0.08114805102202016	-0.06014252690109009
4.44305381727159	0.08495473142556076	-0.07358151508883778
4.468085106382979	0.09437887570209114	-0.08650695770089109
4.4931163954943685	0.10908566519075258	-0.09570742923819298
4.518147684605758	0.1265679487523652	-0.09874447013157014
4.543178973717145	0.14344884059445118	-0.09532276746264198
4.568210262828536	0.15722821004698329	-0.0869870491568617
4.593241551939924	0.16683796428655562	-0.0758178782451546
4.618272841051315	0.17217426124610125	-0.06367279327358208
4.643304130162704	0.17373920353186278	-0.052084592586246786
4.668335419274092	0.1725294238930246	-0.042106655555280315
4.693366708385483	0.16970155920362906	-0.034114836287317374
4.71839799749687	0.16616798663142163	-0.027953473459337103
4.7434292866082615	0.16247583897835316	-0.02325769056291012
4.768460575719649	0.15889584625080921	-0.019663947500645443
4.793491864831038	0.1555397076758771	-0.016881370927321837
4.818523153942429	0.15243955008403898	-0.014695462531985073
4.843554443053817	0.14959123495160132	-0.012952365851337189
4.868585732165208	0.14697582992110547	-0.01154215441750428
4.8936170212765955	0.14456973837104936	-0.010385760493664534
4.918648310387985	0.14234926071462084	-0.009425660347231371
4.943679599499372	0.1402924835334316	-0.008619444872065188
4.968710888610763	0.1383799122061724	-0.007935416226422659
4.9937421777221545	0.13659453301314617	-0.007349561724514148
5.018773466833542	0.13492163451426453	-0.006843455610240426
5.043804755944931	0.13334854453971268	-0.006402787401102464
5.068836045056319	0.13186435469869728	-0.006016316702671762
5.09386733416771	0.13045966333337855	-0.005675121411577527
5.118898623279097	0.1291263481786018	-0.005372050165357897
5.1439299123904885	0.12785737081160242	-0.005101318733818028
5.168961201501878	0.12664661095565766	-0.004858209092641577
5.193992490613265	0.12548872718970383	-0.004638842617283423
5.219023779724656	0.12437904029059954	-0.004440007390853998
5.244055068836044	0.1233134356380372	-0.004259025450210813
5.269086357947435	0.12228828152004922	-0.004093649813499758
5.2941176470588225	0.12130036063397043	-0.003941983934336993
5.319148936170212	0.12034681251405743	-0.0038024182029833264
5.344180225281603	0.11942508500384452	-0.003673579522603068
5.36921151439299	0.11853289322308314	-0.003554291002796417
5.3942428035043815	0.11766818475714391	-0.003443539551533939
5.419274092615769	0.11682911002925689	-0.0033404496912909226
5.444305381727158	0.11601399701125725	-0.00324426233218901
5.469336670838548	0.11522132959765496	-0.003154317544850821
5.494367959949937	0.11444972912834839	-0.0030700406159433064
5.519399249061328	0.11369793872262424	-0.0029909308520664896
5.5444305381727155	0.11296481032395089	-0.002916552709923012
5.569461827284105	0.11224929472500822	-0.002846528788225916
5.594493116395494	0.11155043540600662	-0.002780533731757434
5.619524405506883	0.11086736751992188	-0.0027182863943632507
5.644555694618273	0.11019932183641057	-0.0026595333202165256
5.669586983729662	0.10954562277430924	-0.0026040110861632465
5.694618272841051	0.10890564125054514	-0.002551388936935489
5.719649561952441	0.10827866480056425	-0.002501271570153507
5.74468085106383	0.10766381572933437	-0.0024533775318222872
5.769712140175219	0.10706023248777097	-0.0024077056681835324
5.7947434292866085	0.10646727934460198	-0.002364401283727613
5.819774718397996	0.10588449057196758	-0.002323562036664728
5.844806007509387	0.10531143395983733	-0.0022852235171838403
5.869837296620776	0.10474765899224714	-0.002249426197187515
5.894868585732166	0.10419270089774546	-0.0022162669849970923
5.919899874843555	0.10364609399961022	-0.0021859330643537317
5.9449311639549425	0.1031073861178946	-0.002158738435022775
5.9699624530663336	0.10257616308774864	-0.002135175446457513
5.994993742177721	0.10205209928879366	-0.0021159898118267295
6.020025031289112	0.10153506424775305	-0.002102286385700522
6.0450563204005014	0.10102534561227206	-0.002095662412789523
6.07008760951189	0.10052410357387487	-0.0020983189698177696
6.09511889862328	0.10003424153576201	-0.002112948373882456
6.120150187734667	0.09956182599550445	-0.0021417814239414606
6.145181476846059	0.09911740155568971	-0.0021834376121292742
6.170212765957445	0.09871371966087228	-0.002226533955330498
6.195244055068836	0.09835362324587393	-0.0022456951863803337
6.2202753441802265	0.09801470054972317	-0.002216236304781391
6.245306633291613	0.09766089400358346	-0.002141159575126117
6.270337922403005	0.09727469279554857	-0.002047367378414544
6.295369211514392	0.09686214131503856	-0.001957957826898546
6.320400500625783	0.09643619102673551	-0.0018818832049546236
6.3454317897371695	0.09600662952250527	-0.0018194068952092773
6.37046307884856	0.09557891631108006	-0.001767991229942839
6.395494367959952	0.09515565712394558	-0.0017249199101488227
6.420525657071338	0.09473793170514444	-0.0016880206579165113
6.445556946182729	0.09432607402959725	-0.0016557076542535187
6.470588235294116	0.09392007331881747	-0.0016268568866607824
6.495619524405506	0.09351976945835538	-0.0016006751740904601
6.520650813516895	0.09312494564810425	-0.0015765990338016955
6.545682102628285	0.09273537115658392	-0.0015542235854024838
6.570713391739676	0.09235082010568885	-0.0015332542087176382
6.5957446808510625	0.09197107882543332	-0.0015134739867547348
6.620775969962453	0.09159594783220548	-0.001494721774115762
6.645807259073841	0.09122524135340271	-0.0014768773804721275
6.670838548185231	0.0908587858012897	-0.0014598515616070923
6.695869837296622	0.09049641785677398	-0.0014435793271534436
6.720901126408009	0.0901379824599351	-0.0014280156184773574
6.745932415519399	0.08978333082728707	-0.0014131327781526926
6.770963704630788	0.08943231853451472	-0.0013989194940056682
6.795994993742178	0.08908480367489258	-0.0013853811056320914
6.821026282853566	0.08874064511240931	-0.0013725413481514848
6.8460575719649555	0.08839970089856397	-0.0013604458115548806
6.871088861076346	0.0880618270359319	-0.001349167652606606
6.896120150187734	0.08772687700966397	-0.0013388164580138556
6.921151439299124	0.08739470299184049	-0.0013295516852774442
6.946182728410513	0.08706516061468239	-0.001321602871882016
6.971214017521902	0.0867381212483398	-0.0013152998329849924
6.996245306633291	0.08641349994514247	-0.0013111171468750682
7.0212765957446805	0.08609131592208463	-0.0013097372008496894
7.046307884856071	0.08577181990076621	-0.001312130621067789
7.071339173967459	0.08545575451729537	-0.0013196280147378253
7.0963704630788484	0.08514485681136552	-0.0013338724698596094
7.121401752190238	0.08484269446872528	-0.001356308806825926
7.146433041301627	0.08455551397803518	-0.0013864240904479935
7.171464330413016	0.0842911871848191	-0.0014180040980731334
7.196495619524406	0.08405242773760246	-0.0014362666001081908
7.221526908635795	0.08382704655443529	-0.0014255593327675842
7.246558197747184	0.08359316248175741	-0.0013860463542246793
7.2715894868585735	0.08333886336581742	-0.0013334954026012896
7.296620775969963	0.08306704621718453	-0.0012825522125169825
7.321652065081352	0.08278560017213543	-0.0012392861016486956
7.3466833541927405	0.08250073771927724	-0.001204138560804896
7.371714643304131	0.08221600320777611	-0.0011756384052632879
7.39674593241552	0.08193312992046398	-0.0011521316738350718
7.421777221526909	0.08165287122614462	-0.0011322794402911784
7.446808510638299	0.08137549810959399	-0.0011151013106161095
7.471839799749687	0.08110105672954226	-0.001099902845326392
7.496871088861077	0.08082949439833609	-0.001086195138456994
7.521902377972466	0.08056071953065302	-0.0010736318782214732
7.546933667083856	0.0802946294908029	-0.0010619648653943103
7.571964956195245	0.08003112301535964	-0.001051013676571802
7.5969962453066335	0.07977010528292183	-0.0010406451675755712
7.622027534418024	0.0795114895308	-0.0010307595886822202
7.647058823529412	0.07925519710459827	-0.0010212810990046367
7.672090112640802	0.07900115685066833	-0.0010121512130777666
7.697121401752189	0.07874930428503646	-0.0010033242167554052
7.72215269086358	0.07849958073927255	-0.0009947639196701968
7.74718397997497	0.07825193257044116	-0.000986441325291812
7.772215269086359	0.07800631046734452	-0.0009783329371412103
7.797246558197749	0.07776266885941219	-0.0009704195062924942
7.8222778473091354	0.07752096541595144	-0.0009626850776988521
7.8473091364205265	0.07728116059099399	-0.0009551162343567066
7.872340425531913	0.07704321713777507	-0.0009477015277791767
7.897371714643305	0.07680709963292465	-0.0009404312155929379
7.922403003754695	0.0765727743043998	-0.0009332972397411154
7.947434292866082	0.07634020913145001	-0.0009262929866324376
7.972465581977473	0.07610937371940096	-0.0009194128389380662
7.99749687108886	0.07588023896460516	-0.0009126519363161084
8.022528160200253	0.07565277679600779	-0.0009060061414170317
8.047559449311638	0.07542696001934868	-0.0008994720528503058
8.072590738423028	0.07520276219969713	-0.0008930470285514469
8.09762202753442	0.07498015755489629	-0.0008867292349889755
8.122653316645806	0.07475912085340486	-0.0008805177417998966
8.147684605757199	0.0745396273193828	-0.0008744126836126992
8.172715894868585	0.07432165255378553	-0.0008684155180929409
8.197747183979974	0.07410517249154314	-0.0008625294231168756
8.222778473091363	0.07389016343609622	-0.000856759898611642
8.247809762202753	0.07367660225750416	-0.0008511156723925856
8.272841051314145	0.0734644669327702	-0.000845610055215204
8.297872340425531	0.07325373779876632	-0.0008402629378936183
8.32290362953692	0.07304440028334636	-0.000835103619333144
8.34793491864831	0.07283645067110367	-0.0008301744002399969
8.3729662077597	0.07262990789964174	-0.0008255337303203769
8.397997496871088	0.07242483628584839	-0.0008212538243915352
8.423028785982478	0.07222138313053517	-0.0008173970266170116
8.448060075093867	0.0720198158947527	-0.0008139354048891378
8.473091364205256	0.07182047105039135	-0.0008105820527901375
8.498122653316646	0.07162344413940591	-0.0008066689392532966
8.523153942428035	0.07142816061806467	-0.0008015061317953598
8.548185231539424	0.07123363254393933	-0.0007951223484034681
8.573216520650814	0.07103933420765518	-0.0007882275402057853
8.598247809762203	0.07084539361872455	-0.0007814654071096744
8.623279098873592	0.07065215056533436	-0.0007750970433899468
8.648310387984981	0.07045986686714567	-0.0007691375201743234
8.67334167709637	0.07026868613342874	-0.000763519601506224
8.69837296620776	0.07007867250700972	-0.0007581689490064464
8.72340425531915	0.06988984736584936	-0.0007530254887113813
8.748435544430539	0.06970221116606634	-0.0007480451018429535
8.773466833541928	0.06951575472340021	-0.0007431963456718815
8.798498122653317	0.06933046472412752	-0.0007384568805838404
8.823529411764707	0.06914632634366935	-0.0007338106850187653
8.848560700876096	0.06896332445999942	-0.0007292460895868685
8.873591989987485	0.06878144419204002	-0.0007247544364052533
8.898623279098874	0.06860067111613777	-0.0007203291725480093
8.92365456821026	0.06842099133064661	-0.0007159652350113288
8.948685857321653	0.06824239145040334	-0.0007116586313154066
8.973717146433042	0.06806485857393785	-0.0007074061533313275
8.998748435544432	0.06788838024683042	-0.0007032051779890247
9.023779724655821	0.06771294442562148	-0.0006990535208206833
9.048811013767207	0.06753853943960753	-0.0006949493277866592
9.0738423028786	0.0673651539549569	-0.0006908909984999212
9.098873591989985	0.06719277694595593	-0.0006868771302641768
9.123904881101378	0.0670213976717422	-0.0006829064724964279
9.148936170212767	0.06685100565181923	-0.0006789778847336725
9.173967459324153	0.0666815906277689	-0.0006750903038557216
9.198998748435546	0.06651314251767904	-0.0006712427476264632
9.224030037546932	0.06634565141629789	-0.0006674343502582752
9.249061326658325	0.06617910764185009	-0.000663664351827839
9.27409261576971	0.06601350174052545	-0.0006599320390883179
9.2991239048811	0.06584882444686091	-0.000656236715883371
9.324155193992492	0.06568506665582152	-0.000652577707921348
9.349186483103878	0.06552221941449954	-0.0006489543694147282
9.374217772215271	0.06536027391887611	-0.0006453660824891211
9.399249061326657	0.06519922150923119	-0.0006418122545596844
9.424280350438046	0.06503905366536156	-0.0006382923161773607
9.449311639549435	0.06487976200237622	-0.0006348057190985329
9.474342928660825	0.06472133826672621	-0.0006313519344551127
9.499374217772218	0.06456377433237126	-0.0006279304510393574
9.524405506883603	0.06440706219723591	-0.000624540773748905
9.549436795994993	0.06425119397958934	-0.0006211824222808887
9.574468085106382	0.06409616191473777	-0.0006178549300467073
9.599499374217771	0.06394195835201533	-0.0006145578432456972
9.62453066332916	0.06378857575167185	-0.0006112907200602341
9.64956195244055	0.06363600668223146	-0.0006080531299431924
9.67459324155194	0.0634842438178671	-0.0006048446529823143
9.699624530663328	0.06333327993579996	-0.0006016648793452511
9.724655819774718	0.06318310791403992	-0.000598513408768514
9.749687108886107	0.06303372072899815	-0.00059538985011022
9.774718397997496	0.06288511145344611	-0.0005922938209344253
9.799749687108886	0.0627372732542506	-0.0005892249471448341
9.824780976220275	0.06259019939054777	-0.0005861828626373133
9.849812265331664	0.06244388321166294	-0.0005831672089880446
9.874843554443054	0.06229831815544973	-0.000580177635160814
9.899874843554443	0.06215349774629342	-0.0005772137972415436
9.924906132665832	0.062009415593496264	-0.000574275358188589
9.949937421777221	0.06186606538960948	-0.0005713619875983844
9.97496871088861	0.061723440908786564	-0.0005684733614907955
10.0	0.06158153600523786	-0.0005656091621033393
