-10.0	-0.05916099530509378	-0.0005576766660627397
-9.97496871088861	-0.05929931467334626	-0.0005581576846869218
-9.949937421777221	-0.05943808716055088	-0.0005594441641608716
-9.924906132665832	-0.05957741321140553	-0.00056142477868458
-9.899874843554443	-0.0597173932252808	-0.0005640324756506498
-9.874843554443054	-0.059858127578451104	-0.0005672357917317628
-9.849812265331664	-0.05999971786651237	-0.0005710343744260299
-9.824780976220275	-0.06014226869227457	-0.000575457917236219
-9.799749687108886	-0.06028588960086445	-0.0005805682754470992
-9.774718397997496	-0.060430696798846384	-0.0005864650432873819
-9.749687108886107	-0.06057681410598903	-0.0005932954377505101
-9.724655819774718	-0.06072437207638792	-0.0006012700522340098
-9.699624530663328	-0.06087350311344153	-0.000610687021451714
-9.67459324155194	-0.061024328081369816	-0.0006219684407704207
-9.64956195244055	-0.06117692509110917	-0.0006357143162924184
-9.62453066332916	-0.06133126116917431	-0.0006527796954136772
-9.599499374217771	-0.06148704742743405	-0.000674375354094231
-9.574468085106382	-0.06164344093046381	-0.0007021663694632002
-9.549436795994993	-0.06179846242278764	-0.0007382519366351398
-9.524405506883603	-0.06194799650432259	-0.0007846502653401644
-9.499374217772216	-0.06208464298247307	-0.0008413798117318239
-9.474342928660825	-0.062198436373785526	-0.0009020507880257295
-9.449311639549435	-0.06228419931450446	-0.0009494847460031763
-9.424280350438046	-0.062354429031378444	-0.0009628893538796562
-9.399249061326657	-0.06243662233690195	-0.0009390769902158924
-9.37421777221527	-0.06254877509977774	-0.0008967615834281906
-9.349186483103878	-0.06268922866019189	-0.000856191302021414
-9.32415519399249	-0.06284800928109568	-0.0008270995861140024
-9.2991239048811	-0.0630163850595391	-0.0008113901660184997
-9.274092615769712	-0.06318876533753581	-0.0008079466377096112
-9.249061326658325	-0.06336194682336149	-0.0008148848322860197
-9.224030037546934	-0.06353467681728553	-0.0008305688401443884
-9.198998748435546	-0.06370696462146697	-0.0008551480329971745
-9.173967459324155	-0.06387749267430998	-0.0008914558550269513
-9.148936170212767	-0.06404064678475407	-0.0009430751542766486
-9.123904881101378	-0.06418531864646049	-0.0010101462589579002
-9.098873591989987	-0.06429704302835759	-0.0010829364853176399
-9.0738423028786	-0.06436911430651371	-0.0011364662280867327
-9.048811013767208	-0.06442016447010701	-0.0011419924421693095
-9.023779724655821	-0.06448832252459802	-0.0010964891550545863
-8.998748435544432	-0.0645969269722535	-0.0010261702040006981
-8.973717146433042	-0.06474261671579917	-0.0009577307126003853
-8.948685857321653	-0.06491171836668386	-0.0009030522040189004
-8.923654568210262	-0.06509294713799463	-0.0008635495410619087
-8.898623279098874	-0.0652797072794229	-0.0008369137351426914
-8.873591989987485	-0.06546864727746637	-0.0008203851263922646
-8.848560700876096	-0.06565813960287414	-0.0008116658998451876
-8.823529411764707	-0.06584743676321736	-0.0008088958369896343
-8.798498122653317	-0.06603649003079681	-0.0008104595696069722
-8.773466833541928	-0.06622612450096099	-0.0008152289678988733
-8.748435544430539	-0.06641767005777766	-0.000823257818894807
-8.72340425531915	-0.06661195086736349	-0.0008357693033210489
-8.69837296620776	-0.06680893897864948	-0.0008544034687811702
-8.67334167709637	-0.06700805279629307	-0.0008809230922664779
-8.648310387984981	-0.06720822310036567	-0.0009174241112286236
-8.623279098873592	-0.0674075605248472	-0.0009666244904431021
-8.598247809762203	-0.06760246417234939	-0.0010321819880826782
-8.573216520650814	-0.06778539610089318	-0.0011183373968206983
-8.548185231539424	-0.0679416834371196	-0.0012263228094894635
-8.523153942428035	-0.06804988735944129	-0.0013450193493116241
-8.498122653316646	-0.068095571294986	-0.0014402516273731292
-8.473091364205256	-0.06809942863137586	-0.0014655049293155614
-8.448060075093867	-0.06811880888951904	-0.0014064135235563047
-8.423028785982478	-0.06819749931145758	-0.0012984826123923071
-8.397997496871088	-0.06833636148999034	-0.0011862972418516804
-8.3729662077597	-0.06851480072930016	-0.0010925782896161612
-8.34793491864831	-0.06871376105566895	-0.0010215141774485847
-8.32290362953692	-0.06892155175102488	-0.0009698520925626453
-8.297872340425531	-0.06913206130107596	-0.0009329305995550985
-8.272841051314144	-0.06934235700335556	-0.0009065454735408401
-8.247809762202753	-0.06955137119537014	-0.0008872291720450759
-8.222778473091363	-0.06975931706459093	-0.0008724664680417188
-8.197747183979974	-0.06996691623050566	-0.0008609651006329516
-8.172715894868585	-0.07017458768146234	-0.0008522571558498698
-8.147684605757197	-0.07038236996094493	-0.0008460251377904598
-8.122653316645806	-0.07059021797770271	-0.0008418791363775657
-8.097622027534417	-0.07079814953433683	-0.0008394212166343423
-8.072590738423028	-0.07100624602189676	-0.0008383105049360462
-8.047559449311638	-0.07121462042482296	-0.00083827832223142
-8.02252816020025	-0.07142339389366015	-0.0008391193497554739
-7.9974968710888605	-0.07163268385191568	-0.0008406776975877078
-7.972465581977473	-0.07184259917826097	-0.0008428345399412729
-7.947434292866082	-0.07205323895264293	-0.0008454985923197211
-7.922403003754694	-0.07226469282884906	-0.0008485991459740438
-7.897371714643305	-0.07247704203669603	-0.0008520810699089443
-7.872340425531914	-0.07269036054861111	-0.0008559012277102596
-7.8473091364205265	-0.07290471622181371	-0.0008600259003202354
-7.8222778473091354	-0.07312017184575748	-0.0008644289367779612
-7.797246558197748	-0.07333678607429661	-0.0008690904459212334
-7.772215269086359	-0.07355461424542842	-0.0008739959035775069
-7.7471839799749675	-0.07377370910785697	-0.0008791355950507063
-7.72215269086358	-0.07399412149434959	-0.000884504369075112
-7.697121401752189	-0.07421590095556407	-0.0008901017792525973
-7.672090112640801	-0.07443909621913303	-0.000895932711756961
-7.647058823529412	-0.07466375536098546	-0.0009020084287022362
-7.622027534418023	-0.07488992582089438	-0.0009083482208252225
-7.596996245306634	-0.0751176538278786	-0.0009149823469701973
-7.571964956195245	-0.0753469821281243	-0.0009219564203088448
-7.546933667083856	-0.07557794501918558	-0.0009293373165749075
-7.5219023779724665	-0.07581055819982829	-0.0009372212834414528
-7.496871088861077	-0.07604479742960901	-0.0009457432455909492
-7.471839799749688	-0.0762805555656847	-0.0009550800693946815
-7.446808510638299	-0.07651756474361893	-0.0009654230759095772
-7.421777221526909	-0.07675528993026859	-0.0009768543749388708
-7.39674593241552	-0.07699291138778364	-0.000989020539097274
-7.371714643304131	-0.07722976758004041	-0.0010006741789608947
-7.346683354192741	-0.07746647360167813	-0.0010098948437341354
-7.321652065081352	-0.077705307857034	-0.0010157920177120139
-7.296620775969963	-0.07794835073021922	-0.0010196185639270577
-7.2715894868585735	-0.07819592758050131	-0.001023326829145535
-7.246558197747184	-0.07844728007461832	-0.001028070570235698
-7.221526908635795	-0.0787016012605175	-0.0010341927473305756
-7.196495619524406	-0.07895834866245455	-0.0010416982531182561
-7.171464330413016	-0.07921715533824969	-0.001050537295051432
-7.146433041301627	-0.07947766200570516	-0.0010606648255709894
-7.121401752190238	-0.07973938912164868	-0.0010719209268495178
-7.0963704630788484	-0.08000180511172861	-0.001083747029779536
-7.071339173967459	-0.08026484765099084	-0.001095020640278499
-7.04630788485607	-0.08052956356035423	-0.0011047268333899823
-7.0212765957446805	-0.08079753639583842	-0.0011131261008392457
-6.996245306633291	-0.08106946384744695	-0.001121534980392691
-6.971214017521902	-0.08134494910765167	-0.0011311096596790943
-6.946182728410513	-0.0816231848839335	-0.0011423998451442763
-6.921151439299123	-0.0819033013676842	-0.0011555441205947925
-6.896120150187734	-0.08218427403306361	-0.0011703363897938024
-6.871088861076345	-0.08246493117848885	-0.001185791081211321
-6.8460575719649555	-0.08274488264367363	-0.0011996809436290168
-6.821026282853566	-0.08302596760587821	-0.0012096688318607024
-6.795994993742177	-0.08331145161614906	-0.001215786205935404
-6.770963704630788	-0.08360310443917118	-0.0012203601554474086
-6.745932415519399	-0.08390051931918485	-0.0012255279521311835
-6.720901126408009	-0.08420257413981158	-0.0012321573516696355
-6.69586983729662	-0.08450840773305579	-0.0012402890295586805
-6.670838548185231	-0.08481756721201084	-0.001249683919410119
-6.645807259073841	-0.0851298840514092	-0.0012600887892639384
-6.620775969962453	-0.08544533668350152	-0.0012713193122792232
-6.595744680851063	-0.0857639619055135	-0.0012832544894405967
-6.570713391739676	-0.08608582195873726	-0.0012958105621493216
-6.545682102628285	-0.08641099743476577	-0.0013089278167225105
-6.520650813516897	-0.08673958321111641	-0.0013225678716711209
-6.495619524405506	-0.08707168170029078	-0.0013367122409753823
-6.470588235294117	-0.08740739754542393	-0.001351357198929093
-6.445556946182729	-0.08774683745951162	-0.001366508891386009
-6.420525657071338	-0.08809011184653848	-0.0013821820409916086
-6.395494367959951	-0.08843733556030031	-0.0013984007514899616
-6.37046307884856	-0.08878862790271391	-0.0014152001745984105
-6.34543178973717	-0.08914411208565642	-0.0014326291613832726
-6.320400500625783	-0.08950391370716382	-0.0014507544612702983
-6.295369211514392	-0.08986815702288098	-0.0014696671277500822
-6.270337922403004	-0.0902369564992167	-0.0014894916901102978
-6.245306633291613	-0.09061039862005504	-0.0015103976872820335
-6.2202753441802265	-0.09098850449341533	-0.0015326090923792612
-6.195244055068836	-0.09137115879967528	-0.0015563938632421892
-6.170212765957448	-0.09175799834117093	-0.001581981265583593
-6.145181476846059	-0.09214832809497775	-0.0016093005291144685
-6.120150187734667	-0.09254136594395046	-0.00163750052076915
-6.09511889862328	-0.0929372315923711	-0.0016648113602029668
-6.070087609511891	-0.09333784730602712	-0.0016899120325718914
-6.0450563204005014	-0.09374555258595674	-0.0017137060539378496
-6.020025031289112	-0.09416074733561786	-0.0017384001188441023
-5.994993742177721	-0.09458191574078079	-0.0017651388224271258
-5.9699624530663336	-0.09500738530079378	-0.0017929399360037818
-5.9449311639549425	-0.09543732942698391	-0.0018193624337369124
-5.919899874843555	-0.09587439412092102	-0.0018430059972644741
-5.894868585732166	-0.0963213052314229	-0.0018652169439393462
-5.869837296620776	-0.09677867085353142	-0.0018883855940660388
-5.844806007509387	-0.09724569222637669	-0.0019139362442322921
-5.819774718397998	-0.0977215140416865	-0.0019421939144582817
-5.7947434292866085	-0.09820574360333989	-0.0019729510617251117
-5.769712140175219	-0.09869848081649835	-0.002005930693326566
-5.74468085106383	-0.09920011433795395	-0.002041085953748356
-5.719649561952441	-0.09971103138228976	-0.002078621219807064
-5.694618272841051	-0.10023151527054885	-0.002118842399134485
-5.669586983729662	-0.10076177726892155	-0.0021621047905558827
-5.644555694618273	-0.1013019235916861	-0.002208851692010197
-5.619524405506883	-0.1018518024191799	-0.0022596163500052113
-5.594493116395494	-0.1024107450992382	-0.0023148498636415688
-5.569461827284105	-0.10297735171196276	-0.002374339925339558
-5.5444305381727155	-0.10354997570227642	-0.0024360833739208027
-5.519399249061326	-0.10412895190238292	-0.002495747060814582
-5.494367959949937	-0.1047190657267505	-0.002549516072254121
-5.469336670838549	-0.10532706167273975	-0.002598574569582443
-5.444305381727158	-0.10595622903961033	-0.002647888552659891
-5.419274092615769	-0.10660602919157913	-0.002701481656868343
-5.3942428035043815	-0.10727500740981899	-0.0027609610629606846
-5.36921151439299	-0.1079624187867072	-0.0028265312377614843
-5.344180225281603	-0.10866840514863885	-0.002898032747520471
-5.319148936170212	-0.10939367002960321	-0.0029754459483804646
-5.2941176470588225	-0.11013914613670561	-0.0030589558225252306
-5.269086357947435	-0.11090587270918029	-0.0031488334596222745
-5.244055068836044	-0.11169503448919116	-0.0032453410350072737
-5.219023779724656	-0.11250809477302237	-0.003348729890947838
-5.193992490613266	-0.11334689823103261	-0.00345942779656698
-5.168961201501876	-0.1142134924150513	-0.003578256921873371
-5.1439299123904885	-0.11510985271602614	-0.0037063164100706314
-5.1188986232791	-0.1160379026555729	-0.0038447003679976527
-5.09386733416771	-0.116999744901503	-0.003994354757589899
-5.06883604505632	-0.11799798865608402	-0.004156120135687211
-5.043804755944931	-0.11903601006341713	-0.004331110125690457
-5.018773466833542	-0.12011770121199294	-0.004521183666120421
-4.993742177722154	-0.12124700316053438	-0.004728834916556762
-4.968710888610763	-0.12242796426244684	-0.004956806425054805
-4.943679599499373	-0.12366508941552912	-0.005208050360975575
-4.918648310387985	-0.12496356304391831	-0.00548592807055652
-4.893617021276597	-0.1263293567703796	-0.005794422805854585
-4.868585732165207	-0.127769323438657	-0.006138335277145232
-4.843554443053817	-0.12929131782343628	-0.006523497907226838
-4.818523153942427	-0.1309043514742969	-0.006957039853612748
-4.793491864831038	-0.13261878529219562	-0.007447727172021301
-4.768460575719651	-0.13444657523181558	-0.008006406570358782
-4.7434292866082615	-0.13640160304369253	-0.008646618767589237
-4.71839799749687	-0.1385000782527115	-0.00938552536811646
-4.69336670838548	-0.14076086245539798	-0.010245257850975395
-4.668335419274092	-0.14320565808182995	-0.01125463979519746
-4.643304130162704	-0.14585921732162355	-0.012451479544332178
-4.618272841051315	-0.14874943269798102	-0.013885988497131865
-4.593241551939924	-0.15190680669964252	-0.015625875048893276
-4.568210262828536	-0.15536252449958088	-0.01776380029959347
-4.543178973717147	-0.15914361236729313	-0.0204282244677962
-4.518147684605758	-0.16326199784284068	-0.023798861104120148
-4.4931163954943685	-0.16769096566531694	-0.028127257984010112
-4.468085106382977	-0.17231641949942222	-0.033759086597709806
-4.44305381727159	-0.1768418601088797	-0.04114080086356817
-4.418022528160201	-0.1806262793557929	-0.050754922883655046
-4.392991239048811	-0.1824939526483078	-0.06285704112310939
-4.367959949937422	-0.18077885665334037	-0.07688292733829319
-4.342928660826031	-0.17414292398663989	-0.09082519566385483
-4.317897371714643	-0.1630966708905932	-0.10174937185349323
-4.292866082603254	-0.15034924874319877	-0.10793117122702581
-4.267834793491865	-0.13881151345017972	-0.11024389827786132
-4.2428035043804755	-0.129555791307574	-0.11115080761208153
-4.217772215269086	-0.12139925076742086	-0.11273530601756493
-4.192740926157699	-0.11210148535343123	-0.11509817724196961
-4.167709637046308	-0.10042131096925422	-0.1163962475654566
-4.142678347934918	-0.0871545022628184	-0.11454827694161684
-4.117647058823529	-0.07428796486887901	-0.10885014435358209
-4.09261576971214	-0.06345375989778024	-0.10003608554325816
-4.067584480600752	-0.055303728720767165	-0.08923194085508629
-4.042553191489361	-0.05006161362406214	-0.07724050692914408
-4.017521902377972	-0.04802236678105931	-0.0649239893969288
-3.9924906132665825	-0.04904093885677119	-0.05349795725558938
-3.967459324155193	-0.05224231609855323	-0.043881887379005086
-3.9424280350438052	-0.056576451065089906	-0.03628075984077772
-3.917396745932415	-0.06128938800580741	-0.030435397395149888
-3.8923654568210257	-0.0659705615742956	-0.02596301492191805
-3.867334167709638	-0.07043612812451094	-0.022520080256454578
-3.8423028785982494	-0.07462337577349398	-0.019841403545699535
-3.8172715894868587	-0.07852739778105011	-0.01773321084355378
-3.7922403003754686	-0.08216821394490115	-0.01605622604813882
-3.7672090112640793	-0.0855748623856849	-0.01471027315880527
-3.7421777221526913	-0.08877809493333944	-0.013622699798877355
-3.717146433041303	-0.0918072509409198	-0.012740225105160333
-3.6921151439299127	-0.09468910857015356	-0.012023322656233931
-3.6670838548185225	-0.09744764509633486	-0.011442361539660245
-3.6420525657071328	-0.10010419349439426	-0.010974939090176869
-3.617021276595745	-0.10267775445705096	-0.010604016399030067
-3.5919899874843564	-0.1051853600256516	-0.010316599113896388
-3.566958698372966	-0.10764244563412184	-0.010102809593017861
-3.541927409261576	-0.1100631797299485	-0.00995525056697455
-3.5168961201501876	-0.11246072828032316	-0.009868521090524135
-3.4918648310387996	-0.11484757600219275	-0.009838817838894301
-3.46683354192741	-0.11723591973901692	-0.009863789351708702
-3.4418022528160197	-0.11963784131610611	-0.009942625443449482
-3.4167709637046295	-0.12206527421137725	-0.010075985634237658
-3.391739674593241	-0.12453017629953589	-0.010265784308187309
-3.366708385481853	-0.12704489033979183	-0.010515176477156829
-3.341677096370464	-0.12962246580296188	-0.010828747095978905
-3.3166458072590737	-0.1322769262296437	-0.011212790017940275
-3.291614518147683	-0.13502354074176948	-0.011675666197737314
-3.2665832290362946	-0.13787912934293622	-0.012228285191338437
-3.2415519399249066	-0.140862409406604	-0.012884769438578206
-3.2165206508135173	-0.14399438049838897	-0.01366337900297461
-3.191489361702127	-0.14729873253137615	-0.014587807565120348
-3.166458072590739	-0.1508022370783313	-0.01568901406196639
-3.14142678347935	-0.15453502837489896	-0.0170078369638276
-3.11639549436796	-0.15853056979669722	-0.01859876235512467
-3.091364205256571	-0.16282487279584013	-0.020535395754139513
-3.0663329161451807	-0.16745406350844227	-0.022918417634651342
-3.0413016270337927	-0.1724484272063016	-0.02588700317856299
-3.0162703379224034	-0.1778191442425987	-0.02963450476468049
-2.991239048811014	-0.18353043688466864	-0.03442746156987808
-2.966207759699625	-0.18944487977247082	-0.0406205834537208
-2.941176470588234	-0.1952278847354929	-0.04864356749346996
-2.916145181476846	-0.20021491469582475	-0.05890729105151715
-2.891113892365457	-0.20329993763683873	-0.07155775413428009
-2.8660826032540676	-0.2030053772735081	-0.08601968102222443
-2.8410513141426783	-0.19811241125490797	-0.10045813166569836
-2.816020025031289	-0.1890451613054771	-0.11206545877984711
-2.790988735919901	-0.17847450219257377	-0.11904141960398099
-2.7659574468085104	-0.1694354392083115	-0.1221861837156892
-2.740926157697121	-0.1633109629397902	-0.12385096219234734
-2.715894868585732	-0.1597781448370399	-0.12641237937573507
-2.6908635794743425	-0.15719289464920694	-0.13156387700954048
-2.6658322903629545	-0.15306104365269624	-0.1395907754310921
-2.6408010012515644	-0.14518213601597862	-0.14890986225287287
-2.615769712140175	-0.13306753440557761	-0.15670649737762907
-2.5907384230287853	-0.11838858411667097	-0.16072942796569553
-2.565707133917396	-0.10351569327166743	-0.1607067638672365
-2.540675844806008	-0.08980498226493072	-0.1575705137949208
-2.515644555694618	-0.0778437027866743	-0.1521493221215334
-2.4906132665832286	-0.06808844003268799	-0.1453005415928396
-2.4655819774718406	-0.06057079375579111	-0.1381217641429883
-2.440550688360452	-0.05469915433460937	-0.1315845757148681
-2.4155193992490616	-0.049363249966504874	-0.1261833275493367
-2.3904881101376714	-0.04318916403336548	-0.12154297818252471
-2.365456821026282	-0.03529763174520273	-0.11610349466241135
-2.340425531914894	-0.026492858388431628	-0.10776994407720433
-2.3153942428035057	-0.019256685670146823	-0.095796133976603
-2.2903629536921155	-0.01579116899240507	-0.0816789906470051
-2.2653316645807253	-0.01644224276017736	-0.06781331420184641
-2.2403003754693356	-0.020098839111639233	-0.05582162387247849
-2.2152690863579476	-0.025370634419652482	-0.04618182923191996
-2.190237797246559	-0.03123398758617313	-0.03868370908080923
-2.165206508135169	-0.0371076424531922	-0.03289495762178363
-2.140175219023779	-0.04271807666968952	-0.028397916752987695
-2.1151439299123904	-0.047962668743452896	-0.02486091894720492
-2.0901126408010025	-0.052822429593737175	-0.02203893031553676
-2.0650813516896127	-0.057315383067741976	-0.01975511447403805
-2.0400500625782225	-0.06147367801750603	-0.01788205898278504
-2.0150187734668323	-0.06533293102047133	-0.01632719717524954
-1.989987484355444	-0.06892754870718876	-0.015022427002863062
-1.9649561952440555	-0.07228889491043478	-0.01391693334206602
-1.939924906132667	-0.07544477719314857	-0.012972254448761697
-1.914893617021277	-0.07841951911448786	-0.012158874177775128
-1.8898623279098858	-0.08123426851564242	-0.011453844374688216
-1.8648310387984974	-0.08390737789847114	-0.01083910544643292
-1.839799749687109	-0.08645478292241071	-0.010300284370724541
-1.8147684605757206	-0.08889034843443189	-0.009825822952454238
-1.7897371714643304	-0.0912261720759322	-0.009406337383453214
-1.764705882352942	-0.09347284497490138	-0.009034141883892566
-1.7396745932415527	-0.09563967303583398	-0.008702890212537812
-1.7146433041301625	-0.09773486371038609	-0.008407302885571469
-1.6896120150187741	-0.09976568327544877	-0.008142957448803473
-1.664580725907384	-0.10173858925934143	-0.007906125652967957
-1.6395494367959955	-0.10365934208178018	-0.007693645886114764
-1.6145181476846062	-0.10553309937038113	-0.00750282237244243
-1.589486858573217	-0.10736449585623231	-0.007331344882294519
-1.5644555694618276	-0.10915771125984142	-0.007177224298914847
-1.5394242803504374	-0.11091652816119546	-0.007038740545960015
-1.514392991239049	-0.11264438149908518	-0.006914400226413472
-1.4893617021276597	-0.11434440105694788	-0.006802901948125259
-1.4643304130162704	-0.11601944805586695	-0.006703107776185976
-1.4392991239048811	-0.11767214678188287	-0.006614019601474133
-1.4142678347934918	-0.11930491201616578	-0.006534759478965424
-1.3892365456821025	-0.12091997290716727	-0.006464553191043776
-1.3642052565707132	-0.12251939381760857	-0.006402716445984516
-1.339173967459324	-0.12410509259215652	-0.006348643241771215
-1.3141426783479346	-0.12567885661993028	-0.006301796018877037
-1.2891113892365453	-0.12724235700722608	-0.006261697299074179
-1.264080100125157	-0.12879716112690276	-0.0062279225652704245
-1.2390488110137667	-0.13034474377080285	-0.006200094183525379
-1.2140175219023774	-0.13188649709813927	-0.006177876205356231
-1.1889862327909881	-0.13342373954508135	-0.0061609699182763045
-1.1639549436795988	-0.1349577238377947	-0.0061491100368577245
-1.1389236545682104	-0.13648964423227394	-0.006142061446676991
-1.1138923654568202	-0.13802064308830464	-0.006139616430248976
-1.0888610763454318	-0.139551816872184	-0.006141592318396144
-1.0638297872340434	-0.14108422167223722	-0.006147829523018608
-1.0387984981226523	-0.14261887830262776	-0.006158189918578069
-1.013767209011264	-0.14415677706448315	-0.00617255555038225
-0.9887359198998737	-0.14569888222868066	-0.006190827658580894
-0.9637046307884853	-0.14724613630111638	-0.006212926018237266
-0.9386733416770969	-0.1487994641299515	-0.0062387886089134564
-0.9136420525657085	-0.15035977691401392	-0.0062683716428442865
-0.8886107634543183	-0.1519279761730139	-0.006301650000540268
-0.8635794743429273	-0.15350495774297868	-0.006338618148589839
-0.8385481852315388	-0.15509161586429887	-0.006379291649583146
-0.8135168961201504	-0.156688847434441	-0.0064237094229141894
-0.788485607008762	-0.15829755650110666	-0.00647193698443238
-0.7634543178973718	-0.15991865907233066	-0.006524070992763101
-0.7384230287859816	-0.16155308831128862	-0.006580245576284963
-0.7133917396745932	-0.16320180015511276	-0.006640641131734681
-0.6883604505632039	-0.16486577932617608	-0.006705496611542808
-0.6633291614518155	-0.16654604554730046	-0.00677512681256183
-0.6382978723404253	-0.16824365944183967	-0.006849946938664905
-0.6132665832290352	-0.16995972691889344	-0.006930507880458542
-0.5882352941176467	-0.17169539945365386	-0.007017547456322701
-0.5632040050062583	-0.1734518648323512	-0.0071120655885752865
-0.5381727158948699	-0.17523031709613285	-0.0072154353521669545
-0.5131414267834788	-0.17703188235652872	-0.007329566968040477
-0.48811013767208866	-0.17885745216119003	-0.007457146276202947
-0.46307884856070025	-0.18070732481331436	-0.007601964659177285
-0.43804755944931184	-0.182580454164884	-0.007769314142868869
-0.41301627033792343	-0.18447293092876738	-0.00796624645069001
-0.38798498122653324	-0.18637513856523713	-0.008200935715045779
-0.36295369211514483	-0.18826741132954883	-0.008478959617094106
-0.33792240300375376	-0.19011724273650454	-0.00879220462027025
-0.31289111389236535	-0.19189066010195288	-0.009099359300112062
-0.28785982478097694	-0.19359363730629603	-0.009322064984416817
-0.26282853566958675	-0.19530693901578644	-0.009401908369503637
-0.23779724655819834	-0.19713031601601028	-0.00936862628933778
-0.21276595744680904	-0.19909765293135973	-0.009304063464148957
-0.18773466833541974	-0.20118411057377372	-0.009266449357742651
-0.16270337922403044	-0.2033544335073394	-0.009274948024063756
-0.13767209011264026	-0.20558486307827684	-0.009328339209774536
-0.11264080100125184	-0.20786353334849128	-0.009419900593383698
-0.08760951188986255	-0.2101860202908865	-0.009543379742184138
-0.06257822277847325	-0.21255190735447066	-0.009694490652786963
-0.03754693366708395	-0.21496286792966313	-0.009870943310356331
-0.01251564455569465	-0.21742171656515602	-0.010072184171102366
0.01251564455569465	-0.21993197195419395	-0.01029920812332917
0.03754693366708395	-0.22249766892135364	-0.010554532794327498
0.06257822277847325	-0.22512327674689409	-0.010842361627958014
0.08760951188986255	-0.2278136337983812	-0.011168966600446542
0.11264080100125184	-0.23057381255459353	-0.011543351504485877
0.13767209011264114	-0.2334087859659254	-0.011978301725248372
0.16270337922403044	-0.2363226517722511	-0.01249198214234798
0.18773466833541974	-0.23931692237160906	-0.013110291727779097
0.21276595744680726	-0.242386871396857	-0.013870136274165307
0.23779724655819834	-0.2455139108806247	-0.014823337151573843
0.26282853566958764	-0.24865022025688388	-0.01603910703016838
0.28785982478097694	-0.2516900514440241	-0.017597333396834225
0.31289111389236623	-0.2544262368613275	-0.019550494464192866
0.33792240300375376	-0.25652349019639953	-0.02181114329024357
0.36295369211514483	-0.2576365512625185	-0.02395694441515321
0.38798498122653235	-0.25782800965246944	-0.025200477315711733
0.41301627033792343	-0.257904454761279	-0.024969383238923143
0.43804755944931273	-0.25884161362970637	-0.02357370171152233
0.46307884856070025	-0.26094952136193594	-0.02182590153371089
0.4881101376720913	-0.2639611471912183	-0.020292740201248938
0.5131414267834788	-0.2675120440515636	-0.019152879862371894
0.5381727158948699	-0.2713524905148872	-0.018384358705369197
0.5632040050062574	-0.2753490339035659	-0.017910588073715122
0.5882352941176467	-0.27943981386500893	-0.017658069559885456
0.6132665832290378	-0.28360036315836123	-0.017570158424616247
0.6382978723404253	-0.2878244011412969	-0.017606336689888577
0.6633291614518164	-0.2921141325364598	-0.017738386131123773
0.6883604505632039	-0.29647556000109687	-0.017946812759912417
0.7133917396745932	-0.30091627885501815	-0.01821817438893432
0.7384230287859808	-0.30544447353346826	-0.018543224586861
0.7634543178973718	-0.31006849116138646	-0.018915656487910285
0.7884856070087629	-0.3147966904793107	-0.01933125794913647
0.8135168961201504	-0.3196374204112482	-0.019787342191217347
0.8385481852315397	-0.32459905797097854	-0.020282362217004746
0.8635794743429273	-0.32969007185950794	-0.020815648594234126
0.8886107634543183	-0.33491909605172077	-0.021387231069300336
0.9136420525657059	-0.3402950064973569	-0.02199771811064155
0.9386733416770969	-0.3458269984053868	-0.022648217340570223
0.9637046307884862	-0.351524663707256	-0.02334028560295509
0.9887359198998737	-0.3573980693271033	-0.02407590123962909
1.0137672090112648	-0.3634578373859205	-0.024857453720321762
1.0387984981226523	-0.3697152287186265	-0.025687747542450845
1.0638297872340434	-0.37618223123184236	-0.026570018579516463
1.088861076345431	-0.38287165475233587	-0.027507962000721115
1.1138923654568202	-0.3897972341528444	-0.02850577163823717
1.1389236545682113	-0.39697374271472974	-0.02956819133282179
1.1639549436795988	-0.4044171179146905	-0.030700579412701934
1.18898623279099	-0.4121446021152	-0.031908988113449666
1.2140175219023774	-0.4201749010104656	-0.033200260485048816
1.2390488110137667	-0.4285283631457928	-0.03458214821939451
1.264080100125156	-0.43722718440255504	-0.03606345494346122
1.2891113892365453	-0.4462956420442168	-0.03765421096097671
1.3141426783479364	-0.4557603637676684	-0.03936588732605201
1.339173967459324	-0.46565063821375774	-0.04121165969041035
1.3642052565707132	-0.4759987745667913	-0.04320673586230811
1.3892365456821025	-0.4868405201901136	-0.04536876586169136
1.4142678347934918	-0.49821554662193224	-0.04771836006551128
1.4392991239048811	-0.5101680154862578	-0.05027975073317073
1.4643304130162704	-0.5227472365003538	-0.05308164619240738
1.4893617021276597	-0.536008428824374	-0.05615834741589723
1.514392991239049	-0.5500135925297309	-0.05955122697818116
1.5394242803504383	-0.5648324849480684	-0.06331071563273175
1.5644555694618276	-0.5805436689282639	-0.06749900991436386
1.589486858573217	-0.5972355398100406	-0.07219381695652596
1.6145181476846044	-0.6150071105957795	-0.07749360590102178
1.6395494367959955	-0.633968068412964	-0.08352505489577919
1.6645807259073848	-0.654237060789745	-0.09045366535527666
1.6896120150187741	-0.6759360257233782	-0.09849876540262092
1.7146433041301634	-0.6991760799222209	-0.10795391749400723
1.739674593241551	-0.7240262018186798	-0.11921163503168924
1.764705882352942	-0.7504496247811216	-0.13278318302415043
1.7897371714643295	-0.7781905202081671	-0.14928139816670297
1.8147684605757206	-0.8066221179688946	-0.1692917049260345
1.83979974968711	-0.8346764839662639	-0.1930403751754227
1.8648310387984974	-0.8611228259949506	-0.21992275525137048
1.8898623279098885	-0.885382703284642	-0.24829697535973036
1.914893617021276	-0.9085814202349343	-0.2762026718474513
1.939924906132667	-0.9335201333019825	-0.30323477254570663
1.9649561952440546	-0.9624503770083113	-0.3314315510599065
1.989987484355444	-0.9957696872797763	-0.3632913049508032
2.015018773466835	-1.03357825691841	-0.4009730341185662
2.0400500625782225	-1.0754615342680407	-0.4478861402182033
2.065081351689613	-1.1182247951550934	-0.50799621634941
2.090112640801001	-1.1556969124714929	-0.5828701992133931
2.1151439299123904	-1.1814265757171025	-0.6694972079188718
2.1401752190237784	-1.192553835603058	-0.7613858461118354
2.165206508135169	-1.1909632513940354	-0.8523637368665173
2.1902377972465596	-1.1817054778264438	-0.9392605645507616
2.2152690863579476	-1.1704945439303711	-1.0236538671780226
2.240300375469337	-1.159217235430845	-1.1109915637453789
2.265331664580725	-1.1451384328329852	-1.2049021272385332
2.2903629536921155	-1.1268137628686965	-1.3060292278051002
2.315394242803503	-1.1044080186537841	-1.4186886762174251
2.340425531914894	-1.0710106054755566	-1.5509281237606418
2.3654568210262834	-1.0103716232733393	-1.7034928966681822
2.3904881101376714	-0.9087064447972142	-1.863461153754122
2.415519399249062	-0.7638782429419559	-2.014342275265132
2.4405506883604495	-0.5778511153964239	-2.144196205411812
2.4655819774718406	-0.35246443333478217	-2.238249905577344
2.490613266583228	-0.10057539078945599	-2.2773895328526517
2.515644555694618	0.1509799049361753	-2.2546414277005664
2.5406758448060085	0.38032482997214645	-2.1826755923880223
2.565707133917396	0.5817780042201992	-2.077666510035429
2.590738423028787	0.7557893144584469	-1.9478886835536522
2.6157697121401746	0.9003353187002694	-1.7985793220750108
2.6408010012515644	1.0137597371413634	-1.637447857025136
2.665832290362953	1.0989743885943648	-1.471469617235361
2.6908635794743425	1.1593328389741049	-1.3021052913899842
2.7158948685857336	1.1926393032090883	-1.1299244590129105
2.740926157697121	1.1955157765713427	-0.9612360530498955
2.765957446808511	1.169598917856835	-0.8050756498869219
2.7909887359198997	1.1208875258045363	-0.6686080536579792
2.816020025031289	1.057715877238384	-0.5555202556150158
2.841051314142678	0.9884088603810299	-0.465328130417356
2.8660826032540676	0.9189785367707177	-0.3946389888254559
2.8911138923654573	0.8526925473676004	-0.33928538466824065
2.916145181476846	0.7908868819497683	-0.2955862692489173
2.9411764705882355	0.7338423731294594	-0.26068244826521314
2.9662077596996244	0.6813466102419476	-0.23246049981344472
2.991239048811014	0.6329914039329472	-0.20938046224390364
3.0162703379224016	0.5883162592599862	-0.19031786552476324
3.0413016270337927	0.5468718798386729	-0.1744434076524157
3.066332916145182	0.5082446149524062	-0.16113776691041012
3.091364205256571	0.47206323888323043	-0.14993288295711557
3.1163954943679606	0.4379983382121675	-0.1404713527819985
3.141426783479348	0.40575866031588115	-0.13247772951070544
3.166458072590739	0.37508605638357073	-0.12573805136252272
3.1914893617021267	0.3457501692008944	-0.12008548713993167
3.2165206508135173	0.31754373017806303	-0.11539022389075707
3.241551939924907	0.2902785067005187	-0.1115519854181048
3.2665832290362946	0.26378151658914106	-0.10849445973595478
3.2916145181476857	0.23789150973943052	-0.10616139025835838
3.316645807259073	0.2124558254731177	-0.10451394499364511
3.341677096370464	0.18732754690826692	-0.10352902735836689
3.366708385481852	0.16236282615323994	-0.10319836392012982
3.391739674593241	0.1374182810705018	-0.1035283059201112
3.416770963704632	0.11234838057829633	-0.10454034143962976
3.4418022528160197	0.0870027389513397	-0.10627237154229469
3.4668335419274103	0.061223239226580795	-0.10878086966678197
3.4918648310387983	0.03484090642089788	-0.1121441271915452
3.5168961201501876	0.007672457390726972	-0.11646690076135208
3.5419274092615756	-0.02048352588474822	-0.12188693578079995
3.566958698372966	-0.04985080222200411	-0.12858407134838673
3.591989987484357	-0.08067994350228958	-0.13679297385041086
3.617021276595745	-0.11325271016135563	-0.1468210567734954
3.642052565707134	-0.147885438090801	-0.15907390089615733
3.667083854818522	-0.18492944259992017	-0.17409157481937818
3.6921151439299127	-0.2247641670303473	-0.19260067482675994
3.7171464330413	-0.2677741760656174	-0.21558826943525441
3.7421777221526913	-0.31429210721592504	-0.2444034927500153
3.7672090112640806	-0.3644742650604913	-0.280884589968302
3.7922403003754686	-0.4180577659403979	-0.32747994016870163
3.817271589486859	-0.47395978063272004	-0.3872650779948942
3.8423028785982467	-0.5297937708776557	-0.46370266466463395
3.867334167709638	-0.5815242376833201	-0.5601487152565998
3.8923654568210253	-0.6232062210406522	-0.6792953700296369
3.917396745932415	-0.646730224043353	-0.8220918824971389
3.9424280350438057	-0.6428854487152371	-0.9863064006008956
3.967459324155193	-0.6029324956294673	-1.1672223693038593
3.9924906132665843	-0.5167760828196251	-1.3583315723494511
4.017521902377972	-0.3716747707503627	-1.5461030835911844
4.042553191489361	-0.1606409679948717	-1.7042410618964177
4.06758448060075	0.10508329781040882	-1.8006964426384966
4.09261576971214	0.39573645642097377	-1.813623700371125
4.117647058823531	0.6747150649722164	-1.7404280006821706
4.142678347934918	0.9110968310754224	-1.5964632553625735
4.167709637046308	1.0874970882715917	-1.4065600308849857
4.192740926157697	1.1986249200679562	-1.1956123397026874
4.217772215269086	1.2472656748487299	-0.9865880186786534
4.2428035043804755	1.2446234657628512	-0.7987731227357648
4.267834793491865	1.207840360034361	-0.6429446988729064
4.292866082603254	1.1535593558458719	-0.5202167540433145
4.317897371714643	1.0934541198137122	-0.42582625661771745
4.342928660826033	1.0339797918960412	-0.3534739118919761
4.367959949937422	0.9780787263281829	-0.2975760076646309
4.392991239048811	0.9267846901192462	-0.2538335017931105
4.418022528160199	0.8802147724754437	-0.21910912867304624
4.44305381727159	0.8380902690431871	-0.1911494032689893
4.468085106382979	0.7999896360645038	-0.16833336049587053
4.4931163954943685	0.7654649360715791	-0.14948419407278846
4.518147684605758	0.7340919146816094	-0.13373677776872991
4.543178973717145	0.7054886561398281	-0.12044640076274166
4.568210262828536	0.679319792105435	-0.10912603381256886
4.593241551939924	0.6552944193956103	-0.09940293179736345
4.618272841051315	0.6331616050712432	-0.09098830196506014
4.643304130162704	0.6127052872080387	-0.08365585101106476
4.668335419274092	0.5937393822780646	-0.07722642520193607
4.693366708385483	0.5761034396970492	-0.07155687595124086
4.71839799749687	0.559658977411968	-0.06653186660546107
4.7434292866082615	0.544286548689028	-0.06205766296021328
4.768460575719649	0.5298834842883942	-0.05805703614452798
4.793491864831038	0.5163617987523699	-0.05446435465843785
4.818523153942429	0.5036445743580229	-0.05122063605620944
4.843554443053817	0.49165921248551037	-0.048271655298230715
4.868585732165208	0.48033291379087384	-0.04557374019466165
4.8936170212765955	0.4695992627264749	-0.0430993891583803
4.918648310387985	0.45940619636557756	-0.04083068183629138
4.943679599499372	0.44971320445650065	-0.03875027320916069
4.968710888610763	0.44048531060045626	-0.03683971110248402
4.9937421777221545	0.4316904457464972	-0.03508094862486488
5.018773466833542	0.42329887712723213	-0.03345712436035661
5.043804755944931	0.4152825970830776	-0.031952636103561916
5.068836045056319	0.40761452949064214	-0.030553827726804428
5.09386733416771	0.4002690708525076	-0.02925020555049468
5.118898623279097	0.3932237190928829	-0.028034022267373365
5.1439299123904885	0.3864592419916528	-0.026898503775198923
5.168961201501878	0.3799585690877709	-0.025837027257495315
5.193992490613265	0.3737060392489635	-0.024843255537517123
5.219023779724656	0.3676871859770001	-0.023911299234438396
5.244055068836044	0.36188861405737693	-0.02303564654445131
5.269086357947435	0.35629767573667337	-0.022211087057106282
5.2941176470588225	0.3509021438723998	-0.02143302752931374
5.319148936170212	0.3456904995264889	-0.020697936249687188
5.344180225281603	0.3406524863277287	-0.020003079181954903
5.36921151439299	0.3357790413353987	-0.019345927854706818
5.3942428035043815	0.331061912926061	-0.018723981723134803
5.419274092615769	0.3264934763156857	-0.01813483474542231
5.444305381727158	0.3220667091862328	-0.017576168263882294
5.469336670838548	0.31777511703465056	-0.01704561027471775
5.494367959949937	0.31361245040604935	-0.01654063104215632
5.519399249061328	0.3095723594257702	-0.016058759647497603
5.5444305381727155	0.3056483840527209	-0.015598043805658435
5.569461827284105	0.30183435865308983	-0.015157346466977917
5.594493116395494	0.29812496181662596	-0.014736158295124077
5.619524405506883	0.29451586005393793	-0.014333987225267394
5.644555694618273	0.2910033393718132	-0.013949939789971458
5.669586983729662	0.28758387063363156	-0.013582662468745108
5.694618272841051	0.28425369576575044	-0.013230510090024974
5.719649561952441	0.28100862313179054	-0.012892097943793382
5.74468085106383	0.27784452992887054	-0.012566795830717806
5.769712140175219	0.2747579746798605	-0.012254394033011984
5.7947434292866085	0.2717460924996473	-0.011954550664064728
5.819774718397996	0.26880623578179286	-0.011666703384692056
5.844806007509387	0.2659358227387649	-0.01139020623392839
5.869837296620776	0.263132335305281	-0.011124428790087917
5.894868585732166	0.260393349335005	-0.010868790087182653
5.919899874843555	0.2577165588796282	-0.010622756205250744
5.9449311639549425	0.2550997854496426	-0.010385814650317224
5.9699624530663336	0.2525409518567807	-0.010157434639298302
5.994993742177721	0.2500380005111644	-0.009937065582124718
6.020025031289112	0.2475888387579115	-0.00972424766900258
6.0450563204005014	0.24519145014843957	-0.009518721018797943
6.07008760951189	0.24284403157016232	-0.0093203488929543
6.09511889862328	0.24054497157993726	-0.009128999901468468
6.120150187734667	0.23829278587770286	-0.008944537922978085
6.145181476846059	0.23608611792571388	-0.008766857502355799
6.170212765957445	0.23392380558572068	-0.008595891659165453
6.195244055068836	0.23180499691225442	-0.00843153089559412
6.2202753441802265	0.22972923473512097	-0.008273347903533942
6.245306633291613	0.22769619471749714	-0.008120089167158728
6.270337922403005	0.22570463951532282	-0.007969511100491655
6.295369211514392	0.2237514195699477	-0.00781977302098498
6.320400500625783	0.2218327739853594	-0.0076713237130763
6.3454317897371695	0.21994665038033112	-0.0075261503041002265
6.37046307884856	0.21809270541985892	-0.007385733604408792
6.395494367959952	0.21627105075953068	-0.007250500301966209
6.420525657071338	0.21448163121160313	-0.007120230876532088
6.445556946182729	0.2127241305012122	-0.006994355578819
6.470588235294116	0.21099785080722278	-0.006872085971424927
6.495619524405506	0.2093015772853679	-0.006752772911291505
6.520650813516895	0.20763392549618054	-0.006636339001237945
6.545682102628285	0.20599389989235206	-0.0065231007667959084
6.570713391739676	0.2043809118372133	-0.0064132948194561
6.5957446808510625	0.20279451137259397	-0.0063069458310165
6.620775969962453	0.20123426908871167	-0.0062039413155019485
6.645807259073841	0.19969977443104092	-0.006104047772823501
6.670838548185231	0.19819056466505813	-0.006006840865670091
6.695869837296622	0.19670589133955385	-0.005911755511752034
6.720901126408009	0.19524463061453012	-0.005818468111810818
6.745932415519399	0.19380570518764806	-0.005727162027665614
6.770963704630788	0.19238845479902622	-0.005638200888733888
6.795994993742178	0.19099248189003237	-0.005551770836319886
6.821026282853566	0.1896173942560182	-0.005467881645655329
6.8460575719649555	0.1882627320365513	-0.0053865002344283125
6.871088861076346	0.18692800520546182	-0.005307622120809638
6.896120150187734	0.1856127247599879	-0.0052312805987383
6.921151439299124	0.18431641011952582	-0.005157553723262681
6.946182728410513	0.18303859888742124	-0.005086582807646539
6.971214017521902	0.1817788657919941	-0.00501859444247732
6.996245306633291	0.18053684794171598	-0.004953931424952054
7.0212765957446805	0.17931229690122308	-0.004893118025552007
7.046307884856071	0.17810524314716147	-0.004836954976712535
7.071339173967459	0.17691636245275166	-0.004786515028773433
7.0963704630788484	0.17574753554171085	-0.004742808784757788
7.121401752190238	0.1746024176124097	-0.004705701214733196
7.146433041301627	0.17348594816491758	-0.0046715482543363135
7.171464330413016	0.17240029524889078	-0.004631013085994867
7.196495619524406	0.1713381609729554	-0.004573232961971249
7.221526908635795	0.17028480082919195	-0.0044969684800637705
7.246558197747184	0.16923098305426443	-0.004412130079432017
7.2715894868585735	0.1681776734834095	-0.004328914292279773
7.296620775969963	0.16712988083261404	-0.004251879817174148
7.321652065081352	0.16609179280335074	-0.004181506455198977
7.3466833541927405	0.1650658149106956	-0.004116693405350827
7.371714643304131	0.1640529535229911	-0.004056023678125645
7.39674593241552	0.16305329641198885	-0.003998331776501676
7.421777221526909	0.16206651747020917	-0.003942906639754162
7.446808510638299	0.16109220286649162	-0.0038893838112852297
7.471839799749687	0.1601299766525477	-0.0038376476722609965
7.496871088861077	0.15917961983115525	-0.003787715205648648
7.521902377972466	0.1582410626491324	-0.0037395701138366877
7.546933667083856	0.15731430061550533	-0.0036930945717163766
7.571964956195245	0.15639933611436785	-0.0036480322187806558
7.5969962453066335	0.15549604819137297	-0.00360394318099741
7.622027534418024	0.1546039759246769	-0.0035603515781519046
7.647058823529412	0.15372239029927925	-0.0035171298588785593
7.672090112640802	0.15285074699386136	-0.0034745580300173523
7.697121401752189	0.15198885981701338	-0.0034329460014775326
7.72215269086358	0.1511366902438187	-0.0033924201046024033
7.74718397997497	0.15029417565821035	-0.0033529743887926594
7.772215269086359	0.14946119552220516	-0.003314559336833861
7.797246558197749	0.14863758889137824	-0.0032771262772876703
7.8222778473091354	0.14782317394172306	-0.003240641387071072
7.8473091364205265	0.1470177602649354	-0.003205088334399045
7.872340425531913	0.1462211562094664	-0.003170468138329635
7.897371714643305	0.1454331746532116	-0.003136798402570709
7.922403003754695	0.14465363950971266	-0.0031041102626498257
7.947434292866082	0.1438823914933236	-0.0030724375636425605
7.972465581977473	0.1431192795737415	-0.0030417930546242644
7.99749687108886	0.1423641100710329	-0.003012152928603684
8.022528160200253	0.14161657347463485	-0.0029835222602460076
8.047559449311638	0.14087628229168025	-0.0029560727294180855
8.072590738423028	0.1401429203031288	-0.0029301631307529774
8.09762202753442	0.13941628933158867	-0.0029062459084557707
8.122653316645806	0.13869625899938853	-0.002884856068502459
8.147684605757199	0.1379827659844306	-0.0028666982310031897
8.172715894868585	0.1372759111749815	-0.0028527639986188763
8.197747183979974	0.13657618391184911	-0.0028444488225320003
8.222778473091363	0.13588490525653718	-0.002843609830347593
8.247809762202753	0.13520503692241626	-0.002852337865481086
8.272841051314145	0.13454235616350196	-0.0028718009672938777
8.297872340425531	0.1339059762225432	-0.002898988810006442
8.32290362953692	0.13330449313635562	-0.002921514886437257
8.34793491864831	0.13273423784510108	-0.0029180849095152284
8.3729662077597	0.1321721212610214	-0.0028755315340867477
8.397997496871088	0.13159340743755088	-0.0028045024384255324
8.423028785982478	0.13099203647012736	-0.0027265850316573054
8.448060075093867	0.13037588441132364	-0.0026556262776187833
8.473091364205256	0.12975441605840032	-0.0025955948487852987
8.498122653316646	0.12913394761336505	-0.00254571283283396
8.523153942428035	0.1285179443449067	-0.00250401133696386
8.548185231539424	0.1279082596331076	-0.0024685801475874264
8.573216520650814	0.12730594530917827	-0.0024376498989438916
8.598247809762203	0.1267113478901276	-0.0024093724879459683
8.623279098873592	0.12612375909833773	-0.0023821350854181383
8.648310387984981	0.12554178333488153	-0.002355474989329795
8.67334167709637	0.12496458624509188	-0.002330079176444136
8.69837296620776	0.12439230430156911	-0.0023067326338788857
8.72340425531915	0.12382550403379966	-0.0022857681343571995
8.748435544430539	0.12326476966329558	-0.0022671845966457244
8.773466833541928	0.12271071131552524	-0.0022508964778342327
8.798498122653317	0.12216433812375804	-0.0022366338003512454
8.823529411764707	0.12162705011862407	-0.0022230511304391493
8.848560700876096	0.12109908020380189	-0.0022070612108934656
8.873591989987485	0.12057754098801432	-0.002185743606138338
8.898623279098874	0.12005802835483514	-0.002159651428795442
8.92365456821026	0.11953853292809313	-0.0021321210886650482
8.948685857321653	0.11901984168397561	-0.002105904718420329
8.973717146433042	0.11850349385250247	-0.0020820630327944706
8.998748435544432	0.11799064583772889	-0.002060678878307076
9.023779724655821	0.11748200551105548	-0.002041552747631001
9.048811013767207	0.11697808267431853	-0.0020244626316386627
9.0738423028786	0.11647940855721295	-0.0020091027285377983
9.098873591989985	0.11598652797154685	-0.001994799503902786
9.123904881101378	0.11549950981716783	-0.0019803116108860624
9.148936170212767	0.11501726973036419	-0.0019644441778255556
9.173967459324153	0.11453803076454783	-0.0019472638566142564
9.198998748435546	0.11406078073269477	-0.0019300323026186783
9.224030037546932	0.11358561049324223	-0.0019139682137180175
9.249061326658325	0.11311298484134724	-0.0018997107849072215
9.27409261576971	0.11264325344529702	-0.0018875633480399945
9.2991239048811	0.11217660002281704	-0.0018778077440736035
9.324155193992492	0.11171315996430842	-0.0018708819346184291
9.349186483103878	0.11125319197616612	-0.0018674683683529841
9.374217772215271	0.11079732335371695	-0.0018685136193379304
9.399249061326657	0.11034691056574175	-0.0018750910744779747
9.424280350438046	0.10990443294746477	-0.0018878920407554844
9.449311639549435	0.10947351109606629	-0.0019061772436129998
9.474342928660825	0.10905788397226246	-0.0019264779606858323
9.499374217772218	0.10865869504173276	-0.001942170874598706
9.524405506883603	0.10827125591764286	-0.001946933221749561
9.549436795994993	0.10788839509174153	-0.0019411353161035844
9.574468085106382	0.10750916595160831	-0.0019289455011193418
9.599499374217771	0.10713632870385226	-0.0019083663345069168
9.62453066332916	0.1067654513097196	-0.0018733820383814853
9.64956195244055	0.10638632606556264	-0.0018257454223835623
9.67459324155194	0.10599464961839189	-0.0017749751014324716
9.699624530663328	0.10559392610830542	-0.0017287536362600303
9.724655819774718	0.10518953552686305	-0.0016895725122845623
9.749687108886107	0.10478532606005153	-0.0016569150139690708
9.774718397997496	0.10438338528857827	-0.0016294145538990196
9.799749687108886	0.10398467934274969	-0.00160577091011474
9.824780976220275	0.10358958446747302	-0.0015849745467646364
9.849812265331664	0.10319819313240508	-0.0015662931826461168
9.874843554443054	0.10281046993296883	-0.0015492064663267108
9.899874843554443	0.10242632696496479	-0.0015333447889773338
9.924906132665832	0.10204565914056829	-0.0015184433241242912
9.949937421777221	0.1016683601343562	-0.0015043099056556986
9.97496871088861	0.10129432908824221	-0.001490803117908765
10.0	0.10092347297162618	-0.0014778174209873068
