-10.0	-0.09915414550385915	-0.0014352745796558514
-9.97496871088861	-0.09951445959427385	-0.0014461291389358116
-9.949937421777221	-0.09987752742194456	-0.0014572026809672595
-9.924906132665832	-0.1002433955579578	-0.0014684932752740132
-9.899874843554443	-0.10061211212265331	-0.0014800033690658132
-9.874843554443054	-0.10098372697260327	-0.0014917393070514734
-9.849812265331664	-0.1013582920168874	-0.0015037112331701685
-9.824780976220275	-0.10173586161665948	-0.0015159333293246618
-9.799749687108886	-0.10211649304561465	-0.0015284243960883293
-9.774718397997496	-0.1025002469921441	-0.0015412088293879772
-9.749687108886107	-0.10288718807069674	-0.0015543181040066495
-9.724655819774718	-0.10327738527016006	-0.0015677929492824705
-9.699624530663328	-0.103670912177237	-0.0015816865058151247
-9.67459324155194	-0.10406784662453195	-0.0015960688933767259
-9.64956195244055	-0.10446826901793305	-0.0016110337904642613
-9.62453066332916	-0.10487225777782694	-0.0016267077394623297
-9.599499374217771	-0.10527987867449884	-0.0016432625957675528
-9.574468085106382	-0.10569116174477333	-0.0016609296455956934
-9.549436795994993	-0.1061060549576256	-0.0016800069218101815
-9.524405506883603	-0.1065243432105083	-0.0017008308932379979
-9.499374217772216	-0.10694555272696515	-0.0017236416850167913
-9.474342928660825	-0.10736899957051005	-0.001748257790754798
-9.449311639549435	-0.10779435812566174	-0.0017737666246197686
-9.424280350438046	-0.10822264777636637	-0.001799160724504284
-9.399249061326657	-0.10865591846534972	-0.0018251219170538208
-9.37421777221527	-0.1090950790684202	-0.0018544588622307762
-9.349186483103878	-0.10953867096630265	-0.001890514151877895
-9.32415519399249	-0.10998302482704947	-0.001935959782535815
-9.2991239048811	-0.11042196083081013	-0.001991878420302892
-9.274092615769712	-0.11084659849169487	-0.002055052396479906
-9.249061326658325	-0.11124921280606781	-0.0021134731813330365
-9.224030037546934	-0.11163412324599609	-0.0021476439286380877
-9.198998748435546	-0.11202295432889553	-0.0021469192269032294
-9.173967459324155	-0.11243708919164153	-0.002122405339468114
-9.148936170212767	-0.1128802983713646	-0.0020937484841381665
-9.123904881101378	-0.11334415304612211	-0.0020727126115588496
-9.098873591989987	-0.11381907269246927	-0.0020615700330660625
-9.0738423028786	-0.11429907409995277	-0.0020573395073199274
-9.048811013767208	-0.11478284013074092	-0.00205579305597009
-9.023779724655821	-0.11527217788472033	-0.0020549782619495444
-8.998748435544432	-0.11576847486313913	-0.0020557376493886836
-8.973717146433042	-0.11627131934833645	-0.002059321875276854
-8.948685857321653	-0.1167796317700871	-0.002066049865659045
-8.923654568210262	-0.11729260127518426	-0.002075581365225815
-8.898623279098874	-0.11780982668361073	-0.002087406386049817
-8.873591989987485	-0.11833117741503951	-0.002101070365408589
-8.848560700876096	-0.11885666038297504	-0.0021162202653351447
-8.823529411764707	-0.11938634786964197	-0.0021325833836791375
-8.798498122653317	-0.11992036238254489	-0.0021499386285906696
-8.773466833541928	-0.12045889187763681	-0.0021681279718503976
-8.748435544430539	-0.12100216015784948	-0.002187108093225365
-8.72340425531915	-0.12155034411164412	-0.002206945245947292
-8.69837296620776	-0.12210354583847316	-0.0022277500656602417
-8.67334167709637	-0.1226618179661143	-0.0022496512504126542
-8.648310387984981	-0.12322516936887684	-0.0022728116700547613
-8.623279098873592	-0.12379353736682486	-0.0022974514281777353
-8.598247809762203	-0.12436671255824638	-0.0023238735592017584
-8.573216520650814	-0.12494415092715183	-0.0023524326321844036
-8.548185231539424	-0.1255247039034968	-0.002383229879535237
-8.523153942428035	-0.12610665028301948	-0.002415321716253596
-8.498122653316646	-0.12668886304217164	-0.002445812894853794
-8.473091364205256	-0.12727319225562805	-0.00247076493124318
-8.448060075093867	-0.12786459332599076	-0.002488964942021152
-8.423028785982478	-0.128466872414017	-0.0025034252892386505
-8.397997496871088	-0.12908020045920043	-0.0025179272078171416
-8.3729662077597	-0.1297029327221244	-0.002534400203668699
-8.34793491864831	-0.1303335565138104	-0.002553204722430563
-8.32290362953692	-0.13097118455627044	-0.00257407157715861
-8.297872340425531	-0.1316154036968742	-0.00259661269355288
-8.272841051314144	-0.13226607181839345	-0.0026204788351472524
-8.247809762202753	-0.1329232071733335	-0.00264538315800375
-8.222778473091363	-0.1335869394820559	-0.002671120121989168
-8.197747183979974	-0.13425744397548556	-0.0026975892913291277
-8.172715894868585	-0.13493487169993745	-0.002724761178064944
-8.147684605757197	-0.1356193430543886	-0.0027526191816636264
-8.122653316645806	-0.13631097363866207	-0.0027811404758535246
-8.097622027534417	-0.1370098870579879	-0.0028103016890267674
-8.072590738423028	-0.1377162150929685	-0.0028400846110509526
-8.047559449311638	-0.13843009503278303	-0.0028704775571635616
-8.02252816020025	-0.1391516677467255	-0.002901474644558019
-7.9974968710888605	-0.13988107675408923	-0.0029330746190997514
-7.972465581977473	-0.14061846790716093	-0.002965279811920976
-7.947434292866082	-0.14136398938547678	-0.0029980953383333814
-7.922403003754694	-0.14211779183404616	-0.003031528516006368
-7.897371714643305	-0.14288002855943116	-0.0030655884524841553
-7.872340425531914	-0.1436508557439531	-0.003100285754928586
-7.8473091364205265	-0.1444304326620136	-0.0031356323272537234
-7.8222778473091354	-0.14521892189252394	-0.003171641231068806
-7.797246558197748	-0.14601648952599433	-0.0032083265946761946
-7.772215269086359	-0.14682330536700672	-0.003245703559673352
-7.7471839799749675	-0.14763954313355576	-0.0032837882587003903
-7.72215269086358	-0.14846538065803294	-0.0033225978229553532
-7.697121401752189	-0.14930100009024727	-0.0033621504273402686
-7.672090112640801	-0.1501465880910242	-0.0034024653833012036
-7.647058823529412	-0.15100233600552926	-0.0034435632741136174
-7.622027534418023	-0.15186844002814937	-0.0034854661523160413
-7.596996245306634	-0.1527451013172909	-0.003528197864259758
-7.571964956195245	-0.15363252595461052	-0.003571784519257132
-7.546933667083856	-0.15453092464983698	-0.003616255113678718
-7.5219023779724665	-0.15544051194664021	-0.003661642375759791
-7.496871088861077	-0.1563615043443889	-0.0037079837329876686
-7.471839799749688	-0.15729411631637813	-0.0037553216968893577
-7.446808510638299	-0.15823855293114164	-0.0038037012507585316
-7.421777221526909	-0.15919499968653472	-0.003853157842906782
-7.39674593241552	-0.1601636210575581	-0.003903685573016097
-7.371714643304131	-0.16114460410796116	-0.003955192483084707
-7.346683354192741	-0.16213826820758293	-0.0040075223517052755
-7.321652065081352	-0.16314510316955566	-0.004060621547066809
-7.296620775969963	-0.1641655874587764	-0.004114648278391739
-7.2715894868585735	-0.16520003617137657	-0.004169831765074475
-7.246558197747184	-0.16624866699014262	-0.004226326280532211
-7.221526908635795	-0.167311701624409	-0.004284210819817072
-7.196495619524406	-0.16838939638412143	-0.004343536570619283
-7.171464330413016	-0.16948203293359843	-0.004404356340677859
-7.146433041301627	-0.1705899003780953	-0.004466732625589345
-7.121401752190238	-0.17171327962577188	-0.004530728592650954
-7.0963704630788484	-0.17285244449443038	-0.004596383187038394
-7.071339173967459	-0.17400770288659206	-0.004663698473067593
-7.04630788485607	-0.17517943733803953	-0.00473270858743588
-7.0212765957446805	-0.17636800045511514	-0.004803577671507589
-6.996245306633291	-0.1775735155078122	-0.00487648937105549
-6.971214017521902	-0.17879588946894742	-0.004951319878682983
-6.946182728410513	-0.18003522068847477	-0.005027395809101512
-6.921151439299123	-0.18129241534284546	-0.0051038467600485055
-6.896120150187734	-0.1825690429539959	-0.005180568413489128
-6.871088861076345	-0.18386623091624887	-0.0052583500223954
-6.8460575719649555	-0.1851843265629931	-0.005337899182329631
-6.821026282853566	-0.1865235773447962	-0.005419432676581515
-6.795994993742177	-0.18788447424463417	-0.005503077767208167
-6.770963704630788	-0.1892675156721193	-0.005589088113148996
-6.745932415519399	-0.19067308880015155	-0.005677681598384415
-6.720901126408009	-0.1921015822554759	-0.005768955674738299
-6.69586983729662	-0.19355346422476138	-0.005862940820222748
-6.670838548185231	-0.1950292836421088	-0.005959657479470498
-6.645807259073841	-0.1965296496090918	-0.006059141072794955
-6.620775969962453	-0.19805521340669952	-0.006161447761820163
-6.595744680851063	-0.1996066579786957	-0.006266651376137397
-6.570713391739676	-0.20118469472781353	-0.006374838911662253
-6.545682102628285	-0.20279006374606112	-0.006486108152048531
-6.520650813516897	-0.20442353463280227	-0.006600566929679391
-6.495619524405506	-0.20608590713667585	-0.006718332809551558
-6.470588235294117	-0.20777801208378843	-0.006839532515510421
-6.445556946182729	-0.20950071302960893	-0.006964301527464148
-6.420525657071338	-0.2112549082252757	-0.007092784226680152
-6.395494367959951	-0.21304153258114944	-0.0072251343919280675
-6.37046307884856	-0.21486155964428733	-0.007361515891092352
-6.34543178973717	-0.21671600361942822	-0.007502103586529724
-6.320400500625783	-0.21860592137297008	-0.007647084533973003
-6.295369211514392	-0.220532414249611	-0.007796659573267459
-6.270337922403004	-0.22249662933786674	-0.007951045397951786
-6.245306633291613	-0.22449975944382938	-0.00811047704897351
-6.2202753441802265	-0.2265430403692008	-0.008275210170508807
-6.195244055068836	-0.2286277433371895	-0.008445520375963508
-6.170212765957448	-0.2307551615625787	-0.008621691890516398
-6.145181476846059	-0.23292660114174257	-0.008803979531768327
-6.120150187734667	-0.23514342138232092	-0.008992538000534844
-6.09511889862328	-0.23740718678322725	-0.009187402557131644
-6.070087609511891	-0.23971980574139362	-0.009388695467152944
-6.0450563204005014	-0.24208332633305574	-0.009596893235598591
-6.020025031289112	-0.24449958633990931	-0.009812688135414957
-5.994993742177721	-0.24697022189130458	-0.010036630084472448
-5.9699624530663336	-0.24949694413557388	-0.010268961146830693
-5.9449311639549425	-0.25208186468323035	-0.010509720660107566
-5.919899874843555	-0.2547276045264839	-0.010759150623179697
-5.894868585732166	-0.25743691227902055	-0.011017974793426366
-5.869837296620776	-0.2602123145932902	-0.01128712298313947
-5.844806007509387	-0.26305624172644837	-0.01156740584097607
-5.819774718397998	-0.2659712583232441	-0.011859496283032345
-5.7947434292866085	-0.26896016021771096	-0.012164025954787619
-5.769712140175219	-0.2720259925562525	-0.012481667415478237
-5.74468085106383	-0.2751720276095986	-0.012813191790511214
-5.719649561952441	-0.2784017268811425	-0.013159478455039314
-5.694618272841051	-0.281718737427636	-0.013521495143730508
-5.669586983729662	-0.28512691255673683	-0.01390029708926746
-5.644555694618273	-0.2886303198675071	-0.014297043538194415
-5.619524405506883	-0.29223322516247396	-0.014713006767262768
-5.594493116395494	-0.29594005386992617	-0.01514954333525595
-5.569461827284105	-0.29975536360082344	-0.015607973343543136
-5.5444305381727155	-0.30368397805189495	-0.016089336161156417
-5.519399249061326	-0.3077315212972449	-0.016594284628575
-5.494367959949937	-0.31190500058798243	-0.017123762190756897
-5.469336670838549	-0.31621222849648234	-0.01768004759285928
-5.444305381727158	-0.3206605532453626	-0.01826644492418751
-5.419274092615769	-0.3252567761237257	-0.018886068630533423
-5.3942428035043815	-0.33000801503293964	-0.019541264861900817
-5.36921151439299	-0.3349226832642733	-0.020233799526756732
-5.344180225281603	-0.3400110964310006	-0.02096587041268845
-5.319148936170212	-0.34528476308861755	-0.021741222551888387
-5.2941176470588225	-0.3507552023939855	-0.02256477792237692
-5.269086357947435	-0.35643404871353823	-0.023441608966351293
-5.244055068836044	-0.3623338253047539	-0.02437672559834342
-5.219023779724656	-0.3684684174000372	-0.02537539250595877
-5.193992490613266	-0.3748532478452091	-0.026443479475364323
-5.168961201501876	-0.38150530551400763	-0.0275877133173755
-5.1439299123904885	-0.3884431746404209	-0.028815772408741114
-5.1188986232791	-0.3956872070121076	-0.030136323436669693
-5.09386733416771	-0.4032598123512239	-0.03155912028609967
-5.06883604505632	-0.41118583685577637	-0.03309520216987058
-5.043804755944931	-0.419492963509275	-0.03475727206036648
-5.018773466833542	-0.4282119505564159	-0.036560165573844755
-4.993742177722154	-0.43737683749295364	-0.038521139742824076
-4.968710888610763	-0.4470254370500335	-0.040660123095653394
-4.943679599499373	-0.4572000288707425	-0.04300020631313675
-4.918648310387985	-0.46794809746434485	-0.04556835385139055
-4.893617021276597	-0.4793231383562384	-0.0483962774593433
-4.868585732165207	-0.4913855980023376	-0.051521504976222376
-4.843554443053817	-0.5042039921425481	-0.054988720976632516
-4.818523153942427	-0.5178562389957557	-0.05885147568024429
-4.793491864831038	-0.5324312491464402	-0.06317438513424048
-4.768460575719651	-0.5480308297187344	-0.06803599202499298
-4.7434292866082615	-0.5647719783138747	-0.07353254926011155
-4.71839799749687	-0.582789598947139	-0.07978314371659581
-4.69336670838548	-0.6022395366391677	-0.08693667030281567
-4.668335419274092	-0.6233018714996685	-0.09518120979488515
-4.643304130162704	-0.6461845157674846	-0.10475686607539919
-4.618272841051315	-0.6711266919152252	-0.11597386418017139
-4.593241551939924	-0.6984011181925505	-0.12923833957437245
-4.568210262828536	-0.7283125976289684	-0.14508930359813157
-4.543178973717147	-0.7611881992104199	-0.1642518656899538
-4.518147684605758	-0.7973489135467062	-0.18771344081112226
-4.4931163954943685	-0.8370419335817072	-0.21682967520429594
-4.468085106382977	-0.880292269057378	-0.25345912848359325
-4.44305381727159	-0.926599806920255	-0.30009198889286126
-4.418022528160201	-0.9743849577098138	-0.3598344604863488
-4.392991239048811	-1.0201984201691001	-0.43588723263696916
-4.367959949937422	-1.0582876658081783	-0.5300040595553793
-4.342928660826031	-1.0821122292073277	-0.6403767886298313
-4.317897371714643	-1.088271534227244	-0.7621348227856626
-4.292866082603254	-1.0778676051720324	-0.892797508544116
-4.267834793491865	-1.050245216735132	-1.0365951041078194
-4.2428035043804755	-0.9941768398418147	-1.1992864065728226
-4.217772215269086	-0.8884516803895952	-1.374332064684546
-4.192740926157699	-0.7180882277428702	-1.53525136370074
-4.167709637046308	-0.49053665736343666	-1.6489273456100613
-4.142678347934918	-0.22906592980416418	-1.6952393326312705
-4.117647058823529	0.04250131476923791	-1.6652044819497585
-4.09261576971214	0.2957304930798381	-1.5539542407706126
-4.067584480600752	0.49486969794973046	-1.3729763350739443
-4.042553191489361	0.6162101114552057	-1.1564220215856087
-4.017521902377972	0.6620208763323658	-0.9428870655726834
-3.9924906132665825	0.6521300178467966	-0.757481982218891
-3.967459324155193	0.6097091083759425	-0.6087814004115328
-3.9424280350438052	0.5526411719945981	-0.4943431648424128
-3.917396745932415	0.4916327064236854	-0.40749550959821956
-3.8923654568210257	0.4320219489121686	-0.3414562992003991
-3.867334167709638	0.3760454619352265	-0.290756718634939
-3.8423028785982494	0.3243756856013764	-0.2513510032698396
-3.8172715894868587	0.2769648088589003	-0.22033584770415912
-3.7922403003754686	0.2334664405271054	-0.19563959682276502
-3.7672090112640793	0.1934355825097449	-0.17577567062249982
-3.7421777221526913	0.15641897355503875	-0.15966601348242862
-3.717146433041303	0.1219927387621409	-0.14651917780838877
-3.6921151439299127	0.08977524631529121	-0.13574693068256652
-3.6670838548185225	0.05942866210465425	-0.1269070623927955
-3.6420525657071328	0.030655675608775468	-0.1196638431101695
-3.617021276595745	0.0031944642857664185	-0.11376039582298281
-3.5919899874843564	-0.02318669211254054	-0.10899918587798685
-3.566958698372966	-0.04869453956324854	-0.1052281083379501
-3.541927409261576	-0.07351549648175348	-0.10233049327731107
-3.5168961201501876	-0.09781977912880002	-0.10021789429828892
-3.4918648310387996	-0.12176505924139569	-0.09882489544321416
-3.46683354192741	-0.14549973138078176	-0.09810543623757595
-3.4418022528160197	-0.1691658517804644	-0.09803030712962266
-3.4167709637046295	-0.19290183712657827	-0.09858555486524384
-3.391739674593241	-0.21684504254651715	-0.09977166146594943
-3.366708385481853	-0.24113429781253704	-0.10160345939660795
-3.341677096370464	-0.2659124600427454	-0.10411077960129012
-3.3166458072590737	-0.2913290565340465	-0.10733988275776397
-3.291614518147683	-0.317543094024046	-0.11135580570867512
-3.2665832290362946	-0.34472609999056525	-0.11624585211234945
-3.2415519399249066	-0.3730654398069988	-0.12212458411907973
-3.2165206508135173	-0.4027679066492853	-0.12914085476320886
-3.191489361702127	-0.4340634784765758	-0.13748769094263316
-3.166458072590739	-0.46720891731921776	-0.14741624060438738
-3.14142678347935	-0.5024904257360667	-0.1592555986804002
-3.11639549436796	-0.5402236148033817	-0.17344119488667745
-3.091364205256571	-0.5807470399393018	-0.19055557757727024
-3.0663329161451807	-0.6244014290074915	-0.21138658050514794
-3.0413016270337927	-0.6714783605985528	-0.2370076349485363
-3.0162703379224034	-0.7221062433653325	-0.2688784927847264
-2.991239048811014	-0.7760163638859101	-0.3089372333028687
-2.966207759699625	-0.8321154956780639	-0.3595719424402807
-2.941176470588234	-0.8878829370904158	-0.4231872986258318
-2.916145181476846	-0.9390479185773586	-0.500971761332917
-2.891113892365457	-0.9807058133583704	-0.5911393614627554
-2.8660826032540676	-1.0104674593983818	-0.6886349915569562
-2.8410513141426783	-1.0314055392384773	-0.7886150685096518
-2.816020025031289	-1.0500225311839095	-0.8924440199340106
-2.790988735919901	-1.068422272999594	-1.008823812158702
-2.7659574468085104	-1.0794459362782	-1.1470410064473628
-2.740926157697121	-1.0691154355924752	-1.3100257676278984
-2.715894868585732	-1.0216258428449125	-1.4912291164139266
-2.6908635794743425	-0.9256843818178448	-1.673080155549779
-2.6658322903629545	-0.7848248962895952	-1.8312626275481025
-2.6408010012515644	-0.6203493702726401	-1.9517846998465105
-2.615769712140175	-0.45326985317445123	-2.0431129208167786
-2.5907384230287853	-0.284936974551953	-2.1238353109904335
-2.565707133917396	-0.09947918559172253	-2.200822431877106
-2.540675844806008	0.1179864319417816	-2.2622543341147368
-2.515644555694618	0.3701728248216982	-2.28661034207941
-2.4906132665832286	0.6449801992942152	-2.250127762540165
-2.4655819774718406	0.9124592088950823	-2.1378096807970457
-2.440550688360452	1.1357320123239778	-1.9584269513483679
-2.4155193992490616	1.2926147589955335	-1.7422767541282405
-2.3904881101376714	1.3846290424423358	-1.5223683829960666
-2.365456821026282	1.4287641373187068	-1.319034211254162
-2.340425531914894	1.4435948118479192	-1.1362095957927671
-2.3153942428035057	1.4383549335787928	-0.9685903008185907
-2.2903629536921155	1.4130187435758876	-0.8134996990743205
-2.2653316645807253	1.3674721529090594	-0.6751335263307215
-2.2403003754693356	1.3071687489382655	-0.5587261106657039
-2.2152690863579476	1.2401685577340884	-0.4651501531392219
-2.190237797246559	1.1728287234108512	-0.3914748546245629
-2.165206508135169	1.1086932181713949	-0.33357306601327397
-2.140175219023779	1.0492459427040464	-0.2876831749332901
-2.1151439299123904	0.9948361586679013	-0.2508520970263505
-2.0901126408010025	0.9452810916506129	-0.2208870952170696
-2.0650813516896127	0.9001854964034499	-0.19618576683673386
-2.0400500625782225	0.8590952341598941	-0.175574902509091
-2.0150187734668323	0.821565788619314	-0.15818712012133726
-1.989987484355444	0.7871896812093948	-0.1433728299402935
-1.9649561952440555	0.7556047501517691	-0.1306388090916826
-1.939924906132667	0.7264939119378844	-0.11960544540486331
-1.914893617021277	0.6995814525744453	-0.10997677521360597
-1.8898623279098858	0.67462820392225	-0.10151925675746976
-1.8648310387984974	0.6514266660353725	-0.09404654146247954
-1.839799749687109	0.6297965170171098	-0.08740840449292347
-1.8147684605757206	0.609580659386959	-0.08148259408052833
-1.7897371714643304	0.590641818172621	-0.07616875505742532
-1.764705882352942	0.5728596491103328	-0.0713838451121511
-1.7396745932415527	0.5561282953595907	-0.06705863857281316
-1.7146433041301625	0.5403543282744177	-0.06313503188852507
-1.6896120150187741	0.5254550123163999	-0.05956394674114407
-1.664580725907384	0.5113568414329008	-0.05630368338707109
-1.6395494367959955	0.4979943019409312	-0.053318616568303084
-1.6145181476846062	0.4853088241732375	-0.05057815452052716
-1.589486858573217	0.47324789149350166	-0.048055901822805835
-1.5644555694618276	0.4617642806963924	-0.04572898148655394
-1.5394242803504374	0.4508154123301915	-0.04357748240933909
-1.514392991239049	0.44036279322071636	-0.04158400624848749
-1.4893617021276597	0.43037153655043636	-0.03973329368376563
-1.4643304130162704	0.42080994736858557	-0.03801191448784674
-1.4392991239048811	0.41164916347260916	-0.03640800919799281
-1.4142678347934918	0.4028628432927337	-0.034911072761892176
-1.3892365456821025	0.39442689379906426	-0.03351177251690429
-1.3642052565707132	0.3863192325894378	-0.032201794402119954
-1.339173967459324	0.3785195792553653	-0.030973712505093454
-1.3141426783479346	0.3710092718970406	-0.029820877989776062
-1.2891113892365453	0.36377110529929846	-0.028737324199163583
-1.264080100125157	0.3567891878116609	-0.02771768532036184
-1.2390488110137667	0.35004881441709057	-0.026757126475380172
-1.2140175219023774	0.34353635384242964	-0.02585128348408161
-1.1889862327909881	0.3372391478704275	-0.024996210856351245
-1.1639549436795988	0.3311454212702216	-0.02418833682437503
-1.1389236545682104	0.3252442009779557	-0.02342442443513898
-1.1138923654568202	0.31952524333873833	-0.022701537897643315
-1.0888610763454318	0.3139789683711314	-0.022017013526801105
-1.0638297872340434	0.3085964001395709	-0.02136843475318484
-1.0387984981226523	0.30336911242302067	-0.02075361078044742
-1.013767209011264	0.2982891789510267	-0.020170558575718464
-0.9887359198998737	0.29334912754485853	-0.01961748797779983
-0.9637046307884853	0.28854189755158255	-0.01909278980927767
-0.9386733416770969	0.283860799994877	-0.01859502698832753
-0.9136420525657085	0.2792994798882571	-0.018122928762460785
-0.8886107634543183	0.2748518801653992	-0.017675388340925816
-0.8635794743429273	0.27051220667882236	-0.017251464400532324
-0.8385481852315388	0.2662748937047382	-0.0168503872038029
-0.8135168961201504	0.2621345693734616	-0.0164715704316495
-0.788485607008762	0.2580860204299005	-0.01611463034463434
-0.7634543178973718	0.25412415573949276	-0.015779414622700702
-0.7384230287859816	0.2502439680311991	-0.015466044308732135
-0.7133917396745932	0.2464404935942569	-0.015174973876549341
-0.6883604505632039	0.24270877018163362	-0.014907076841137276
-0.6633291614518155	0.23904379454454328	-0.01466376797203403
-0.6382978723404253	0.2354404834737044	-0.014447178757429749
-0.6132665832290352	0.23189364725463446	-0.014260411377348597
-0.5882352941176467	0.2283979947007373	-0.014107909693669846
-0.5632040050062583	0.22494820986798925	-0.01399600585078875
-0.5381727158948699	0.22153918354259972	-0.013933730256416962
-0.5131414267834788	0.21816657142671125	-0.013934010524559101
-0.48811013767208866	0.21482803499573766	-0.01401541787499351
-0.46307884856070025	0.21152589855885007	-0.014204586068585323
-0.43804755944931184	0.20827269898365164	-0.014539110153550375
-0.41301627033792343	0.20510239005643927	-0.015069445788125038
-0.38798498122653324	0.20209131525476254	-0.015854217047796285
-0.36295369211514483	0.199390241973735	-0.01693285060547607
-0.33792240300375376	0.1972450816346516	-0.018243888704377778
-0.31289111389236535	0.19591345721537762	-0.01948114238941008
-0.28785982478097694	0.1953597804627094	-0.02006456891278663
-0.26282853566958675	0.19499742828345923	-0.019559505652579634
-0.23779724655819834	0.19409883555849378	-0.01818059816742454
-0.21276595744680904	0.19242222135006504	-0.016527565091569302
-0.18773466833541974	0.19016040046856497	-0.015026110891555186
-0.16270337922403044	0.1875845123644031	-0.013812913505870647
-0.13767209011264026	0.18488208448131704	-0.012873072798912089
-0.11264080100125184	0.1821541010980767	-0.012149751310313359
-0.08760951188986255	0.17944800567273012	-0.011587969977261317
-0.06257822277847325	0.17678326977068928	-0.011145217686790554
-0.03754693366708395	0.17416580292309722	-0.01079104566940893
-0.01251564455569465	0.1715952396699425	-0.010504279822325241
0.01251564455569465	0.1690684618910825	-0.010270409549785725
0.03754693366708395	0.16658125793883333	-0.01007966424377546
0.06257822277847325	0.16412908454376357	-0.009925728682908697
0.08760951188986255	0.16170740918961363	-0.009804953163928945
0.11264080100125184	0.1593118767836867	-0.009715942143831605
0.13767209011264114	0.15693844515268526	-0.009659456083096984
0.16270337922403044	0.15458361444381416	-0.009638609413336802
0.18773466833541974	0.15224492506889079	-0.009659383670288041
0.21276595744680726	0.14992204331908757	-0.00973147405861427
0.23779724655819834	0.14761905681773596	-0.009869358842698336
0.26282853566958764	0.1453491283622328	-0.010092934019844624
0.28785982478097694	0.1431431793784248	-0.010425308118791193
0.31289111389236623	0.1410629311948663	-0.01088095617624725
0.33792240300375376	0.13920833232164487	-0.011431264089810073
0.36295369211514483	0.137680138746418	-0.011946115040517222
0.38798498122653235	0.1364529928631768	-0.0121884999442652
0.41301627033792343	0.13527996604412917	-0.011992845819409362
0.43804755944931273	0.1338719371685757	-0.011458748497511356
0.46307884856070025	0.13214195093063763	-0.010828995220763957
0.4881101376720913	0.13017154071303821	-0.010269195604285242
0.5131414267834788	0.12806831807945185	-0.009830095084439133
0.5381727158948699	0.1259051106955269	-0.009504131088789128
0.5632040050062574	0.1237203708148612	-0.009268215608922381
0.5882352941176467	0.12153153203778055	-0.009100434872529803
0.6132665832290378	0.11934508436934887	-0.008983956767211004
0.6382978723404253	0.1171622057943349	-0.00890675959517681
0.6633291614518164	0.11498159977433353	-0.008860483706349356
0.6883604505632039	0.11280086279756396	-0.008839370437076291
0.7133917396745932	0.1106171247858877	-0.00883947206408571
0.7384230287859808	0.10842733741017774	-0.008858104421152271
0.7634543178973718	0.10622839312770704	-0.00889347743784559
0.7884856070087629	0.10401716320324395	-0.00894444775144447
0.8135168961201504	0.10179049726941958	-0.009010353279763059
0.8385481852315397	0.09954520488632113	-0.009090902747414614
0.8635794743429273	0.09727802880600156	-0.0091861024302934
0.8886107634543183	0.0949856143687633	-0.009296208576557455
0.9136420525657059	0.09266447684495815	-0.009421698020032065
0.9386733416770969	0.09031096722989251	-0.009563252158889271
0.9637046307884862	0.08792123633586413	-0.009721751233126533
0.9887359198998737	0.08549119667263394	-0.009898277028864214
1.0137672090112648	0.08301648139988838	-0.010094122979343811
1.0387984981226523	0.08049239948585107	-0.010310811260657332
1.0638297872340434	0.07791388606926564	-0.010550116987835007
1.088861076345431	0.07527544687158727	-0.010814100069841681
1.1138923654568202	0.07257109532449824	-0.011105145731194907
1.1389236545682113	0.06979428085304029	-0.011426015198144956
1.1639549436795988	0.06693780647269354	-0.011779908623579333
1.18898623279099	0.06399373350796189	-0.012170543038879614
1.2140175219023774	0.06095327080480506	-0.012602249037757599
1.2390488110137667	0.057806645273198676	-0.013080091103310723
1.264080100125156	0.05454294994134923	-0.013610018105072244
1.2891113892365453	0.051149964912029056	-0.01419905268765656
1.3141426783479364	0.04761394567263921	-0.014855531291789681
1.339173967459324	0.043919372127056544	-0.015589410750341412
1.3642052565707132	0.040048650527994445	-0.016412663316838466
1.3892365456821025	0.03598175930629477	-0.017339790406203814
1.4142678347934918	0.031695828883052	-0.01838849746004624
1.4392991239048811	0.027164645476845273	-0.01958059003265479
1.4643304130162704	0.022358070844857858	-0.02094317727284213
1.4893617021276597	0.0172413761665966	-0.022510307876681124
1.514392991239049	0.011774503592146823	-0.024325222221413187
1.5394242803504383	0.00591130277067875	-0.026443493533718165
1.5644555694618276	-0.0004011389683540312	-0.02893746712321804
1.589486858573217	-0.0072228062366628265	-0.03190261423969776
1.6145181476846044	-0.01462013378054472	-0.03546672808480725
1.6395494367959955	-0.022663253887176715	-0.03980333341931483
1.6645807259073848	-0.03141861735670015	-0.04515123595473533
1.6896120150187741	-0.04093183347353513	-0.05184255239350846
1.7146433041301634	-0.05119026916588232	-0.06034078663430795
1.739674593241551	-0.06204521198376445	-0.07128506414357327
1.764705882352942	-0.07305959213502233	-0.08551681128345351
1.7897371714643295	-0.08324484868339344	-0.10401156653598356
1.8147684605757206	-0.09072266443220833	-0.12754481801524375
1.83979974968711	-0.09259112798561464	-0.15590432726725653
1.8648310387984974	-0.0855482435768975	-0.18679875856882752
1.8898623279098885	-0.06769182840758559	-0.21521507950876786
1.914893617021276	-0.04125414294776597	-0.23469465578322377
1.939924906132667	-0.013358592914431977	-0.2419859519622107
1.9649561952440546	0.009397141766714245	-0.2403460522100019
1.989987484355444	0.025671310875627906	-0.23472076474602224
2.015018773466835	0.03579145193551758	-0.227506445779071
2.0400500625782225	0.0392149175973846	-0.22129615787895288
2.065081351689613	0.037125237623976126	-0.22001985823198386
2.090112640801001	0.03345814655693946	-0.2265105982893886
2.1151439299123904	0.033473361834358784	-0.240673254037622
2.1401752190237784	0.04150585397635975	-0.2590871326742812
2.165206508135169	0.058940265571595596	-0.27637423230676084
2.1902377972465596	0.08377756820844384	-0.2874366385293211
2.2152690863579476	0.1113105374766814	-0.28936108704368946
2.240300375469337	0.13622641235955024	-0.2831927408620827
2.265331664580725	0.1562596309821056	-0.2727962550867772
2.2903629536921155	0.17230787646024037	-0.26075685797847403
2.315394242803503	0.18500765799775953	-0.24753602551824874
2.340425531914894	0.1938709035864603	-0.2340266831781805
2.3654568210262834	0.19938874691194242	-0.22220046172673766
2.3904881101376714	0.20379215672708906	-0.21308355517395852
2.415519399249062	0.20919059959672337	-0.20544833342512056
2.4405506883604495	0.21560153833750517	-0.19706874641653857
2.4655819774718406	0.22122212630111449	-0.18707222920933128
2.490613266583228	0.22465985398652988	-0.17666036268081117
2.515644555694618	0.22630970628771108	-0.16748995187133117
2.5406758448060085	0.22764104805449215	-0.1601109426990023
2.565707133917396	0.22987047619654577	-0.15377527419131784
2.590738423028787	0.23314292888078825	-0.14726983094356894
2.6157697121401746	0.2368309179234993	-0.13996194334594445
2.6408010012515644	0.24049063566538198	-0.1318766442338105
2.665832290362953	0.24410411362386553	-0.12292049234166214
2.6908635794743425	0.2473785665833672	-0.11257096042116646
2.7158948685857336	0.24931793739054653	-0.1006159999933948
2.740926157697121	0.24894596481110565	-0.08775956699357843
2.765957446808511	0.24601034433095714	-0.07512680264635019
2.7909887359198997	0.24087755840701108	-0.06367838544929774
2.816020025031289	0.23426946728939102	-0.05399301026366973
2.841051314142678	0.2269756240621672	-0.04618186007029776
2.8660826032540676	0.2195873368362129	-0.04002042053174962
2.8911138923654573	0.21243562357556423	-0.035173211505724555
2.916145181476846	0.20566354084395	-0.03132971250096764
2.9411764705882355	0.19930960155580157	-0.028245023705973704
2.9662077596996244	0.19336194296324027	-0.025737484626002782
2.991239048811014	0.1877876068783122	-0.023675365228827086
3.0162703379224016	0.18254735296642055	-0.021963365576791544
3.0413016270337927	0.17760220124293857	-0.020531652538506445
3.066332916145182	0.1729157018635168	-0.01932823171931239
3.091364205256571	0.1684545742400596	-0.018313950522780342
3.1163954943679606	0.16418877373786112	-0.01745907321354033
3.141426783479348	0.16009122605173243	-0.016740779531591823
3.166458072590739	0.15613723241492306	-0.01614140023848014
3.1914893617021267	0.15230379655207793	-0.015647498379951982
3.2165206508135173	0.14856945089127294	-0.015249470593313164
3.241551939924907	0.14491438881179874	-0.014940843871706827
3.2665832290362946	0.14132012634884727	-0.014717427435441188
3.2916145181476857	0.13776886986694903	-0.014576934870939778
3.316645807259073	0.13424302692886636	-0.014518969315903671
3.341677096370464	0.13072486007829331	-0.014545115695245511
3.366708385481852	0.12719617122821036	-0.014659091709194882
3.391739674593241	0.12363796533488314	-0.014866992415028979
3.416770963704632	0.12003007833425139	-0.015177670338228547
3.4418022528160197	0.11635076307814751	-0.015603297271300123
3.4668335419274103	0.11257622920695765	-0.01616016985030691
3.4918648310387983	0.10868013768055107	-0.016869849797075676
3.5168961201501876	0.10463306326430333	-0.017760774613650207
3.5419274092615756	0.10040196638360666	-0.01887054292184996
3.566958698372966	0.09594977499626411	-0.020249182843880748
3.591989987484357	0.09123529960970833	-0.02196386986893782
3.617021276595745	0.08621395689961364	-0.02410579521727617
3.642052565707134	0.08084029829649664	-0.02680021293813631
3.667083854818522	0.07507441678028082	-0.030221075957756915
3.6921151439299127	0.0688965149610441	-0.03461184914283649
3.7171464330413	0.062338308805625076	-0.04031304829000301
3.7421777221526913	0.05554785076648994	-0.047791491801327274
3.7672090112640806	0.04891459733734571	-0.057646968131415705
3.7922403003754686	0.0432764500160161	-0.07052055542522806
3.817271589486859	0.04013657812792015	-0.08674409536521777
3.8423028785982467	0.04151425147162913	-0.10562853100881336
3.867334167709638	0.04887630182985436	-0.12498350966276406
3.8923654568210253	0.061914316945373304	-0.14215433385700763
3.917396745932415	0.07929142459203531	-0.15558764922275561
3.9424280350438057	0.0999196200306387	-0.16421376784241157
3.967459324155193	0.12203964117767496	-0.16677707770266106
3.9924906132665843	0.14290638319668902	-0.16329633227017917
4.017521902377972	0.16054424086221752	-0.15555462169349868
4.042553191489361	0.17467054953571148	-0.14558148484868272
4.06758448060075	0.18579881870073223	-0.13455346412437144
4.09261576971214	0.19443512543567465	-0.12307774869357738
4.117647058823531	0.20105846322238285	-0.11147515791071586
4.142678347934918	0.20603631003519496	-0.09976814732357303
4.167709637046308	0.20943146361275566	-0.087807473360244
4.192740926157697	0.2109212594344667	-0.07560505602570847
4.217772215269086	0.210139088720239	-0.0636901600859496
4.2428035043804755	0.20721814242598047	-0.052902991838868735
4.267834793491865	0.20281653874288175	-0.04383231223404549
4.292866082603254	0.1977093473123528	-0.03657513404960999
4.317897371714643	0.19246864111727469	-0.030895000034782766
4.342928660826033	0.18741021702452	-0.026458128687521648
4.367959949937422	0.18267092560383436	-0.022962184530354646
4.392991239048811	0.1782900702691954	-0.020171259811194303
4.418022528160199	0.17426084957690158	-0.01791121926925049
4.44305381727159	0.1705574329348032	-0.016055559896972285
4.468085106382979	0.16714800810425867	-0.014512214629174014
4.4931163954943685	0.16400067532451867	-0.01321352438876118
4.518147684605758	0.16108588040177185	-0.012109120797057601
4.543178973717145	0.15837722608884075	-0.011160984345334829
4.568210262828536	0.1558515518684711	-0.010340021164102917
4.593241551939924	0.15348870697994954	-0.00962367610466415
4.618272841051315	0.15127121660661746	-0.008994250729242995
4.643304130162704	0.1491839329085387	-0.008437703654453219
4.668335419274092	0.14721371097584335	-0.00794278435975139
4.693366708385483	0.14534912603222772	-0.007500399927613324
4.71839799749687	0.14358023852498025	-0.007103144416839666
4.7434292866082615	0.14189841034743278	-0.006744935663088855
4.768460575719649	0.140296168061659	-0.006420703198420141
4.793491864831038	0.13876707070515426	-0.0061260609240858105
4.818523153942429	0.13730543947424856	-0.0058569537616669776
4.843554443053817	0.13590581327002127	-0.005609549512149717
4.868585732165208	0.1345625907467456	-0.005380776279120758
4.8936170212765955	0.13327062026416758	-0.005168835026599747
4.918648310387985	0.13202590889957477	-0.004972658409745381
4.943679599499372	0.1308254131740929	-0.0047911481394104505
4.968710888610763	0.12966654961973845	-0.004623009739083944
4.9937421777221545	0.12854694984973847	-0.004466823160476974
5.018773466833542	0.1274642796784251	-0.004321085329282048
5.043804755944931	0.12641603691858982	-0.00418440510219667
5.068836045056319	0.12539964566311568	-0.004055857142398686
5.09386733416771	0.12441285624134757	-0.003935025277273643
5.118898623279097	0.12345393045711006	-0.0038216802023888913
5.1439299123904885	0.12252150263194572	-0.0037155390581412595
5.168961201501878	0.12161443142801964	-0.00361625099976684
5.193992490613265	0.12073179938907153	-0.003523416012442257
5.219023779724656	0.11987296470872622	-0.003436452539050769
5.244055068836044	0.11903739920180545	-0.003354279242345229
5.269086357947435	0.11822400460157301	-0.0032752110162201503
5.2941176470588225	0.11743046006580204	-0.0031978826317516917
5.319148936170212	0.11665409556030593	-0.003122487422679718
5.344180225281603	0.115893417870093	-0.003050263128067429
5.36921151439299	0.11514809492595468	-0.002982156004351366
5.3942428035043815	0.11441815121394328	-0.0029184929537707377
5.419274092615769	0.113703628867305	-0.002859268137898316
5.444305381727158	0.11300466681594745	-0.002804293995171403
5.469336670838548	0.11232159286986132	-0.002753019042219751
5.494367959949937	0.11165462299553308	-0.0027041638975181664
5.519399249061328	0.11100301718556338	-0.00265582170260667
5.5444305381727155	0.1103645712347543	-0.0026066346860555423
5.569461827284105	0.10973666914772195	-0.002557078745625871
5.594493116395494	0.10911808202611173	-0.00250901754914179
5.619524405506883	0.10850933548600139	-0.002464005783016407
5.644555694618273	0.10791177067426805	-0.002422318859035169
5.669586983729662	0.10732653417142046	-0.002382784217671921
5.694618272841051	0.1067534050817116	-0.0023431705559721905
5.719649561952441	0.10619014983293162	-0.0023019005989240587
5.74468085106383	0.10563417358372895	-0.002259652025637063
5.769712140175219	0.10508454606200335	-0.002218269727749994
5.7947434292866085	0.10454168032645228	-0.0021789683579925834
5.819774718397996	0.10400618044851129	-0.0021420627473580367
5.844806007509387	0.10347837529640547	-0.002107436565972745
5.869837296620776	0.10295834397094161	-0.002074884346417255
5.894868585732166	0.10244604722506878	-0.0020442359819086015
5.919899874843555	0.10194143923801935	-0.002015357380425367
5.9449311639549425	0.10144452747946797	-0.001988066156277446
5.9699624530663336	0.10095530050729717	-0.0019619898686515647
5.994993742177721	0.10047343844306411	-0.0019365647368492778
6.020025031289112	0.09999811969983963	-0.0019114688677014519
6.0450563204005014	0.09952847274634191	-0.001887055839947499
6.07008760951189	0.0990641343352161	-0.001864057308707312
6.09511889862328	0.09860517407596081	-0.0018431132903331537
6.120150187734667	0.09815183306511432	-0.0018247363740972328
6.145181476846059	0.09770452108805916	-0.0018094654678510458
6.170212765957445	0.09726406019108058	-0.001797908226643774
6.195244055068836	0.09683208198323623	-0.0017904666127330632
6.2202753441802265	0.09641128938991184	-0.0017864142733152871
6.245306633291613	0.09600452076092747	-0.0017822529750145255
6.270337922403005	0.09561127411986003	-0.0017713735295201843
6.295369211514392	0.09522475477654968	-0.0017488493171663039
6.320400500625783	0.09483657137124535	-0.001717229522575886
6.3454317897371695	0.09444396554102674	-0.0016835436057429654
6.37046307884856	0.09404932228740659	-0.0016528758963773038
6.395494367959952	0.09365620640968686	-0.001626940093274798
6.420525657071338	0.09326758812507219	-0.0016053628128950004
6.445556946182729	0.09288553859436455	-0.0015864096895057134
6.470588235294116	0.09251051870915994	-0.0015673061464065163
6.495619524405506	0.09214061215306657	-0.0015458073664699201
6.520650813516895	0.09177304151748888	-0.0015221832922453216
6.545682102628285	0.09140668839111221	-0.0014984030199447773
6.570713391739676	0.09104211846626242	-0.0014759588924790484
6.5957446808510625	0.09068026019883657	-0.001455295778295354
6.620775969962453	0.09032175085737038	-0.0014362886285355647
6.645807259073841	0.08996690809594732	-0.0014186541410277087
6.670838548185231	0.08961584632457509	-0.0014021108431536422
6.695869837296622	0.08926855500379016	-0.001386422618307584
6.720901126408009	0.08892495106374376	-0.001371428368462796
6.745932415519399	0.08858495307372305	-0.0013570426539298713
6.770963704630788	0.08824852197987187	-0.0013431867880421694
6.795994993742178	0.08791560385794295	-0.0013297279716763533
6.821026282853566	0.08758604243010115	-0.0013165315674342482
6.8460575719649555	0.0872596168919717	-0.001303585668102486
6.871088861076346	0.08693618506531475	-0.0012909978390539256
6.896120150187734	0.08661572030215403	-0.001278877659897787
6.921151439299124	0.0862982541756736	-0.0012672829736603969
6.946182728410513	0.08598384631948619	-0.0012562216708466162
6.971214017521902	0.0856725744205038	-0.001245629336944179
6.996245306633291	0.08536446379091522	-0.001235330122469555
7.0212765957446805	0.08505934883088795	-0.0012251164293032718
7.046307884856071	0.0847569048078407	-0.0012149994290172467
7.071339173967459	0.08445696097423205	-0.0012052779815716341
7.0963704630788484	0.08415969002838963	-0.0011962780181748178
7.121401752190238	0.08386553895568927	-0.0011880967819360572
7.146433041301627	0.08357506519972091	-0.0011804002069300407
7.171464330413016	0.0832885189384962	-0.001172270688654456
7.196495619524406	0.08300520792459842	-0.0011626398513893133
7.221526908635795	0.08272370541342244	-0.0011513736023014698
7.246558197747184	0.08244310781070485	-0.0011394207237860887
7.2715894868585735	0.08216349012542068	-0.001127765146943016
7.296620775969963	0.08188531446537795	-0.0011168550569971847
7.321652065081352	0.08160896235429593	-0.001106754161397716
7.3466833541927405	0.08133464320810457	-0.0010973845455319736
7.371714643304131	0.08106243303435079	-0.0010886520798942673
7.39674593241552	0.08079232436443373	-0.001080506715949392
7.421777221526909	0.0805242825695549	-0.0010729702313950484
7.446808510638299	0.08025829340097257	-0.001066136592199965
7.471839799749687	0.07999440813477587	-0.0010601729251698
7.496871088861077	0.07973281942550159	-0.0010553052280435488
7.521902377972466	0.07947397054807759	-0.0010517437746360575
7.546933667083856	0.0792186712559646	-0.0010494618209607315
7.571964956195245	0.07896800315177277	-0.0010477053303785955
7.5969962453066335	0.07872248377122659	-0.0010445235974156641
7.622027534418024	0.0784806502647708	-0.0010376109591310329
7.647058823529412	0.07823942989913757	-0.0010266545918530406
7.672090112640802	0.07799686154975571	-0.0010137198125187707
7.697121401752189	0.07775313714626364	-0.0010009747487980392
7.72215269086358	0.07750931691820018	-0.0009894081961348972
7.74718397997497	0.07726628499299437	-0.0009791533621720389
7.772215269086359	0.07702454671923853	-0.0009700349599674474
7.797246558197749	0.07678433967730314	-0.0009618431994839888
7.8222778473091354	0.07654575768947947	-0.000954419780485341
7.8473091364205265	0.07630883151165424	-0.0009476720125674298
7.872340425531913	0.07607358025651756	-0.0009415670281425342
7.897371714643305	0.07584005452937514	-0.0009361183703422982
7.922403003754695	0.07560838558779803	-0.000931352845604097
7.947434292866082	0.07537883050629546	-0.0009272203234163973
7.972465581977473	0.07515172459183717	-0.0009234100534513262
7.99749687108886	0.07492715768196856	-0.0009192081923467404
8.022528160200253	0.07470450253080418	-0.0009138620311642254
8.047559449311638	0.074482656794296	-0.0009073857158875681
8.072590738423028	0.0742609910033023	-0.0009005617598217969
8.09762202753442	0.07403959146925754	-0.0008941382541257509
8.122653316645806	0.07381879043574013	-0.0008884679855375582
8.147684605757199	0.07359884609733935	-0.0008836552364380884
8.172715894868585	0.07337990282514806	-0.0008797447494160726
8.197747183979974	0.07316205253257646	-0.0008768168132644999
8.222778473091363	0.07294541619205841	-0.0008750182990340111
8.247809762202753	0.07273024469061173	-0.0008745450491863538
8.272841051314145	0.07251704345463761	-0.0008755302221495481
8.297872340425531	0.07230662788101849	-0.0008777316493707721
8.32290362953692	0.0720997551879341	-0.000880035446498284
8.34793491864831	0.07189599691218884	-0.0008805092492016747
8.3729662077597	0.07169305676628301	-0.000878053801781381
8.397997496871088	0.07148849188178286	-0.0008739295668077629
8.423028785982478	0.07128168934676804	-0.0008705446846287157
8.448060075093867	0.0710734586327666	-0.0008696955101073767
8.473091364205256	0.07086494708043656	-0.0008723974051651762
8.498122653316646	0.0706573851965322	-0.0008793708691941932
8.523153942428035	0.07045245464237215	-0.0008911988633244633
8.548185231539424	0.07025277171385458	-0.0009077714539262455
8.573216520650814	0.07006161543828693	-0.0009268003111519568
8.598247809762203	0.06988028826973913	-0.000942527447063829
8.623279098873592	0.06970396050142735	-0.000948658475511982
8.648310387984981	0.06952339456869705	-0.0009454939508957705
8.67334167709637	0.06933331511598073	-0.0009405368405204784
8.69837296620776	0.06913518692209752	-0.0009416306643526967
8.72340425531915	0.06893360897267353	-0.0009535598273526374
8.748435544430539	0.0687341295555699	-0.0009790481754796132
8.773466833541928	0.06854401144765188	-0.0010194673055670678
8.798498122653317	0.0683737052487734	-0.0010726870796810423
8.823529411764707	0.06823488578535919	-0.001127513269917474
8.848560700876096	0.06812939088100212	-0.0011606385966141386
8.873591989987485	0.06803623190123265	-0.0011507890322275949
8.898623279098874	0.06792367684171641	-0.001102201941526798
8.92365456821026	0.06777753831515465	-0.001039314025476079
8.948685857321653	0.06760398380695332	-0.0009822734277463996
8.973717146433042	0.06741465928065171	-0.0009388860436446295
8.998748435544432	0.06721839360244086	-0.000909773702039457
9.023779724655821	0.06702062836743128	-0.0008934393567847504
9.048811013767207	0.06682511765010712	-0.0008882659053316283
9.0738423028786	0.06663547885853394	-0.0008923786451645876
9.098873591989985	0.06645551489186108	-0.000902050823536088
9.123904881101378	0.06628674654815203	-0.0009101429571535952
9.148936170212767	0.06612404712141728	-0.0009089440459600084
9.173967459324153	0.0659572559750794	-0.0008976828831281924
9.198998748435546	0.06578003785057707	-0.0008833481435291529
9.224030037546932	0.06559291334240047	-0.0008732849309069785
9.249061326658325	0.06539904555762366	-0.0008713436016972997
9.27409261576971	0.06520103032991553	-0.0008791177530703825
9.2991239048811	0.06500041956611025	-0.0008978487026822107
9.324155193992492	0.06479833121522294	-0.0009295199252691844
9.349186483103878	0.06459635108977135	-0.0009774304028081215
9.374217772215271	0.06439782193699717	-0.001046507176630157
9.399249061326657	0.06420999398595395	-0.001143073704922365
9.424280350438046	0.06404744567039966	-0.0012727428574780264
9.449311639549435	0.06393549922445718	-0.0014333116607395252
9.474342928660825	0.06390600444399563	-0.0015997404605086474
9.499374217772218	0.06397019359800549	-0.0017126026198449884
9.524405506883603	0.06407950823939945	-0.0017088086639051453
9.549436795994993	0.06414629708136044	-0.0015886788676368196
9.574468085106382	0.06412292017095833	-0.0014152341173046395
9.599499374217771	0.06402113913713858	-0.0012466923091340731
9.62453066332916	0.06387206128472389	-0.0011067593013908694
9.64956195244055	0.06369961691316828	-0.0009974175239631788
9.67459324155194	0.06351767444292644	-0.000913740614770675
9.699624530663328	0.06333362579489776	-0.0008498844812968309
9.724655819774718	0.06315112948997115	-0.0008007585725713362
9.749687108886107	0.06297176848268382	-0.000762412307364721
9.774718397997496	0.06279605630431906	-0.0007319539813556986
9.799749687108886	0.06262400143420255	-0.0007073182776098225
9.824780976220275	0.062455397725941886	-0.0006870368020747697
9.849812265331664	0.06228996501778905	-0.0006700593482052014
9.874843554443054	0.06212741373119979	-0.0006556265956840363
9.899874843554443	0.06196747237432643	-0.0006431824853914275
9.924906132665832	0.06180989741642495	-0.0006323144756267413
9.949937421777221	0.06165447505815447	-0.0006227127290322487
9.97496871088861	0.06150101951175646	-0.0006141420473465276
10.0	0.06134937001060248	-0.0006064224388300926
