-10.0	-0.0593629321400444	-0.0005959301804269318
-9.97496871088861	-0.0595090333006949	-0.0006096725977594863
-9.949937421777221	-0.05965729356743754	-0.000626807371113855
-9.924906132665832	-0.0598077330012865	-0.000648479725921608
-9.899874843554443	-0.05996011318491501	-0.0006763330791619421
-9.874843554443054	-0.06011360735600402	-0.0007126938628181367
-9.849812265331664	-0.060266137049528545	-0.0007607105429959377
-9.824780976220275	-0.06041311906042868	-0.0008241375546852725
-9.799749687108886	-0.06054548529123682	-0.0009058478927550934
-9.774718397997496	-0.06064808973566027	-0.0010031657835017915
-9.749687108886107	-0.060703696328103796	-0.0010989855912707097
-9.724655819774718	-0.06071062410736783	-0.001157730341994817
-9.699624530663328	-0.06070200250918756	-0.0011479523051938223
-9.67459324155194	-0.06072597886091646	-0.0010775251555245197
-9.64956195244055	-0.060803062472420955	-0.0009839822299581996
-9.62453066332916	-0.060923184214765946	-0.000897295287135294
-9.599499374217771	-0.061068581359172036	-0.0008283623027943721
-9.574468085106382	-0.06122625381709579	-0.0007770430567616282
-9.549436795994993	-0.0613889892237518	-0.0007398210361245078
-9.524405506883603	-0.061553300437602765	-0.0007130813885698611
-9.499374217772216	-0.06171767772320447	-0.0006939756206613829
-9.474342928660825	-0.06188157808245709	-0.0006804455206462084
-9.449311639549435	-0.062044908987966885	-0.0006710490182714607
-9.424280350438046	-0.06220777762765106	-0.0006647853868337744
-9.399249061326657	-0.06237037245778598	-0.0006609624256846691
-9.37421777221527	-0.06253290895557573	-0.0006591043673350172
-9.349186483103878	-0.06269560618582037	-0.0006588905921249971
-9.32415519399249	-0.06285867793056266	-0.0006601160491371133
-9.2991239048811	-0.0630223303120312	-0.0006626667591334567
-9.274092615769712	-0.06318676166826531	-0.0006665057517454137
-9.249061326658325	-0.06335216250560816	-0.0006716656243959673
-9.224030037546934	-0.06351871621294247	-0.0006782437898539134
-9.198998748435546	-0.06368660787550962	-0.000686399549473235
-9.173967459324155	-0.06385605119104465	-0.0006963702470491606
-9.148936170212767	-0.06402730694190328	-0.0007085416790444665
-9.123904881101378	-0.06420062719783726	-0.0007235444599142243
-9.098873591989987	-0.06437616043785521	-0.0007422978297744603
-9.0738423028786	-0.0645538949695128	-0.0007660712520873442
-9.048811013767208	-0.06473352290552281	-0.0007966809785621143
-9.023779724655821	-0.06491400143920334	-0.0008367399183919072
-8.998748435544432	-0.0650926727812644	-0.000889720258968052
-8.973717146433042	-0.06526377622369761	-0.0009594356840516849
-8.948685857321653	-0.06541635601636653	-0.00104780001376506
-8.923654568210262	-0.06553354617896101	-0.0011487127385908236
-8.898623279098874	-0.0656002380009797	-0.001238729921519563
-8.873591989987485	-0.06562479153140455	-0.001279224429514586
-8.848560700876096	-0.06565006007874441	-0.001248499578217821
-8.823529411764707	-0.06571918864860304	-0.001167895266250052
-8.798498122653317	-0.06584095311149785	-0.0010761955986385158
-8.773466833541928	-0.06600034087296347	-0.000997232053476682
-8.748435544430539	-0.06618034183348254	-0.0009374327382421221
-8.72340425531915	-0.06636971882608567	-0.0008951292511935882
-8.69837296620776	-0.06656224631393304	-0.0008666453844905914
-8.67334167709637	-0.06675457959971798	-0.0008483086340191348
-8.648310387984981	-0.06694511881462883	-0.0008365877260265858
-8.623279098873592	-0.06713405458916721	-0.0008282401295837821
-8.598247809762203	-0.06732317831768864	-0.0008214849931934692
-8.573216520650814	-0.06751418464856851	-0.000816630365965465
-8.548185231539424	-0.06770743825461611	-0.0008147990952652867
-8.523153942428035	-0.06790247631750024	-0.0008167728207844754
-8.498122653316646	-0.06809870996008893	-0.0008230137616126593
-8.473091364205256	-0.06829551133999967	-0.0008340448888985025
-8.448060075093867	-0.06849188675189222	-0.0008506511752472273
-8.423028785982478	-0.06868589678876535	-0.0008737379906547244
-8.397997496871088	-0.06887394984812278	-0.0009034948935081749
-8.3729662077597	-0.06905079097486766	-0.0009372593679093377
-8.34793491864831	-0.0692125646427657	-0.0009667744166491216
-8.32290362953692	-0.06936376270499256	-0.0009802314577622845
-8.297872340425531	-0.06951851116337426	-0.0009730586711636097
-8.272841051314144	-0.06968860843795444	-0.0009533621211058885
-8.247809762202753	-0.06987539733386772	-0.0009324712135398844
-8.222778473091363	-0.07007442442137535	-0.0009168882010781726
-8.197747183979974	-0.07028109191848575	-0.0009086254586541942
-8.172715894868585	-0.07049236014545546	-0.0009077417130499421
-8.147684605757197	-0.07070651423215768	-0.0009139706905910566
-8.122653316645806	-0.07092250761185159	-0.0009274509357487526
-8.097622027534417	-0.07113929502057115	-0.0009489938441571283
-8.072590738423028	-0.07135509546621766	-0.0009801116680344668
-8.047559449311638	-0.07156636658027171	-0.0010226772042783716
-8.02252816020025	-0.07176644173144542	-0.0010775014174945474
-7.9974968710888605	-0.07194509404294891	-0.0011404782025893345
-7.972465581977473	-0.07209345490621821	-0.0011968602468442058
-7.947434292866082	-0.07221743597679531	-0.0012230617223963208
-7.922403003754694	-0.07234370040995586	-0.0012067162336329706
-7.897371714643305	-0.07249806287084137	-0.0011617036176990447
-7.872340425531914	-0.07268517676138675	-0.0011117358099946711
-7.8473091364205265	-0.07289568338983354	-0.0010711834932674441
-7.8222778473091354	-0.0731192298485972	-0.0010441388898258935
-7.797246558197748	-0.07334880659718479	-0.001030153939108533
-7.772215269086359	-0.07357995931560968	-0.0010278820233833447
-7.7471839799749675	-0.07380900872966567	-0.001036110698389367
-7.72215269086358	-0.07403164317107702	-0.0010530221151916347
-7.697121401752189	-0.07424298952031627	-0.0010739602472063792
-7.672090112640801	-0.07444125043085936	-0.0010895508887634048
-7.647058823529412	-0.0746333870962621	-0.0010898914368898394
-7.622027534418023	-0.07483237409166676	-0.0010743191431066973
-7.596996245306634	-0.07504563884815596	-0.0010516815344994296
-7.571964956195245	-0.07527180077796292	-0.0010305463011008459
-7.546933667083856	-0.0755063244413483	-0.0010145204718251671
-7.5219023779724665	-0.07574557114160019	-0.001003851888782742
-7.496871088861077	-0.0759874663884883	-0.000997635293527352
-7.471839799749688	-0.07623100713480113	-0.000994865681108667
-7.446808510638299	-0.07647575691489283	-0.0009947469657591301
-7.421777221526909	-0.07672152709506808	-0.0009967161407875846
-7.39674593241552	-0.07696819072616634	-0.0010003748957076175
-7.371714643304131	-0.07721558295649	-0.0010053651588040474
-7.346683354192741	-0.07746353287433472	-0.0010111897659487445
-7.321652065081352	-0.07771213171465696	-0.0010171304549979054
-7.296620775969963	-0.07796201524639823	-0.001022602689883842
-7.2715894868585735	-0.07821401939706707	-0.0010276797918861158
-7.246558197747184	-0.07846852571128782	-0.001032895600824063
-7.221526908635795	-0.07872544966930217	-0.0010386654825228353
-7.196495619524406	-0.07898459787309164	-0.0010451270557857578
-7.171464330413016	-0.0792458503885003	-0.0010522686822634908
-7.146433041301627	-0.07950917117081335	-0.0010600455801751535
-7.121401752190238	-0.07977457313639302	-0.001068430318960159
-7.0963704630788484	-0.08004208519213662	-0.001077428874821429
-7.071339173967459	-0.08031172307969747	-0.001087084110658998
-7.04630788485607	-0.08058345427763225	-0.0010974699178925157
-7.0212765957446805	-0.08085714851028047	-0.0011086596666148307
-6.996245306633291	-0.08113253041543711	-0.0011206257430468325
-6.971214017521902	-0.08140924131671579	-0.0011330306789947703
-6.946182728410513	-0.0816872207585142	-0.0011450742155212773
-6.921151439299123	-0.08196724051020965	-0.00115593359578324
-6.896120150187734	-0.08225059661343437	-0.0011656843212936446
-6.871088861076345	-0.08253802531826437	-0.0011752686134084422
-6.8460575719649555	-0.08282945641122286	-0.001185576464585003
-6.821026282853566	-0.08312455794645501	-0.0011970562625756298
-6.795994993742177	-0.0834230951999384	-0.0012098951763267335
-6.770963704630788	-0.0837249743949986	-0.00122424262897107
-6.745932415519399	-0.08403017723436168	-0.0012403335384573166
-6.720901126408009	-0.08433867694840025	-0.0012585567832640865
-6.69586983729662	-0.08465033025889834	-0.0012795112872049097
-6.670838548185231	-0.08496469749947444	-0.0013040530123557131
-6.645807259073841	-0.08528071334941068	-0.001333271929061644
-6.620775969962453	-0.08559613587143122	-0.0013681876027015205
-6.595744680851063	-0.08590694094916707	-0.0014086594499176514
-6.570713391739676	-0.08620781834970881	-0.0014509542849168583
-6.545682102628285	-0.08649634942925921	-0.0014855233753394287
-6.520650813516897	-0.08677983744457585	-0.0015013315676443706
-6.495619524405506	-0.08707312947588974	-0.0014972487030713022
-6.470588235294117	-0.0873853637214621	-0.0014834684104735735
-6.445556946182729	-0.0877153180509822	-0.0014703804034398443
-6.420525657071338	-0.08805775317704612	-0.0014626136598284989
-6.395494367959951	-0.08840835674292524	-0.001460708711199507
-6.37046307884856	-0.08876465461795835	-0.0014637369280126739
-6.34543178973717	-0.0891254663554415	-0.0014705851391601105
-6.320400500625783	-0.0894903229056796	-0.0014803424657426206
-6.295369211514392	-0.08985911031775728	-0.0014923448670665085
-6.270337922403004	-0.0902318839388947	-0.0015061287031811754
-6.245306633291613	-0.09060877737388218	-0.0015213755949881197
-6.2202753441802265	-0.09098995924211994	-0.0015378685999591912
-6.195244055068836	-0.09137561322783849	-0.001555461104005909
-6.170212765957448	-0.09176592934654426	-0.0015740556100160147
-6.145181476846059	-0.09216110057854898	-0.0015935894524415767
-6.120150187734667	-0.0925613220454915	-0.0016140251781763953
-6.09511889862328	-0.09296679136634456	-0.001635344035287284
-6.070087609511891	-0.09337770954274216	-0.0016575415327161475
-6.0450563204005014	-0.09379428207948415	-0.0016806243993718745
-6.020025031289112	-0.09421672020259653	-0.001704608537296537
-5.994993742177721	-0.0946452420471795	-0.001729517700488542
-5.9699624530663336	-0.09508007375017069	-0.0017553826028317704
-5.9449311639549425	-0.09552145057330996	-0.0017822402656082342
-5.919899874843555	-0.0959696181238403	-0.0018101336346474928
-5.894868585732166	-0.09642483360308685	-0.0018391114545552173
-5.869837296620776	-0.09688736706482359	-0.0018692283153918382
-5.844806007509387	-0.09735750271702859	-0.0019005448232497918
-5.819774718397998	-0.09783554029678942	-0.0019331278802570684
-5.7947434292866085	-0.09832179653956796	-0.0019670510695836974
-5.769712140175219	-0.09881660676134985	-0.0020023951442670745
-5.74468085106383	-0.0993203265732685	-0.002039248621416259
-5.719649561952441	-0.09983333375096226	-0.0020777084861001854
-5.694618272841051	-0.10035603028519002	-0.002117881013371792
-5.669586983729662	-0.10088884464438141	-0.002159882726375878
-5.644555694618273	-0.10143223427022807	-0.0022038415180306165
-5.619524405506883	-0.10198668831855606	-0.002249897945109283
-5.594493116395494	-0.10255273069728332	-0.0022982066895461672
-5.569461827284105	-0.10313092347688801	-0.0023489382312358448
-5.5444305381727155	-0.10372187071246586	-0.0024022807944915348
-5.519399249061326	-0.10432622271810743	-0.002458442605919056
-5.494367959949937	-0.10494468086251629	-0.0025176545064309747
-5.469336670838549	-0.10557800296925546	-0.0025801729795994766
-5.444305381727158	-0.1062270094158837	-0.002646283674656552
-5.419274092615769	-0.10689259004070895	-0.0027163055189005497
-5.3942428035043815	-0.10757571198468607	-0.0027905955343902056
-5.36921151439299	-0.10827742861859324	-0.0028695544988965177
-5.344180225281603	-0.10899888973323435	-0.002953633621306115
-5.319148936170212	-0.10974135320640777	-0.003043342437067456
-5.2941176470588225	-0.11050619841546006	-0.0031392581734513564
-5.269086357947435	-0.11129494175415733	-0.003242036917022073
-5.244055068836044	-0.11210925468083754	-0.0033524271070306255
-5.219023779724656	-0.11295098457826036	-0.0034712860619056513
-5.193992490613266	-0.11382217863324051	-0.0035995999903436215
-5.168961201501876	-0.11472511166542798	-0.0037385079117380343
-5.1439299123904885	-0.1156623191501005	-0.0038893308989013664
-5.1188986232791	-0.11663663616240516	-0.00405360847618165
-5.09386733416771	-0.11765124315100461	-0.004233143962253258
-5.06883604505632	-0.11870971998376234	-0.0044300611327602185
-5.043804755944931	-0.11981611005031123	-0.004646875541356496
-5.018773466833542	-0.12097499652720423	-0.0048865850231476216
-4.993742177722154	-0.12219159331799379	-0.005152785502267762
-4.968710888610763	-0.12347185366000435	-0.005449820486060672
-4.943679599499373	-0.12482259987242195	-0.005782975883993874
-4.918648310387985	-0.12625167803544723	-0.006158736453616018
-4.893617021276597	-0.12776814143559712	-0.006585126770835795
-4.868585732165207	-0.12938246627308558	-0.007072169447282214
-4.843554443053817	-0.13110680115044904	-0.0076325083768749025
-4.818523153942427	-0.13295524639079126	-0.008282267093514678
-4.793491864831038	-0.13494414758878204	-0.009042245927105813
-4.768460575719651	-0.13709236327586183	-0.00993961331852404
-4.7434292866082615	-0.13942141554231569	-0.011010325849655875
-4.71839799749687	-0.141955327412445	-0.012302631614971013
-4.69336670838548	-0.14471973459685206	-0.01388218809060121
-4.668335419274092	-0.14773941279086866	-0.015839564467455214
-4.643304130162704	-0.15103243865484384	-0.018301148539961523
-4.618272841051315	-0.1545973138683756	-0.021444471456016856
-4.593241551939924	-0.15838567025403094	-0.025517712012383037
-4.568210262828536	-0.16224672256191575	-0.030857525671198927
-4.543178973717147	-0.16582247333198108	-0.037881024883591116
-4.518147684605758	-0.1683833106725654	-0.04698166149021621
-4.4931163954943685	-0.1686901231619924	-0.058193329664314536
-4.468085106382977	-0.16523817827967857	-0.07057825172018505
-4.44305381727159	-0.15732626855224208	-0.0819390542641707
-4.418022528160201	-0.1461870798992182	-0.09000503747786726
-4.392991239048811	-0.134151782876045	-0.09432148271333901
-4.367959949937422	-0.1224305992863135	-0.09607629942317544
-4.342928660826031	-0.11060066702202764	-0.0960042535385012
-4.317897371714643	-0.0983365046334912	-0.09336786193144106
-4.292866082603254	-0.08672177346409793	-0.0872383499854662
-4.267834793491865	-0.07750153617933186	-0.07789826462383315
-4.2428035043804755	-0.07185537941817532	-0.06671025603312648
-4.217772215269086	-0.06998282785045529	-0.055386312246873765
-4.192740926157699	-0.07116122655412926	-0.0453370851653036
-4.167709637046308	-0.07422781002480505	-0.03720362947407507
-4.142678347934918	-0.07818248531601135	-0.030944576063122203
-4.117647058823529	-0.08240857847513716	-0.02622188675994469
-4.09261576971214	-0.08659743760638383	-0.022668027574572855
-4.067584480600752	-0.0906206031748562	-0.019981927450794065
-4.042553191489361	-0.09444070822973316	-0.01794026111616462
-4.017521902377972	-0.09806255461534263	-0.016383241270115353
-3.9924906132665825	-0.10150877002873182	-0.015197702028984059
-3.967459324155193	-0.10480832903964732	-0.014303511945305283
-3.9424280350438052	-0.10799141833181691	-0.013643845413130753
-3.917396745932415	-0.11108735376559409	-0.013178512477060825
-3.8923654568210257	-0.11412394407880466	-0.012879470399035864
-3.867334167709638	-0.11712752925258973	-0.012727844891738824
-3.8423028785982494	-0.12012332611522591	-0.012712001322497044
-3.8172715894868587	-0.12313590968500243	-0.01282637007744565
-3.7922403003754686	-0.12618975334317906	-0.013070848288139827
-3.7672090112640793	-0.12930979522205543	-0.013450686781491555
-3.7421777221526913	-0.13252201560412535	-0.013976840812058772
-3.717146433041303	-0.13585400964097838	-0.014666828523550723
-3.6921151439299127	-0.1393355209081686	-0.015546214294819491
-3.6670838548185225	-0.14299885422370284	-0.01665092862477749
-3.6420525657071328	-0.14687898567773372	-0.018030768350148274
-3.617021276595745	-0.15101297962790294	-0.019754609267294748
-3.5919899874843564	-0.15543789216329573	-0.02191811850662577
-3.566958698372966	-0.16018545092693337	-0.024655038145857705
-3.541927409261576	-0.1652699773268056	-0.028153193654166395
-3.5168961201501876	-0.17066240693891244	-0.03267538342418916
-3.4918648310387996	-0.17623683520729383	-0.03858041793681738
-3.46683354192741	-0.18166799964189906	-0.04632316096276598
-3.4418022528160197	-0.1862633467597954	-0.0563697730664873
-3.4167709637046295	-0.18878951164713031	-0.06889505121576636
-3.391739674593241	-0.1875947820025723	-0.08315852636555954
-3.366708385481853	-0.18156001562811408	-0.09695379783715635
-3.341677096370464	-0.17164870791111708	-0.10737677270749249
-3.3166458072590737	-0.16093939145273461	-0.11319085994703425
-3.291614518147683	-0.15219367027777775	-0.11594279000295163
-3.2665832290362946	-0.14594505264055257	-0.11842066607491095
-3.2415519399249066	-0.1405695670125433	-0.12268264969395903
-3.2165206508135173	-0.13348133572773024	-0.12881831382345074
-3.191489361702127	-0.12290640894134075	-0.13484145677827178
-3.166458072590739	-0.10922738057570847	-0.1380856985266577
-3.14142678347935	-0.0945283880535519	-0.13716429982605338
-3.11639549436796	-0.08086003924917984	-0.13242585487873548
-3.091364205256571	-0.06936228852645909	-0.12506435575054087
-3.0663329161451807	-0.0601837755743051	-0.11640330255589412
-3.0413016270337927	-0.05266336442551589	-0.10715782969386284
-3.0162703379224034	-0.04627017268079925	-0.0969881897907067
-2.991239048811014	-0.04159444416645286	-0.08530133462462833
-2.966207759699625	-0.039860006209909926	-0.07262252952948275
-2.941176470588234	-0.04141268428484857	-0.060502248665741304
-2.916145181476846	-0.0454108166438556	-0.05018126971671469
-2.891113892365457	-0.05070068718974019	-0.041999021930689856
-2.8660826032540676	-0.05643984559952342	-0.035718926619066116
-2.8410513141426783	-0.06216946686328839	-0.030941171783742644
-2.816020025031289	-0.06768638006392802	-0.027299359857294397
-2.790988735919901	-0.0729241379392036	-0.02451013427087144
-2.7659574468085104	-0.07788165793917301	-0.022367680641475082
-2.740926157697121	-0.08258646818989757	-0.020725955809123064
-2.715894868585732	-0.08707711275148533	-0.019482319948272167
-2.6908635794743425	-0.09139520342861829	-0.018565337091492842
-2.6658322903629545	-0.09558214950183874	-0.017926384764247807
-2.6408010012515644	-0.09967811540040339	-0.017534158015615725
-2.615769712140175	-0.10372201995863861	-0.01737129068972107
-2.5907384230287853	-0.1077519988890665	-0.017432575807021206
-2.565707133917396	-0.1118060301321262	-0.017724506914824023
-2.540675844806008	-0.11592252348687193	-0.01826607104322127
-2.515644555694618	-0.12014065784568695	-0.01909092304223678
-2.4906132665832286	-0.12450010165726155	-0.020251287191458717
-2.4655819774718406	-0.12903939369930706	-0.021824179641488917
-2.440550688360452	-0.13379149704993143	-0.02392078433290487
-2.4155193992490616	-0.13877347977809595	-0.02669980983178666
-2.3904881101376714	-0.1439642839599804	-0.03038454497784776
-2.365456821026282	-0.14925968160231173	-0.03527851658866027
-2.340425531914894	-0.15438951718581428	-0.04175989837421629
-2.3153942428035057	-0.15879561090979344	-0.050202423300973936
-2.2903629536921155	-0.1615428965168384	-0.06074102089940933
-2.2653316645807253	-0.16148271335387387	-0.07289624730521352
-2.2403003754693356	-0.15784649052544375	-0.08542777424737114
-2.2152690863579476	-0.15078267566047132	-0.09692884649263653
-2.190237797246559	-0.1409129110684031	-0.10658428619610688
-2.165206508135169	-0.12862049839733314	-0.11380513340035456
-2.140175219023779	-0.11454178508281077	-0.11768139748919079
-2.1151439299123904	-0.10005647601584822	-0.11768711803454915
-2.0901126408010025	-0.08652604198411207	-0.11429103342267541
-2.0650813516896127	-0.07449407728967872	-0.10840366780801286
-2.0400500625782225	-0.06387662367033786	-0.10043592430931536
-2.0150187734668323	-0.05500875764792168	-0.09012944380478602
-1.989987484355444	-0.04913200753153979	-0.07772504889357856
-1.9649561952440555	-0.0471653454575518	-0.06476082961512855
-1.939924906132667	-0.048639186823850045	-0.05302498690196972
-1.914893617021277	-0.05226978310952202	-0.04340797095450488
-1.8898623279098858	-0.05689084991816662	-0.03592165246947379
-1.8648310387984974	-0.061776282088782386	-0.030194936331477573
-1.839799749687109	-0.06656037412873173	-0.025808137098146444
-1.8147684605757206	-0.07108880364506653	-0.02241315191571977
-1.7897371714643304	-0.07531398272943535	-0.0197497869896317
-1.764705882352942	-0.07923743154904073	-0.01763042427093782
-1.7396745932415527	-0.08288104136036711	-0.015920769893045764
-1.7146433041301625	-0.08627346959896354	-0.014524172748509784
-1.6896120150187741	-0.08944398867756664	-0.013370294295277169
-1.664580725907384	-0.09241990648752085	-0.012407254796225328
-1.6395494367959955	-0.095225664126809	-0.011596250620847542
-1.6145181476846062	-0.09788269756468937	-0.010907857119546616
-1.589486858573217	-0.1004096257413789	-0.010319467480216657
-1.5644555694618276	-0.10282255777160132	-0.009813498039369997
-1.5394242803504374	-0.10513542347850358	-0.009376114624976575
-1.514392991239049	-0.10736028552859445	-0.008996316870072144
-1.4893617021276597	-0.10950761739965786	-0.00866527143356792
-1.4643304130162704	-0.11158654358798614	-0.00837582046125425
-1.4392991239048811	-0.11360504386316572	-0.008122114962102536
-1.4142678347934918	-0.11557012548179757	-0.007899338308873169
-1.3892365456821025	-0.117487967805465	-0.007703495520828482
-1.3642052565707132	-0.11936404359438924	-0.007531251095214936
-1.339173967459324	-0.12120322079148238	-0.007379803047005307
-1.3141426783479346	-0.12300984807684312	-0.007246784222788669
-1.2891113892365453	-0.12478782695384827	-0.007130184352892199
-1.264080100125157	-0.12654067266321434	-0.0070282880125027425
-1.2390488110137667	-0.128271565822064	-0.006939624889770887
-1.2140175219023774	-0.12998339635000544	-0.006862929650140542
-1.1889862327909881	-0.13167880096653461	-0.00679710933947042
-1.1639549436795988	-0.13336019531645338	-0.006741216751901868
-1.1389236545682104	-0.1350298015935828	-0.0066944285490307676
-1.1138923654568202	-0.13668967238076168	-0.006656027188247635
-1.0888610763454318	-0.13834171130044481	-0.006625385923868091
-1.0638297872340434	-0.13998769096856167	-0.0066019563018794025
-1.0387984981226523	-0.14162926866160863	-0.006585257690201796
-1.013767209011264	-0.1432680000389257	-0.006574868480373114
-0.9887359198998737	-0.14490535120633152	-0.006570418670230907
-0.9637046307884853	-0.14654270936052338	-0.006571583595485195
-0.9386733416770969	-0.14818139221515025	-0.0065780786251254525
-0.9136420525657085	-0.14982265637540815	-0.006589654674297854
-0.8886107634543183	-0.15146770479757388	-0.006606094421439765
-0.8635794743429273	-0.15311769343833304	-0.006627209146018692
-0.8385481852315388	-0.15477373716058918	-0.006652836130508516
-0.8135168961201504	-0.15643691490563327	-0.006682836593278632
-0.788485607008762	-0.1581082740429105	-0.006717094125226752
-0.7634543178973718	-0.15978883362836716	-0.006755513544899547
-0.7384230287859816	-0.16147958599539308	-0.006798019813331446
-0.7133917396745932	-0.16318149575914065	-0.006844555744202896
-0.6883604505632039	-0.16489549583613405	-0.006895074877169255
-0.6633291614518155	-0.16662248516445116	-0.006949522123892882
-0.6382978723404253	-0.1683633488908418	-0.007007799036000642
-0.6132665832290352	-0.17011903070691098	-0.007069751485640596
-0.5882352941176467	-0.17189060317182042	-0.0071352613710741475
-0.5632040050062583	-0.17367918424341233	-0.007204372899287367
-0.5381727158948699	-0.1754857845878393	-0.007277242196037717
-0.5131414267834788	-0.17731131112264986	-0.007354000243910239
-0.48811013767208866	-0.17915665496558786	-0.007434717765612775
-0.46307884856070025	-0.1810227361892528	-0.007519436648379299
-0.43804755944931184	-0.1829105082869114	-0.0076081971745706745
-0.41301627033792343	-0.1848209526840101	-0.0077010492627151705
-0.38798498122653324	-0.1867550747559718	-0.007798055341951354
-0.36295369211514483	-0.18871390256725823	-0.00789929042274215
-0.33792240300375376	-0.19069848740696138	-0.008004841578920951
-0.31289111389236535	-0.19270990530868243	-0.008114807508513441
-0.28785982478097694	-0.19474925909536717	-0.008229298311760433
-0.26282853566958675	-0.19681768072236805	-0.008348435477500818
-0.23779724655819834	-0.19891633381564544	-0.008472352041867179
-0.21276595744680904	-0.20104641636338094	-0.008601192887823794
-0.18773466833541974	-0.20320916354919838	-0.008735115164088689
-0.16270337922403044	-0.20540585073047612	-0.008874288810799089
-0.13767209011264026	-0.2076377965730809	-0.009018897185843394
-0.11264080100125184	-0.20990636635847615	-0.009169137790533091
-0.08760951188986255	-0.2122129754822515	-0.009325223096828511
-0.06257822277847325	-0.2145590931658452	-0.009487381481097137
-0.03754693366708395	-0.21694624640529192	-0.009655858271713266
-0.01251564455569465	-0.21937602418360758	-0.009830916919956939
0.01251564455569465	-0.2218500819759554	-0.010012840305784407
0.03754693366708395	-0.22437014657972115	-0.010201932192212285
0.06257822277847325	-0.22693802130547353	-0.010398518844479385
0.08760951188986255	-0.22955559156807875	-0.010602950832733632
0.11264080100125184	-0.23222483092251311	-0.010815605040052509
0.13767209011264114	-0.23494780759347883	-0.0110368869009934
0.16270337922403044	-0.2377266915544176	-0.011267232899904597
0.18773466833541974	-0.24056376221798448	-0.011507113362824534
0.21276595744680726	-0.24346141680818034	-0.011757035582284123
0.23779724655819834	-0.24642217949358158	-0.012017547320708657
0.26282853566958764	-0.2494487113712489	-0.012289240745689989
0.28785982478097694	-0.2525438214039074	-0.01257275685941893
0.31289111389236623	-0.2557104784262324	-0.012868790495203869
0.33792240300375376	-0.25895182435375474	-0.013178095966882242
0.36295369211514483	-0.2622711887463377	-0.013501493472202114
0.38798498122653235	-0.2656721049013947	-0.013839876369784052
0.41301627033792343	-0.26915832767844816	-0.01419421947161853
0.43804755944931273	-0.2727338532878164	-0.014565588520175296
0.46307884856070025	-0.27640294131344545	-0.014955151052308283
0.4881101376720913	-0.2801701392832281	-0.015364188892595415
0.5131414267834788	-0.28404031015251374	-0.01579411256858676
0.5381727158948699	-0.2880186631279167	-0.0162464780019088
0.5632040050062574	-0.2921107883327272	-0.01672300590553573
0.5882352941176467	-0.29632269590338367	-0.017225604412748105
0.6132665832290378	-0.30066086021316973	-0.01775639558270678
0.6382978723404253	-0.30513227004724097	-0.018317746578049687
0.6633291614518164	-0.3097444857082996	-0.018912306500704273
0.6883604505632039	-0.31450570422032764	-0.019543050115348792
0.7133917396745932	-0.31942483402658883	-0.020213330002000207
0.7384230287859808	-0.3245115808570693	-0.020926939082081444
0.7634543178973718	-0.3297765467814999	-0.021688185985915542
0.7884856070087629	-0.3352313448815414	-0.022501986414891054
0.8135168961201504	-0.3408887324873391	-0.023373974555025406
0.8385481852315397	-0.34676276655057614	-0.024310639798950512
0.8635794743429273	-0.3528689854933864	-0.025319495640801742
0.8886107634543183	-0.35922462280848966	-0.02640928977947507
0.9136420525657059	-0.3658488588191622	-0.027590267423617698
0.9386733416770969	-0.3727631183650091	-0.0288745038593555
0.9637046307884862	-0.3799914237712827	-0.03027632798964605
0.9887359198998737	-0.3875608142633764	-0.031812866476000734
1.0137672090112648	-0.3955018449012373	-0.03350474934210945
1.0387984981226523	-0.4038491798685102	-0.03537703398962566
1.0638297872340434	-0.4126422959713223	-0.03746042789426479
1.088861076345431	-0.42192631125356317	-0.03979292442846821
1.1138923654568202	-0.4317529482216482	-0.04242201692355829
1.1389236545682113	-0.44218162628587887	-0.04540773201346887
1.1639549436795988	-0.45328064364157883	-0.04882683819389444
1.18898623279099	-0.4651283347957029	-0.05277876063746806
1.2140175219023774	-0.4778139355067115	-0.05739400084010546
1.2390488110137667	-0.4914375686696244	-0.06284626562393558
1.264080100125156	-0.5061081107919929	-0.06937011014333413
1.2891113892365453	-0.5219363544553894	-0.07728672613181431
1.3141426783479364	-0.5390181264905911	-0.08704143285772897
1.339173967459324	-0.5573964695880411	-0.09925670820152296
1.3642052565707132	-0.5769814140992282	-0.11480148994428341
1.3892365456821025	-0.5973886823107115	-0.13486285795635058
1.4142678347934918	-0.6176432689506512	-0.16096202392404876
1.4392991239048811	-0.635725410672261	-0.194767463313375
1.4643304130162704	-0.648095737315264	-0.23749596498021966
1.4893617021276597	-0.6495053581458321	-0.28884372265012503
1.514392991239049	-0.6332839562329085	-0.3453969128396547
1.5394242803504383	-0.5931988403092809	-0.39807948808250593
1.5644555694618276	-0.5296102988907534	-0.4311508215876101
1.589486858573217	-0.4566234954817876	-0.4297995815686311
1.6145181476846044	-0.39740223643698336	-0.3940509122093506
1.6395494367959955	-0.3669383252352789	-0.34047341042178403
1.6645807259073848	-0.36405066476048686	-0.28736070099531164
1.6896120150187741	-0.3795160230457313	-0.2440633020462025
1.7146433041301634	-0.4048949213060995	-0.21222607255562428
1.739674593241551	-0.43503573892186287	-0.19029606146662711
1.764705882352942	-0.46736625612706195	-0.1761799095572383
1.7897371714643295	-0.5007990590380209	-0.1681581180441438
1.8147684605757206	-0.5350026372301362	-0.16504563188480406
1.83979974968711	-0.5700029805909788	-0.166135341074555
1.8648310387984974	-0.6059710426170386	-0.17111638338808735
1.8898623279098885	-0.6430892011787135	-0.18001540304352762
1.914893617021276	-0.6814267155706242	-0.1931520820479509
1.939924906132667	-0.7207824604171327	-0.21105636707532419
1.9649561952440546	-0.760522909089882	-0.23423950101050614
1.989987484355444	-0.7996314036828438	-0.2627338630123427
2.015018773466835	-0.837351144010825	-0.29568663865463773
2.0400500625782225	-0.8742486734795256	-0.3318866896546483
2.065081351689613	-0.9122189913158172	-0.37141288585724797
2.090112640801001	-0.9528051115755529	-0.4164215069402044
2.1151439299123904	-0.9959086869975313	-0.47036734537807123
2.1401752190237784	-1.0389548216720312	-0.5371020125681643
2.165206508135169	-1.0763052532795325	-0.6186618059473232
2.1902377972465596	-1.1015628765337424	-0.7125852537471078
2.2152690863579476	-1.1118699304268693	-0.8127253396796694
2.240300375469337	-1.1095143300097026	-0.9136108454983872
2.265331664580725	-1.09931022751325	-1.0142459401158548
2.2903629536921155	-1.083855102007239	-1.118074723414204
2.315394242803503	-1.0619250654821113	-1.2288882439451045
2.340425531914894	-1.0311062101344644	-1.3500470862414562
2.3654568210262834	-0.9852977042755966	-1.4865996946514166
2.3904881101376714	-0.9106967637844186	-1.6390994747963679
2.415519399249062	-0.7933313791677432	-1.795997857404436
2.4405506883604495	-0.6286504196482978	-1.9391433121061383
2.4655819774718406	-0.4193932856574536	-2.0505291122368288
2.490613266583228	-0.1760778765072768	-2.110983160229587
2.515644555694618	0.07786454505108198	-2.1079940905903007
2.5406758448060085	0.31684158820703123	-2.0469425572671853
2.565707133917396	0.5277396187212195	-1.9427913835503179
2.590738423028787	0.7063399887122117	-1.8073593965051766
2.6157697121401746	0.8499125394950868	-1.6499649924683255
2.6408010012515644	0.9581858170419042	-1.479948150972975
2.665832290362953	1.033431588126568	-1.3036418434386912
2.6908635794743425	1.075674151001805	-1.124968178791717
2.7158948685857336	1.0835038584995946	-0.9510014771311269
2.740926157697121	1.059584925668621	-0.791411089556266
2.765957446808511	1.0114208455368878	-0.6538867852313577
2.7909887359198997	0.948809648662073	-0.5415740265765104
2.816020025031289	0.8806004524884221	-0.4529730499073146
2.841051314142678	0.8126651763071941	-0.38401603831758424
2.8660826032540676	0.7480056384343512	-0.3302761016921836
2.8911138923654573	0.687772474551541	-0.2880239004011572
2.916145181476846	0.6321484610962802	-0.25442263825978895
2.9411764705882355	0.5808770437313067	-0.2273953375872604
2.9662077596996244	0.5335336547895273	-0.20543546258254128
2.991239048811014	0.4896541589954131	-0.18744653730525387
3.0162703379224016	0.4487918928301702	-0.172623860958707
3.0413016270337927	0.4105412017096439	-0.16037089675590657
3.066332916145182	0.374546308299585	-0.15023922166190204
3.091364205256571	0.340502844655147	-0.1418809091968464
3.1163954943679606	0.308147880621485	-0.13500525834522253
3.141426783479348	0.2772254288561449	-0.12934972867567884
3.166458072590739	0.24744448689497167	-0.1247015526861939
3.1914893617021267	0.2185023670922872	-0.1209524594486637
3.2165206508135173	0.1901572282007189	-0.11808208063595665
3.241551939924907	0.16223545385565785	-0.11608674107446301
3.2665832290362946	0.13458787195071986	-0.11495181965520607
3.2916145181476857	0.10706217190798739	-0.11466309631084132
3.316645807259073	0.07949671807473413	-0.11522018420778199
3.341677096370464	0.0517206458199575	-0.11664326422160304
3.366708385481852	0.02355351124987992	-0.11897646600561157
3.391739674593241	-0.00519654687211224	-0.1222909788578439
3.416770963704632	-0.034735809319966116	-0.1266894279812017
3.4418022528160197	-0.06528877538644107	-0.13231240156114973
3.4668335419274103	-0.09710248453460801	-0.1393479863335655
3.4918648310387983	-0.13045103992374374	-0.14804547605089666
3.5168961201501876	-0.1656397245916157	-0.15873497616049162
3.5419274092615756	-0.20300739369656773	-0.17185546087706835
3.566958698372966	-0.24292430645617236	-0.18799496455018735
3.591989987484357	-0.2857794250754231	-0.20794781432685724
3.617021276595745	-0.3319449956217202	-0.2327941106544926
3.642052565707134	-0.38169505057602304	-0.26400246120146953
3.667083854818522	-0.4350394092334011	-0.3035386511266359
3.6921151439299127	-0.4914344234794612	-0.3539147749912154
3.7171464330413	-0.5494073107344128	-0.4180517979811581
3.7421777221526913	-0.6062998505950228	-0.49891784416275387
3.7672090112640806	-0.6581926275765468	-0.5992386567450456
3.7922403003754686	-0.6994765716918976	-0.7211686847429386
3.817271589486859	-0.7226862134204	-0.8648610456749469
3.8423028785982467	-0.720464761128869	-1.0274761404124098
3.867334167709638	-0.6867764860358969	-1.2054422072170201
3.8923654568210253	-0.6134213139869011	-1.3955919479112753
3.917396745932415	-0.48722426637698346	-1.5893241734859196
3.9424280350438057	-0.29708504032479777	-1.7650443806296527
3.967459324155193	-0.047075113378555855	-1.892138531967402
3.9924906132665843	0.24015407534015454	-1.9454974294966263
4.017521902377972	0.5324581724725612	-1.915718754619979
4.042553191489361	0.7987487232046591	-1.8095177372852194
4.06758448060075	1.0166263951559062	-1.645889681142426
4.09261576971214	1.176531444878163	-1.4475592479625585
4.117647058823531	1.2767494935613035	-1.2340076763949515
4.142678347934918	1.3195301650776918	-1.0235622638038062
4.167709637046308	1.3137750273929223	-0.8332016171777274
4.192740926157697	1.274429275792596	-0.6735772981901285
4.217772215269086	1.21716579623767	-0.5467107413260829
4.2428035043804755	1.1536784312169477	-0.44855070336034475
4.267834793491865	1.0907096757158947	-0.3730340189930498
4.292866082603254	1.0314170846574173	-0.314551903647021
4.317897371714643	0.9769400377138728	-0.26870335354489794
4.342928660826033	0.927431198212016	-0.23224842281903527
4.367959949937422	0.8826122961256089	-0.20285020152063546
4.392991239048811	0.8420470321554876	-0.1788242122313671
4.418022528160199	0.8052674027839775	-0.15894606009790233
4.44305381727159	0.7718283086597535	-0.14231483115520055
4.468085106382979	0.7413281322037037	-0.12825858425411407
4.4931163954943685	0.7134136449132167	-0.1162692611154243
4.518147684605758	0.6877780674556804	-0.10595761476306406
4.543178973717145	0.6641564742332138	-0.09702168502814795
4.568210262828536	0.6423204922289178	-0.08922448166815145
4.593241551939924	0.6220731599504896	-0.082377982845623
4.618272841051315	0.6032442913677842	-0.07633151447213896
4.643304130162704	0.5856864440395508	-0.07096320575425988
4.668335419274092	0.569271479685586	-0.06617363163173043
4.693366708385483	0.553887660085782	-0.0618810287860434
4.71839799749687	0.5394372070234716	-0.058017657329523964
4.7434292866082615	0.5258342555574469	-0.05452700689762674
4.768460575719649	0.5130031383336213	-0.05136163259697199
4.793491864831038	0.5008769481070132	-0.04848146283394669
4.818523153942429	0.48939632916405174	-0.045852461973273556
4.843554443053817	0.47850845539091136	-0.04344556654813633
4.868585732165208	0.46816616479255746	-0.04123583522109073
4.8936170212765955	0.45832722573338014	-0.03920176448648116
4.918648310387985	0.44895371277370355	-0.03732473349967047
4.943679599499372	0.44001147366481774	-0.03558855077999057
4.968710888610763	0.4314696725733267	-0.03397908201309238
4.9937421777221545	0.42330039734182545	-0.03248394281932224
5.018773466833542	0.41547832073301905	-0.031092243855453755
5.043804755944931	0.40798040732650254	-0.029794378304254937
5.068836045056319	0.4007856591434358	-0.028581843879908836
5.09386733416771	0.39387489422531363	-0.027447093084284613
5.118898623279097	0.3872305533405651	-0.026383406700718592
5.1439299123904885	0.3808365307722257	-0.025384786492366446
5.168961201501878	0.3746780257837363	-0.024445863844292287
5.193992490613265	0.36874141189425025	-0.0235618216994401
5.219023779724656	0.3630141215399201	-0.02272832762317227
5.244055068836044	0.35748454406864205	-0.0219414762126032
5.269086357947435	0.35214193532027505	-0.02119773935786358
5.2941176470588225	0.34697633725887833	-0.020493923074359807
5.319148936170212	0.341978506180566	-0.01982712984430257
5.344180225281603	0.33713984803464125	-0.01919472594029542
5.36921151439299	0.33245236023699487	-0.01859431396855274
5.3942428035043815	0.32790858087033303	-0.01802370978509793
5.419274092615769	0.3235015443236291	-0.01748092085108091
5.444305381727158	0.31922474000064405	-0.016964125891091975
5.469336670838548	0.3150720737557684	-0.016471657941429838
5.494367959949937	0.31103783323142853	-0.016001990540745414
5.519399249061328	0.3071166568649879	-0.015553726009612537
5.5444305381727155	0.3033035058572846	-0.015125585510197548
5.569461827284105	0.29959363865461963	-0.014716400983152148
5.594493116395494	0.29598258771871677	-0.014325109186322585
5.619524405506883	0.2924661385192513	-0.013950748203683264
5.644555694618273	0.28904031090065807	-0.013592457041101277
5.669586983729662	0.28570134338035214	-0.013249479314133769
5.694618272841051	0.28244568174418117	-0.012921172599597769
5.719649561952441	0.2792699749526477	-0.012607025764813248
5.74468085106383	0.2761710847687331	-0.012306687279547923
5.769712140175219	0.27314612247810555	-0.012020007090281032
5.7947434292866085	0.27019253983961367	-0.011747089258269006
5.819774718397996	0.2673083256586022	-0.011488330067938146
5.844806007509387	0.2644923872771514	-0.011244343104908947
5.869837296620776	0.26174515648832664	-0.011015481175032843
5.894868585732166	0.25906905540021885	-0.010800355038751555
5.919899874843555	0.25646715612721405	-0.01059306136618468
5.9449311639549425	0.2539375618463682	-0.010382111946291683
5.9699624530663336	0.2514677036217501	-0.010157806934178393
5.994993742177721	0.2490410901730673	-0.009922805239551566
6.020025031289112	0.2466501893901638	-0.009688375468607749
6.0450563204005014	0.24429664249146033	-0.009463085556461984
6.07008760951189	0.24198422566704902	-0.009249730854700183
6.09511889862328	0.23971525884612	-0.009047891440233366
6.120150187734667	0.23749038460181815	-0.008856208629822046
6.145181476846059	0.235309202888212	-0.00867333426366139
6.170212765957445	0.23317079034956745	-0.008498173443147142
6.195244055068836	0.231073996461582	-0.008329885463803477
6.2202753441802265	0.22901759275309352	-0.008167829478283081
6.245306633291613	0.2270003434245016	-0.00801151173223387
6.270337922403005	0.2250210370897694	-0.00786054708363304
6.295369211514392	0.2230785011816927	-0.007714634353331598
6.320400500625783	0.2211716093184739	-0.007573541101458761
6.3454317897371695	0.21929928529605114	-0.007437095664941329
6.37046307884856	0.21746050790147375	-0.007305187071599564
6.395494367959952	0.21565432292290865	-0.007177772261887677
6.420525657071338	0.21387987120851193	-0.007054888010939189
6.445556946182729	0.2121364479919876	-0.006936658710934143
6.470588235294116	0.21042361629766493	-0.006823269115196734
6.495619524405506	0.20874138237724882	-0.00671481358910396
6.520650813516895	0.20709031239731246	-0.006610846506914389
6.545682102628285	0.2054710810686986	-0.006509583112962278
6.570713391739676	0.20388278946033456	-0.0064077121781592195
6.5957446808510625	0.20232149492760954	-0.006302690278595105
6.620775969962453	0.20078243185636513	-0.006195583847562469
6.645807259073841	0.19926352992672225	-0.0060896665422848495
6.670838548185231	0.19776518410056276	-0.005987291209014242
6.695869837296622	0.1962882668997361	-0.005889215952164462
6.720901126408009	0.19483320782490754	-0.005795369081311522
6.745932415519399	0.19339997172719237	-0.005705473223813845
6.770963704630788	0.19198824788813518	-0.005619303163680242
6.795994993742178	0.1905976050272793	-0.005536756264231613
6.821026282853566	0.189227588417741	-0.005457854600069631
6.8460575719649555	0.18787776572163484	-0.005382726272365121
6.871088861076346	0.18654771870654674	-0.005311622364702923
6.896120150187734	0.18523707080164797	-0.005245064938251623
6.921151439299124	0.18394578274181939	-0.005184041113224749
6.946182728410513	0.18267472835881637	-0.005129903437463959
6.971214017521902	0.18142633780594863	-0.005083774489909987
6.996245306633291	0.18020505412056398	-0.005045082276355112
7.0212765957446805	0.17901617275879644	-0.005008814961280181
7.046307884856071	0.1778604698536128	-0.0049641209523607205
7.071339173967459	0.176728152023923	-0.004901129796855308
7.0963704630788484	0.1756049730664051	-0.0048217965321033646
7.121401752190238	0.17448546085279926	-0.004736375191337364
7.146433041301627	0.17337257434451558	-0.004651249705809171
7.171464330413016	0.17226876488799903	-0.0045670528830239615
7.196495619524406	0.17117359290459433	-0.004484296259655282
7.221526908635795	0.17008714733995856	-0.004405090816365254
7.246558197747184	0.1690110630725572	-0.0043309207040006376
7.2715894868585735	0.1679470786941799	-0.004261840294818325
7.296620775969963	0.16689623272022125	-0.004197167744347349
7.321652065081352	0.16585892167695793	-0.004136108943403882
7.3466833541927405	0.16483515769739654	-0.004077996335644873
7.371714643304131	0.16382475996873325	-0.0040223254073659676
7.39674593241552	0.16282746134891113	-0.003968728164173652
7.421777221526909	0.16184296151408173	-0.003916938033334136
7.446808510638299	0.1608709518820426	-0.0038667610458242713
7.471839799749687	0.15991112648283323	-0.0038180550530710067
7.496871088861077	0.15896318590420666	-0.003770715636174246
7.521902377972466	0.15802683810169338	-0.003724667193411871
7.546933667083856	0.15710179830177395	-0.0036798574422212543
7.571964956195245	0.15618778834177416	-0.0036362536680912133
7.5969962453066335	0.155284535057981	-0.0035938406324597383
7.622027534418024	0.154391768265131	-0.0035526204964664715
7.647058823529412	0.15350921885122926	-0.0035126145391549957
7.672090112640802	0.15263661704496112	-0.00347386662998736
7.697121401752189	0.1517736909260261	-0.0034364488969972073
7.72215269086358	0.1509201655255703	-0.003400470442554926
7.74718397997497	0.15007576333575745	-0.0033660904406435516
7.772215269086359	0.14924020796363724	-0.0033335376211417606
7.797246558197749	0.1484132345467719	-0.003303138995528823
7.8222778473091354	0.14759461441035793	-0.0032753613583840074
7.8473091364205265	0.1467842091958813	-0.0032508681247409577
7.872340425531913	0.1459820840764774	-0.0032305864066280304
7.897371714643305	0.14518873072836147	-0.0032157504650681817
7.922403003754695	0.14440545626125711	-0.0032078067297332258
7.947434292866082	0.14363488164928384	-0.0032079148018948483
7.972465581977473	0.1428810671136942	-0.0032157610066222003
7.99749687108886	0.14214833112206815	-0.0032281567349268653
8.022528160200253	0.14143878487665074	-0.003239064129892208
8.047559449311638	0.1407504973961844	-0.0032420318954413385
8.072590738423028	0.14007897411429848	-0.0032335910086639663
8.09762202753442	0.13942125466876387	-0.003212537176369129
8.122653316645806	0.13877509145769995	-0.0031753201191763586
8.147684605757199	0.13813263947433274	-0.003117237989465421
8.172715894868585	0.13748122394753448	-0.003041779336800582
8.197747183979974	0.13681499471350111	-0.0029615608636960195
8.222778473091363	0.13613830745081668	-0.0028873941207965825
8.247809762202753	0.13545857086725466	-0.0028231328303291864
8.272841051314145	0.13478123718668744	-0.0027681965330712544
8.297872340425531	0.13410918634646496	-0.0027206981451503714
8.32290362953692	0.13344366050718026	-0.0026789208407210358
8.34793491864831	0.1327851389713599	-0.002641621935714364
8.3729662077597	0.13213376814897781	-0.0026079356210654825
8.397997496871088	0.1314895365883304	-0.002577284281254699
8.423028785982478	0.13085238820646605	-0.0025493361151163046
8.448060075093867	0.1302223339304449	-0.0025239702236435624
8.473091364205256	0.1295995907408214	-0.0025012149018081575
8.498122653316646	0.1289847627690408	-0.002481077758020228
8.523153942428035	0.12837895618938422	-0.0024631036817296392
8.548185231539424	0.12778335321531298	-0.002445617859608243
8.573216520650814	0.1271976411596638	-0.002425565025119203
8.598247809762203	0.1266186859654015	-0.002400668565226388
8.623279098873592	0.1260426669152297	-0.0023720267663646377
8.648310387984981	0.12546834217349723	-0.0023427141308053623
8.67334167709637	0.12489678015447314	-0.00231480689158417
8.69837296620776	0.12432939281115996	-0.002288692602534781
8.72340425531915	0.1237668465304056	-0.0022638799874497156
8.748435544430539	0.12320903848798093	-0.002239965209480846
8.773466833541928	0.12265571746778381	-0.002217011514019984
8.798498122653317	0.12210687142656429	-0.002195240731951667
8.823529411764707	0.12156260807307984	-0.0021747655320947246
8.848560700876096	0.12102299191463661	-0.002155616898923296
8.873591989987485	0.12048801902995354	-0.0021378442503120765
8.898623279098874	0.11995765827891613	-0.0021215808332512714
8.92365456821026	0.11943191273793641	-0.0021070839307091027
8.948685857321653	0.11891090953430261	-0.0020947668513986717
8.973717146433042	0.11839505620915514	-0.002085209944179059
8.998748435544432	0.1178853158979658	-0.002079072832008949
9.023779724655821	0.11738359603726334	-0.0020766872503873296
9.048811013767207	0.11689288490836258	-0.002076943222992303
9.0738423028786	0.11641586669348936	-0.002075587026713399
9.098873591989985	0.11595097556320777	-0.0020655922137054195
9.123904881101378	0.11549035483520509	-0.0020429851545509248
9.148936170212767	0.11502604821175932	-0.0020116407175052725
9.173967459324153	0.11455634896386169	-0.0019786665530168723
9.198998748435546	0.11408390961974302	-0.0019484848011394607
9.224030037546932	0.1136117665785994	-0.001922371733832265
9.249061326658325	0.11314191935874174	-0.001900172128935701
9.27409261576971	0.11267549129207222	-0.0018814494451439567
9.2991239048811	0.11221319885947256	-0.0018659087823672676
9.324155193992492	0.11175577408091097	-0.0018534355798790064
9.349186483103878	0.11130432101426013	-0.0018438533240115185
9.374217772215271	0.11086044322998934	-0.0018362773841164165
9.399249061326657	0.11042548005301978	-0.0018281902835304148
9.424280350438046	0.10999839128927658	-0.0018157407023462052
9.449311639549435	0.10957486454773946	-0.0017969322794684633
9.474342928660825	0.1091507821323523	-0.0017739434236956203
9.499374217772218	0.10872539654057878	-0.00175047458397945
9.524405506883603	0.10830016311415225	-0.0017287333721222875
9.549436795994993	0.10787669563034985	-0.0017093021774865352
9.574468085106382	0.10745610111589787	-0.0016920223081256791
9.599499374217771	0.10703909736123851	-0.0016765072396219965
9.62453066332916	0.10662619167786946	-0.00166221063209393
9.64956195244055	0.10621758961986227	-0.0016483363790810585
9.67459324155194	0.10581287851601662	-0.0016340632887966444
9.699624530663328	0.10541116933026995	-0.001619178193170312
9.724655819774718	0.10501186990747957	-0.0016041658460428931
9.749687108886107	0.10461498104063072	-0.0015895662510547887
9.774718397997496	0.10422074348408028	-0.0015756124036189895
9.799749687108886	0.1038293502258183	-0.0015623158794685343
9.824780976220275	0.10344089121718714	-0.0015496161271625758
9.849812265331664	0.10305538478168241	-0.0015374557790987786
9.874843554443054	0.10267281307704668	-0.001525805595669144
9.899874843554443	0.10229314695939085	-0.001514671412194371
9.924906132665832	0.10191636587311681	-0.0015040978051503173
9.949937421777221	0.10154248215382733	-0.0014941718558418443
9.97496871088861	0.10117158121999292	-0.001485021275533946
10.0	0.10080388915394689	-0.0014767839688261397
