-10.0	-0.09909005702003171	-0.0014422424582010984
-9.97496871088861	-0.09944969892343813	-0.001454127691368462
-9.949937421777221	-0.09981226505218466	-0.0014658335008068957
-9.924906132665832	-0.10017813192961533	-0.0014775625691653138
-9.899874843554443	-0.10054743743670969	-0.0014896799261123472
-9.874843554443054	-0.10092013533996891	-0.0015024734812155993
-9.849812265331664	-0.10129615601840847	-0.001516135369568794
-9.824780976220275	-0.10167545999080119	-0.0015308487200086512
-9.799749687108886	-0.10205800956665101	-0.0015468592010325355
-9.774718397997496	-0.10244370220581622	-0.001564517164397719
-9.749687108886107	-0.10283226523162625	-0.0015842887529820132
-9.724655819774718	-0.10322310409112312	-0.0016066970950692067
-9.699624530663328	-0.10361515508765429	-0.0016321240598720088
-9.67459324155194	-0.10400687323025082	-0.0016604929346170083
-9.64956195244055	-0.10439629172015685	-0.0016909508857144706
-9.62453066332916	-0.10478112344549473	-0.0017210561206323222
-9.599499374217771	-0.10516063785849639	-0.0017454822865690112
-9.574468085106382	-0.10553951013602081	-0.0017582557371014496
-9.549436795994993	-0.10592654339104968	-0.0017592546269788178
-9.524405506883603	-0.10632698290661224	-0.001754905263097517
-9.499374217772216	-0.10673987914182703	-0.0017516138875773857
-9.474342928660825	-0.10716190989082541	-0.001752256700007157
-9.449311639549435	-0.10759036828018154	-0.001757231640990231
-9.424280350438046	-0.10802369833076142	-0.0017660913241324266
-9.399249061326657	-0.10846112499060645	-0.0017783582943576848
-9.37421777221527	-0.10890224043417618	-0.001793782491131199
-9.349186483103878	-0.10934669456428381	-0.0018123654884958929
-9.32415519399249	-0.10979395333931308	-0.001834252307286774
-9.2991239048811	-0.11024316918002697	-0.0018594522487995063
-9.274092615769712	-0.11069342531275339	-0.0018874747430118882
-9.249061326658325	-0.1111444067251206	-0.0019175602094963218
-9.224030037546934	-0.11159612884773473	-0.0019499052567519964
-9.198998748435546	-0.11204674717525975	-0.001985522006812221
-9.173967459324155	-0.1124917881904075	-0.0020228369893680737
-9.148936170212767	-0.1129283067863156	-0.0020546467332474977
-9.123904881101378	-0.11336130538437139	-0.0020716797177251084
-9.098873591989987	-0.11380242292194254	-0.0020719880445832645
-9.0738423028786	-0.11425988913890173	-0.0020627873377397077
-9.048811013767208	-0.11473406591837687	-0.0020527584196433357
-9.023779724655821	-0.11522111989975414	-0.0020467569565244675
-8.998748435544432	-0.11571712624046349	-0.002045982004575453
-8.973717146433042	-0.11621951605368608	-0.002049892781293236
-8.948685857321653	-0.11672693265592748	-0.0020575143288896758
-8.923654568210262	-0.11723876685339363	-0.00206795578364459
-8.898623279098874	-0.11775480642226555	-0.002080533315195282
-8.873591989987485	-0.11827503369019254	-0.0020947552914358375
-8.848560700876096	-0.11879952096235158	-0.002110276779412515
-8.823529411764707	-0.11932837949007435	-0.002126857603667806
-8.798498122653317	-0.11986173551136758	-0.0021443310023423756
-8.773466833541928	-0.12039971952445505	-0.0021625819004277846
-8.748435544430539	-0.12094246193302816	-0.002181532339426029
-8.72340425531915	-0.12149009172664371	-0.0022011319242650207
-8.69837296620776	-0.12204273657927978	-0.0022213517738086663
-8.67334167709637	-0.12260052357757445	-0.00224218100693431
-8.648310387984981	-0.12316358017735674	-0.002263625213634504
-8.623279098873592	-0.12373203514498599	-0.0022857066869129278
-8.598247809762203	-0.12430601925144202	-0.0023084664783066117
-8.573216520650814	-0.12488566536178425	-0.0023319686388022787
-8.548185231539424	-0.12547110722841204	-0.002356307365617677
-8.523153942428035	-0.12606247557464378	-0.0023816182242215322
-8.498122653316646	-0.1266598885413437	-0.0024080951043233823
-8.473091364205256	-0.12726343043534882	-0.0024360147399551113
-8.448060075093867	-0.1278731063875096	-0.002465769069393109
-8.423028785982478	-0.1284887486790467	-0.0024978977504172273
-8.397997496871088	-0.12910983310464452	-0.0025330850292164947
-8.3729662077597	-0.12973516137042296	-0.0025720042864070536
-8.34793491864831	-0.13036248700356623	-0.0026147252696699375
-8.32290362953692	-0.13098870376059502	-0.0026593305391401367
-8.297872340425531	-0.13161210134443557	-0.0027004829612717884
-8.272841051314144	-0.13223645515400761	-0.0027315519860096893
-8.247809762202753	-0.13287035198543862	-0.002751292646425693
-8.222778473091363	-0.13351944780350156	-0.0027653229668039014
-8.197747183979974	-0.13418322416816242	-0.0027795263661555686
-8.172715894868585	-0.13485900025849062	-0.0027962048348806057
-8.147684605757197	-0.1355451542923003	-0.0028156001959883936
-8.122653316645806	-0.13624099011507695	-0.002837859094544898
-8.097622027534417	-0.13694588066457847	-0.002863220923131904
-8.072590738423028	-0.13765922137219722	-0.002891730698944342
-8.047559449311638	-0.13838057412576443	-0.0029233188523196535
-8.02252816020025	-0.1391095821362054	-0.002957959342897415
-7.9974968710888605	-0.13984575762774032	-0.0029956484800742894
-7.972465581977473	-0.14058832448414904	-0.0030361188219104746
-7.947434292866082	-0.14133645634906422	-0.0030782731173280425
-7.922403003754694	-0.1420904361418991	-0.0031199821964800895
-7.897371714643305	-0.14285279764177883	-0.003159706587621894
-7.872340425531914	-0.14362676952294606	-0.003198721947910932
-7.8473091364205265	-0.14441351501931887	-0.0032402747555419775
-7.8222778473091354	-0.1452120195047062	-0.0032872736587866436
-7.797246558197748	-0.1460202731585456	-0.003341688719799951
-7.772215269086359	-0.14683555605185283	-0.003404823977110019
-7.7471839799749675	-0.14765418146582743	-0.0034769896301226066
-7.72215269086358	-0.1484719160277974	-0.0035566568060611814
-7.697121401752189	-0.14928490876346867	-0.0036405241498786156
-7.672090112640801	-0.1500889306695239	-0.0037233154432161214
-7.647058823529412	-0.1508810524588764	-0.003793504616077484
-7.622027534418023	-0.15167028202298471	-0.003834700556197612
-7.596996245306634	-0.15247954344315318	-0.0038428460804185716
-7.571964956195245	-0.15332571138325335	-0.0038334286955201136
-7.546933667083856	-0.154208210429287	-0.0038247965385878463
-7.5219023779724665	-0.1551181429003563	-0.0038259656119589147
-7.496871088861077	-0.15604759881088448	-0.0038383302675117636
-7.471839799749688	-0.15699189109996237	-0.0038603114722427917
-7.446808510638299	-0.15794873002274556	-0.003889856294729474
-7.421777221526909	-0.1589171564969929	-0.003925220935854734
-7.39674593241552	-0.15989687916741424	-0.003965047792348644
-7.371714643304131	-0.16088798378135216	-0.004008249078048795
-7.346683354192741	-0.16189088767142135	-0.00405396471563893
-7.321652065081352	-0.16290625510135115	-0.0041017030228012175
-7.296620775969963	-0.16393469810352101	-0.004151367477293416
-7.2715894868585735	-0.1649766056877615	-0.004203002093002672
-7.246558197747184	-0.16603224927288096	-0.004256596603555443
-7.221526908635795	-0.167101907223711	-0.0043120829217207085
-7.196495619524406	-0.16818589953951424	-0.0043693839164046094
-7.171464330413016	-0.1692845796936817	-0.004428439787652852
-7.146433041301627	-0.17039832201825256	-0.004489213844370732
-7.121401752190238	-0.17152751393247012	-0.0045516903093890115
-7.0963704630788484	-0.17267255229238554	-0.004615870496399319
-7.071339173967459	-0.17383384200316776	-0.004681769283535087
-7.04630788485607	-0.17501179587120763	-0.004749412072672085
-7.0212765957446805	-0.17620683562904027	-0.004818832333759432
-6.996245306633291	-0.17741939374049398	-0.004890070803187721
-6.971214017521902	-0.17864991361934912	-0.004963176237535283
-6.946182728410513	-0.17989884822896762	-0.005038204655705744
-6.921151439299123	-0.18116665877023763	-0.0051152176991015735
-6.896120150187734	-0.18245381093958635	-0.005194276190144481
-6.871088861076345	-0.18376078402499285	-0.005275421865921323
-6.8460575719649555	-0.18508811056858754	-0.005358678896386873
-6.821026282853566	-0.18643639582961313	-0.005444113074050752
-6.795994993742177	-0.18780625416599328	-0.005531879001850926
-6.770963704630788	-0.18919824402771823	-0.005622177513486315
-6.745932415519399	-0.1906128722699849	-0.005715202421288618
-6.720901126408009	-0.1920506017401351	-0.00581112503517342
-6.69586983729662	-0.19351182754657792	-0.005910056749242096
-6.670838548185231	-0.19499688822932182	-0.006011929478337424
-6.645807259073841	-0.19650626840338337	-0.006116353458362214
-6.620775969962453	-0.19804100024509452	-0.00622279731735155
-6.595744680851063	-0.19960264386585536	-0.006331243541574952
-6.570713391739676	-0.2011925278117559	-0.006442403092205173
-6.545682102628285	-0.20281133552340957	-0.006557083200679478
-6.520650813516897	-0.20445942589691235	-0.006675698442982034
-6.495619524405506	-0.20613723487814095	-0.006798234723657509
-6.470588235294117	-0.20784557987750585	-0.0069244251695005365
-6.445556946182729	-0.20958576328581913	-0.007054171693623504
-6.420525657071338	-0.21135918238336693	-0.0071878754461140865
-6.395494367959951	-0.2131669024686058	-0.007326192122802694
-6.37046307884856	-0.21500970542563547	-0.007469665690993929
-6.34543178973717	-0.21688826466990196	-0.007618638918080775
-6.320400500625783	-0.21880319579338714	-0.007773202340605523
-6.295369211514392	-0.22075520145963434	-0.007932997089583796
-6.270337922403004	-0.22274560811713862	-0.008097176763709218
-6.245306633291613	-0.22477684277935062	-0.008265172333305926
-6.2202753441802265	-0.22685169470909194	-0.008437638193040872
-6.195244055068836	-0.22897214486378115	-0.008615990895896847
-6.170212765957448	-0.23113943975116413	-0.008801369931569755
-6.145181476846059	-0.23335475317425658	-0.008994412201350055
-6.120150187734667	-0.23561949366889134	-0.009195505714166524
-6.09511889862328	-0.23793531011599534	-0.009404993945300172
-6.070087609511891	-0.2403040248638888	-0.009623248101422094
-6.0450563204005014	-0.24272758704628927	-0.00985065473003946
-6.020025031289112	-0.2452080916723256	-0.010087558470287722
-5.994993742177721	-0.24774790538886293	-0.010334248167614232
-5.9699624530663336	-0.2503497861453541	-0.010591133839867983
-5.9449311639549425	-0.2530167218702841	-0.010858974448256314
-5.919899874843555	-0.2557516612633348	-0.01113877636924021
-5.894868585732166	-0.25855754104849016	-0.011431548386723112
-5.869837296620776	-0.26143746130266265	-0.011738251216519127
-5.844806007509387	-0.2643947797573629	-0.012059866842788522
-5.819774718397998	-0.26743313527874957	-0.012397459981036987
-5.7947434292866085	-0.27055645609706946	-0.012752212321265707
-5.769712140175219	-0.27376897321509475	-0.013125444358526195
-5.74468085106383	-0.2770752406817518	-0.013518635682528604
-5.719649561952441	-0.28048015990691866	-0.013933448521416508
-5.694618272841051	-0.28398900396929694	-0.014371756032495672
-5.669586983729662	-0.28760743596897065	-0.014835673500067467
-5.644555694618273	-0.2913415133000852	-0.015327582508103899
-5.619524405506883	-0.29519767577430756	-0.0158501186991533
-5.594493116395494	-0.2991827598773158	-0.016406068943563668
-5.569461827284105	-0.3033041935947489	-0.01699817828383418
-5.5444305381727155	-0.3075705073281103	-0.017629151237743113
-5.519399249061326	-0.3119917293671657	-0.018302186953697563
-5.494367959949937	-0.3165791856536302	-0.019021434271608767
-5.469336670838549	-0.32134553056852244	-0.019792005048848982
-5.444305381727158	-0.3263048929526411	-0.020620516384069795
-5.419274092615769	-0.33147220947742984	-0.02151536741233205
-5.3942428035043815	-0.3368630589769017	-0.022486032673447037
-5.36921151439299	-0.34249449033555823	-0.02354276304096148
-5.344180225281603	-0.34838577645777136	-0.02469704640533117
-5.319148936170212	-0.35455882680532813	-0.025962184406034206
-5.2941176470588225	-0.36103863876307063	-0.027353762939350518
-5.269086357947435	-0.3678540674552062	-0.02889032289548235
-5.244055068836044	-0.37503858650854927	-0.030594674617573037
-5.219023779724656	-0.38263042653495116	-0.03249541266501027
-5.193992490613266	-0.39067277133950373	-0.034627887934829155
-5.168961201501876	-0.39921488187562293	-0.03703544118558472
-5.1439299123904885	-0.40831364354516175	-0.03977176164852944
-5.1188986232791	-0.4180350796741017	-0.042904342156641906
-5.09386733416771	-0.42845589909788373	-0.046519122935345936
-5.06883604505632	-0.4396651458575729	-0.050726840063370554
-5.043804755944931	-0.4517658272999192	-0.055671919470739975
-5.018773466833542	-0.4648761395732217	-0.06154515255558421
-4.993742177722154	-0.47912945167846743	-0.06860200397990936
-4.968710888610763	-0.4946712869240395	-0.07718934763699442
-4.943679599499373	-0.5116496478940924	-0.08778480939442027
-4.918648310387985	-0.5301911309046972	-0.10105470875666198
-4.893617021276597	-0.5503472489486558	-0.11793827014502212
-4.868585732165207	-0.5719791011140005	-0.1397647218445973
-4.843554443053817	-0.5945170407760862	-0.16839699682504786
-4.818523153942427	-0.6164793333564234	-0.2063429463067126
-4.793491864831038	-0.6345856646091654	-0.2566116709002567
-4.768460575719651	-0.6424306851434949	-0.32171843760937624
-4.7434292866082615	-0.6294873590758723	-0.40082093794108176
-4.71839799749687	-0.5830092281732515	-0.4847529435245478
-4.69336670838548	-0.49605680205788705	-0.5524964597198596
-4.668335419274092	-0.3797168620478919	-0.5772245182756897
-4.643304130162704	-0.2656930648900353	-0.5458632582503031
-4.618272841051315	-0.18572310222027166	-0.473489745456558
-4.593241551939924	-0.14886750747887145	-0.38940428878445577
-4.568210262828536	-0.14480157190852871	-0.3142940178766803
-4.543178973717147	-0.15942353433866252	-0.2549782344454473
-4.518147684605758	-0.18275279710689407	-0.21057510592982184
-4.4931163954943685	-0.20930963365531952	-0.17796424027347332
-4.468085106382977	-0.236476640324506	-0.15411208259263126
-4.44305381727159	-0.26315173148559534	-0.13666095283374352
-4.418022528160201	-0.2889715295441988	-0.12391313331261264
-4.392991239048811	-0.3139148354934198	-0.11467836427654046
-4.367959949937422	-0.33811046338246964	-0.10812790724189564
-4.342928660826031	-0.3617474061610171	-0.10368480370391295
-4.317897371714643	-0.38503465160718786	-0.10094849453308932
-4.292866082603254	-0.40818351213004833	-0.09964494818736613
-4.267834793491865	-0.4314003241025377	-0.09959256827433827
-4.2428035043804755	-0.45488590376476035	-0.10067867223081979
-4.217772215269086	-0.47883868224239645	-0.10284494451602566
-4.192740926157699	-0.5034587702585549	-0.10607952354404201
-4.167709637046308	-0.5289522043808073	-0.11041360823665256
-4.142678347934918	-0.5555354119348093	-0.1159217309928576
-4.117647058823529	-0.5834398923078665	-0.12272565643594754
-4.09261576971214	-0.6129169705487558	-0.13100238683505985
-4.067584480600752	-0.6442422577248923	-0.14099731417636183
-4.042553191489361	-0.6777189807124651	-0.1530443038465946
-4.017521902377972	-0.7136783352981197	-0.16759552473568917
-3.9924906132665825	-0.7524729016018825	-0.1852652058790208
-3.967459324155193	-0.7944547677795639	-0.20689298816412946
-3.9424280350438052	-0.839921018941423	-0.23363291305196207
-3.917396745932415	-0.8889916599275534	-0.267068703538098
-3.8923654568210257	-0.9413548539503096	-0.3093301939439641
-3.867334167709638	-0.9957825341287001	-0.3631011947248388
-3.8423028785982494	-1.0493757521355462	-0.43120196653826137
-3.8172715894868587	-1.0969474743295033	-0.5151682384999025
-3.7922403003754686	-1.132059970950674	-0.6127519050502556
-3.7672090112640793	-1.151281157262575	-0.7168669426228514
-3.7421777221526913	-1.1587679155640451	-0.820042757623697
-3.717146433041303	-1.1642831601211427	-0.9226386639987764
-3.6921151439299127	-1.1733669496590067	-1.0357878530258517
-3.6670838548185225	-1.1791344157005912	-1.174060976063581
-3.6420525657071328	-1.1626827191161198	-1.3450988073782808
-3.617021276595745	-1.0996767965793577	-1.5416283389064982
-3.5919899874843564	-0.9729418510959555	-1.7383095908993693
-3.566958698372966	-0.7876465816623797	-1.9013402103796118
-3.541927409261576	-0.5714384172901101	-2.0127339556442565
-3.5168961201501876	-0.34736822577243265	-2.0819737668863953
-3.4918648310387996	-0.11388321374252586	-2.122540875507639
-3.46683354192741	0.13995951392182615	-2.128330630704956
-3.4418022528160197	0.4114916503656536	-2.077424222280147
-3.4167709637046295	0.6747081229237963	-1.9504772910603365
-3.391739674593241	0.8896694404943766	-1.7529726211849928
-3.366708385481853	1.0310134820748078	-1.5176688820977715
-3.341677096370464	1.1007148184812743	-1.2795595079417268
-3.3166458072590737	1.1136098093173001	-1.0592341606665456
-3.291614518147683	1.0845532306987753	-0.8669257283300902
-3.2665832290362946	1.0278061349574559	-0.7078346796921067
-3.2415519399249066	0.9569010092067161	-0.5817756973536514
-3.2165206508135173	0.8819312577926817	-0.48414223047614635
-3.191489361702127	0.8086881805977288	-0.4088741717614831
-3.166458072590739	0.739797588627066	-0.35049352769160147
-3.14142678347935	0.6760982193559224	-0.30472369980649827
-3.11639549436796	0.6175618872974113	-0.2684152634610423
-3.091364205256571	0.5637904804872589	-0.2392916068440584
-3.0663329161451807	0.5142589684238708	-0.21570770179044582
-3.0413016270337927	0.4684264896329964	-0.19646591841267239
-3.0162703379224034	0.4257829568496687	-0.18068529679590897
-2.991239048811014	0.3858651834438427	-0.16771103155383119
-2.966207759699625	0.34825908462899946	-0.15705210159058833
-2.941176470588234	0.3125958811619687	-0.14833814026233375
-2.916145181476846	0.2785460431642157	-0.141289427366266
-2.891113892365457	0.24581268529979194	-0.1356959073706332
-2.8660826032540676	0.21412514556493356	-0.13140251033652575
-2.8410513141426783	0.18323299824575123	-0.12829895374327274
-2.816020025031289	0.1529004678405257	-0.12631279978203017
-2.790988735919901	0.1229009623447106	-0.1254050603379652
-2.7659574468085104	0.09301145646645903	-0.1255683688817343
-2.740926157697121	0.06300734598760593	-0.12682805762395907
-2.715894868585732	0.03265861315429719	-0.12924508495438966
-2.6908635794743425	0.001725835956663424	-0.13291981865024877
-2.6658322903629545	-0.030045267862933045	-0.13799858682244212
-2.6408010012515644	-0.06292967211094203	-0.14468493406153432
-2.615769712140175	-0.09722824265131269	-0.15325649110937692
-2.5907384230287853	-0.13327166999912432	-0.16408926954799055
-2.565707133917396	-0.17142149246916416	-0.17769271928321842
-2.540675844806008	-0.21206428587645432	-0.1947605142756593
-2.515644555694618	-0.25559063416870886	-0.2162438097152519
-2.4906132665832286	-0.3023415714728652	-0.2434545917768934
-2.4655819774718406	-0.3524880952993934	-0.2782023039946928
-2.440550688360452	-0.4057813612028116	-0.3229435745013526
-2.4155193992490616	-0.46108669194314356	-0.3808501969288811
-2.3904881101376714	-0.5156815950080327	-0.45553931893911537
-2.365456821026282	-0.564672718533376	-0.5501035704572388
-2.340425531914894	-0.6014475262062218	-0.6657036480010846
-2.3153942428035057	-0.6191277149454928	-0.8013762212598625
-2.2903629536921155	-0.610359524496064	-0.9551373719901938
-2.2653316645807253	-0.5655755605074893	-1.1222925897107328
-2.2403003754693356	-0.4756144804565632	-1.291435649776846
-2.2152690863579476	-0.338311697826021	-1.446027655782254
-2.190237797246559	-0.15895586655535254	-1.5719568821359826
-2.165206508135169	0.05669081024627021	-1.658429300589458
-2.140175219023779	0.3013583661722574	-1.690505779350998
-2.1151439299123904	0.5551971103014828	-1.651454964693232
-2.0901126408010025	0.7848857458397767	-1.5387246364196527
-2.0650813516896127	0.960943902559328	-1.3727427424367504
-2.0400500625782225	1.0742152363233033	-1.1848164254257578
-2.0150187734668323	1.133000417690286	-0.9986473622276796
-1.989987484355444	1.1490735526227813	-0.8260033509664063
-1.9649561952440555	1.1320313300856286	-0.6739144633783788
-1.939924906132667	1.0922271165438877	-0.5473285135713544
-1.914893617021277	1.0405370021143994	-0.44675920235743016
-1.8898623279098858	0.9852852411952586	-0.3687466221602773
-1.8648310387984974	0.9312756146598962	-0.3084886374776149
-1.839799749687109	0.880710634487277	-0.2616060503641081
-1.8147684605757206	0.8343281550438335	-0.22467430196032037
-1.7897371714643304	0.7921558405808633	-0.19517068314113992
-1.764705882352942	0.7539173721882877	-0.17127107196278227
-1.7396745932415527	0.7192310734648406	-0.15165616486243141
-1.7146433041301625	0.6877010598598847	-0.13536337673883828
-1.6896120150187741	0.6589559198176138	-0.12168166925581014
-1.664580725907384	0.6326626062308693	-0.11007866185970824
-1.6395494367959955	0.6085290080828503	-0.10015030085387447
-1.6145181476846062	0.5863016607516847	-0.09158590163068903
-1.589486858573217	0.5657616501816931	-0.0841436185089533
-1.5644555694618276	0.5467201205414425	-0.07763302148861106
-1.5394242803504374	0.5290140010906486	-0.07190256207178053
-1.514392991239049	0.5125021880858043	-0.06683044102388747
-1.4893617021276597	0.4970622397910658	-0.06231787239795181
-1.4643304130162704	0.48258756366542044	-0.058284056400127515
-1.4392991239048811	0.4689850437135681	-0.05466238570118093
-1.4142678347934918	0.4561730476451853	-0.051397552484809844
-1.3892365456821025	0.44407975541260236	-0.0484433206211857
-1.3642052565707132	0.4326417567604959	-0.0457607941929343
-1.339173967459324	0.42180287267436345	-0.043317060141887465
-1.3141426783479346	0.4115131627050028	-0.04108411557867114
-1.2891113892365453	0.40172808651923986	-0.03903801362872866
-1.264080100125157	0.39240779351160704	-0.037158178472717684
-1.2390488110137667	0.38351651891952243	-0.0354268524355259
-1.2140175219023774	0.37502206870020305	-0.03382864692633139
-1.1889862327909881	0.36689537856152854	-0.032350175658387686
-1.1639549436795988	0.3591101351008157	-0.03097975352855356
-1.1389236545682104	0.3516424490939334	-0.029707148269432132
-1.1138923654568202	0.3444705726782873	-0.028523374826876696
-1.0888610763454318	0.3375746535576447	-0.027420524597055573
-1.0638297872340434	0.3309365204839485	-0.026391623351490257
-1.0387984981226523	0.32453949518796854	-0.025430513012055372
-1.013767209011264	0.31836822667584697	-0.024531753506829457
-0.9887359198998737	0.3124085444130278	-0.023690541816522234
-0.9637046307884853	0.30664732740611567	-0.022902646071269545
-0.9386733416770969	0.30107238658770386	-0.022164353232939388
-0.9136420525657085	0.29567235822846105	-0.021472429551658512
-0.8886107634543183	0.2904366063641284	-0.020824093675609112
-0.8635794743429273	0.28535513245742083	-0.020217003092992417
-0.8385481852315388	0.2804184907526379	-0.01964925559351738
-0.8135168961201504	0.27561770808974484	-0.01911940879801266
-0.788485607008762	0.27094420744381786	-0.0186265227364332
-0.7634543178973718	0.266389735377319	-0.018170233293294466
-0.7384230287859816	0.2619462953928138	-0.017750868610020273
-0.7133917396745932	0.257606092763242	-0.017369627049343403
-0.6883604505632039	0.2533615036446135	-0.0170288453156658
-0.6633291614518155	0.2492050959343145	-0.01673240051205957
-0.6382978723404253	0.2451297593132037	-0.016486312273505055
-0.6132665832290352	0.2411290636969564	-0.016299641273946563
-0.5882352941176467	0.23719809329500108	-0.016185811343773338
-0.5632040050062583	0.23333526712125086	-0.01616447791050589
-0.5381727158948699	0.22954618357953505	-0.016263891402573366
-0.5131414267834788	0.2258514822402038	-0.016522927531827894
-0.48811013767208866	0.2223019591294445	-0.016989347113581257
-0.46307884856070025	0.2190034261768664	-0.01770372473043376
-0.43804755944931184	0.2161406300335147	-0.018645444433822878
-0.41301627033792343	0.2139409004958912	-0.019620997533514623
-0.38798498122653324	0.21246611501565604	-0.020187854805324937
-0.36295369211514483	0.21133531442841852	-0.019900425706758748
-0.33792240300375376	0.2099089315881274	-0.01879257643363333
-0.31289111389236535	0.20786135724772725	-0.017334853790891433
-0.28785982478097694	0.2052906167974683	-0.01594402680798511
-0.26282853566958675	0.20242633628838558	-0.014786158296913612
-0.23779724655819834	0.19944479515335667	-0.013869267631292453
-0.21276595744680904	0.19644505248396138	-0.013149351170924986
-0.18773466833541974	0.19347465347427656	-0.01257845134439034
-0.16270337922403044	0.1905534456056315	-0.012118152357578751
-0.13767209011264026	0.18768767109867965	-0.011740554746399193
-0.11264080100125184	0.18487722548804797	-0.011426130825404016
-0.08760951188986255	0.18211919481515973	-0.01116143491968137
-0.06257822277847325	0.1794095311302582	-0.010937353189677243
-0.03754693366708395	0.17674382748161976	-0.010747914800967623
-0.01251564455569465	0.17411766941495133	-0.010589549684534544
0.01251564455569465	0.17152680466916115	-0.01046068848140401
0.03754693366708395	0.1689672702861223	-0.01036164195748869
0.06257822277847325	0.16643559088862145	-0.010294739139937753
0.08760951188986255	0.16392919919454255	-0.010264734958181157
0.11264080100125184	0.1614473491503827	-0.010279497368222548
0.13767209011264114	0.15899304498521882	-0.010350872665622901
0.16270337922403044	0.15657694613228607	-0.010495158830620022
0.18773466833541974	0.15422462045700996	-0.010731128465845063
0.21276595744680726	0.15198728544445095	-0.01106984324499545
0.23779724655819834	0.14994726893615257	-0.01148554089123048
0.26282853566958764	0.14818498887951922	-0.01186769896906896
0.28785982478097694	0.1466727865027061	-0.01202080189804934
0.31289111389236623	0.14520255468216842	-0.011815880057927886
0.33792240300375376	0.1435411009225559	-0.011342517214901496
0.36295369211514483	0.14162423701606608	-0.010799532068701642
0.38798498122653235	0.1395211116898883	-0.010318336472827982
0.41301627033792343	0.13731876067024595	-0.009937592125236538
0.43804755944931273	0.1350751730819275	-0.009650082629684281
0.46307884856070025	0.13282060915572563	-0.0094367655725804
0.4881101376720913	0.13056853968078713	-0.009279820544497136
0.5131414267834788	0.12832373083551707	-0.009165615795107288
0.5381727158948699	0.12608673478791343	-0.009084425863339712
0.5632040050062574	0.12385614640530296	-0.009029486498637843
0.5882352941176467	0.12162968923169926	-0.008996134206952416
0.6132665832290378	0.11940472314307693	-0.008981168348901947
0.6382978723404253	0.11717847211822141	-0.008982409819763976
0.6633291614518164	0.11494811749228895	-0.00899840326466117
0.6883604505632039	0.11271082686813894	-0.009028217619193521
0.7133917396745932	0.11046375252224616	-0.009071312626685535
0.7384230287859808	0.1082040155727162	-0.009127449578953492
0.7634543178973718	0.10592868362459751	-0.009196631996999077
0.7884856070087629	0.10363474540959372	-0.009279066949089518
0.8135168961201504	0.10131908386051958	-0.009375140963599773
0.8385481852315397	0.09897844802479816	-0.009485406625943174
0.8635794743429273	0.09660942369718972	-0.009610577358513075
0.8886107634543183	0.09420840237638839	-0.009751528834768305
0.9136420525657059	0.09177154799084786	-0.009909306144118238
0.9386733416770969	0.08929476072774067	-0.010085136313785284
0.9637046307884862	0.08677363719924325	-0.010280446180715552
0.9887359198998737	0.0842034260718425	-0.010496885941689377
1.0137672090112648	0.08157897815410631	-0.010736359031246687
1.0387984981226523	0.07889468977675995	-0.011001059316536832
1.0638297872340434	0.07614443809648108	-0.011293516986239913
1.088861076345431	0.07332150670251392	-0.011616654980240768
1.1138923654568202	0.070418499591266	-0.011973858397710813
1.1389236545682113	0.0674272411859318	-0.01236906008525819
1.1639549436795988	0.06433865960021445	-0.012806846613541312
1.18898623279099	0.06114264976036843	-0.013292590197020768
1.2140175219023774	0.05782791229029782	-0.013832613934525284
1.2390488110137667	0.0543817632143051	-0.014434400244826687
1.264080100125156	0.05078990853530341	-0.01510685582826192
1.2891113892365453	0.04703617661809645	-0.015860651324368064
1.3141426783479364	0.043102200113141365	-0.01670866068499635
1.339173967459324	0.0389670380625462	-0.017666535088524296
1.3642052565707132	0.03460672820885358	-0.018753460423670237
1.3892365456821025	0.029993760155825555	-0.019993168184919086
1.4142678347934918	0.02509646349003214	-0.02141530047847892
1.4392991239048811	0.019878314438936284	-0.023057276094070045
1.4643304130162704	0.014297186480625834	-0.02496687462121014
1.4893617021276597	0.008304617350408439	-0.027205862358887
1.514392991239049	0.001845263128901431	-0.029855146931494547
1.5394242803504383	-0.005143087098388621	-0.03302219501014658
1.5644555694618276	-0.01272814473581274	-0.03685181274488894
1.589486858573217	-0.020978749954083886	-0.04154188879754131
1.6145181476846044	-0.029954063494758376	-0.047366249410572187
1.6395494367959955	-0.03967926969078617	-0.05470688684878405
1.6645807259073848	-0.05009368289004357	-0.06409568921863676
1.6896120150187741	-0.06094507881714861	-0.07625581687072619
1.7146433041301634	-0.0715910356587377	-0.0921009010430795
1.739674593241551	-0.08068543671177975	-0.11257480421365607
1.764705882352942	-0.08586928871566735	-0.13812035904570721
1.7897371714643295	-0.08391058907578253	-0.16766659777200968
1.8147684605757206	-0.0719197672802816	-0.1975808982275231
1.83979974968711	-0.04982924177314363	-0.22181354177022708
1.8648310387984974	-0.022620337293367765	-0.23505612918574817
1.8898623279098885	0.0022273974454347645	-0.23759388964844072
1.914893617021276	0.020939097733960743	-0.23412979150500227
1.939924906132667	0.03327723295560192	-0.22827676778894032
1.9649561952440546	0.03902006665164093	-0.22283810521389655
1.989987484355444	0.03919304424777259	-0.2216654164841146
2.015018773466835	0.037616448697230354	-0.22777523215815884
2.0400500625782225	0.03964181419373025	-0.24112964363770797
2.065081351689613	0.04960117253205043	-0.25813158049496765
2.090112640801001	0.06857086374940646	-0.2731929319093357
2.1151439299123904	0.09391597560744502	-0.2813375746019193
2.1401752190237784	0.12049529720387797	-0.2805377373436255
2.165206508135169	0.14372375390750136	-0.27278727223189925
2.1902377972465596	0.162354523514602	-0.26156335731344194
2.2152690863579476	0.17698795631985842	-0.24873210779259355
2.240300375469337	0.18775336507236418	-0.23535358742345378
2.265331664580725	0.19513415638824272	-0.22306812605093732
2.2903629536921155	0.20099530657532272	-0.21288064807869703
2.315394242803503	0.20716626690896156	-0.2038405104128808
2.340425531914894	0.21357968255321458	-0.19417703409525486
2.3654568210262834	0.21875468090848083	-0.1835237140287775
2.3904881101376714	0.2220026156291781	-0.1731527820909368
2.415519399249062	0.22423195573286714	-0.1641655984101383
2.4405506883604495	0.22678111290118963	-0.15633130619324156
2.4655819774718406	0.23014668750903144	-0.14856248073105766
2.490613266583228	0.23392456536610284	-0.14003482114152283
2.515644555694618	0.23760882029231256	-0.13047700516803393
2.5406758448060085	0.24080636222407747	-0.11964592717541814
2.565707133917396	0.2427536710000573	-0.10732431762963374
2.590738423028787	0.2424279759068293	-0.09396946694374769
2.6157697121401746	0.23933007788504534	-0.08071814978115727
2.6408010012515644	0.23375933835048768	-0.06872559107157958
2.665832290362953	0.22652277040557234	-0.05868905422651399
2.6908635794743425	0.21849631401481417	-0.050740172674821254
2.7158948685857336	0.2103149344942712	-0.044644742914047186
2.740926157697121	0.2023249895715611	-0.040065872402826525
2.765957446808511	0.19467473355420273	-0.036711633430083906
2.7909887359198997	0.18741140669593914	-0.03438037796786808
2.816020025031289	0.18055052208275146	-0.03296281121509739
2.841051314142678	0.17412933455591784	-0.032431908654271646
2.8660826032540676	0.16826509888923402	-0.03282200070447075
2.8911138923654573	0.16323126731754733	-0.03416847589858116
2.916145181476846	0.15951980594792614	-0.03634242637707691
2.9411764705882355	0.15771944898728574	-0.03874004954449367
2.9662077596996244	0.157935991594071	-0.04011310972977397
2.991239048811014	0.15910331407891887	-0.0392577199534212
3.0162703379224016	0.15949515546815762	-0.03623041104814867
3.0413016270337927	0.15817150260111834	-0.03225145512244096
3.066332916145182	0.15532412610251578	-0.028470694713149725
3.091364205256571	0.15155767874724546	-0.025384999158836463
3.1163954943679606	0.14736162847152734	-0.023038733217116553
3.141426783479348	0.14301479089575153	-0.021315121676933488
3.166458072590739	0.13864797156192799	-0.020079755445601866
3.1914893617021267	0.13431007747622203	-0.019224095433480026
3.2165206508135173	0.13000870982254176	-0.018670649524284405
3.241551939924907	0.12573140709188868	-0.018367829925464943
3.2665832290362946	0.12145595469200066	-0.018283859163138336
3.2916145181476857	0.11715508339733471	-0.01840213208745531
3.316645807259073	0.11279838621389171	-0.018718291324838307
3.341677096370464	0.10835286608724815	-0.019238784105894108
3.366708385481852	0.1037828120036175	-0.019980681093406588
3.391739674593241	0.09904936914509577	-0.020972680914166902
3.416770963704632	0.09411004652664667	-0.02225740198189563
3.4418022528160197	0.08891842573744269	-0.023895270692058657
3.4668335419274103	0.08342450764287568	-0.025970575468805185
3.4918648310387983	0.07757655568623356	-0.02860059537025783
3.5168961201501876	0.07132619843243004	-0.03194911945479842
3.5419274092615756	0.06464043195132119	-0.0362459763873485
3.566958698372966	0.05752795133765698	-0.04181365129058143
3.591989987484357	0.05009433625826709	-0.04909815242214852
3.617021276595745	0.04265118470930451	-0.05868660173921378
3.642052565707134	0.03590741160585642	-0.07125161464928115
3.667083854818522	0.031210865222174977	-0.08727767827953198
3.6921151439299127	0.03055206836062707	-0.10640096659264484
3.7171464330413	0.03569183762091743	-0.1267022434406182
3.7421777221526913	0.04660071609614347	-0.1453637074596726
3.7672090112640806	0.06163420607009673	-0.16081772245949835
3.7922403003754686	0.07982683345515573	-0.1729020489087463
3.817271589486859	0.10098942959628321	-0.18065327193402733
3.8423028785982467	0.12351349724986438	-0.18246009554673245
3.867334167709638	0.1445340934821373	-0.17833203886262636
3.8923654568210253	0.16207551886053828	-0.17019389541336336
3.917396745932415	0.17601828548095177	-0.16023260707607365
3.9424280350438057	0.1871479503446758	-0.1495569678765306
3.967459324155193	0.1959969088445792	-0.13856345105323636
3.9924906132665843	0.20295040657430485	-0.12758566437284444
4.017521902377972	0.2084711939719215	-0.1167674312602475
4.042553191489361	0.21289779303462542	-0.1059837544518677
4.06758448060075	0.2163247021154806	-0.09496405426983562
4.09261576971214	0.21846379212532296	-0.08344845457613354
4.117647058823531	0.21871858941353928	-0.0716278785466807
4.142678347934918	0.21677750271148089	-0.060266791438007755
4.167709637046308	0.21295867806859636	-0.05019873401420025
4.192740926157697	0.20797753557902698	-0.0418594185242942
4.217772215269086	0.2025380318008354	-0.03522607910866951
4.2428035043804755	0.19711145805943175	-0.03002656756703792
4.267834793491865	0.1919397229036095	-0.025942103577136333
4.292866082603254	0.1871181507655164	-0.02269972814757111
4.317897371714643	0.1826659342880559	-0.02009080707803379
4.342928660826033	0.17856785513951134	-0.01796222054390091
4.367959949937422	0.1747956487869935	-0.01620235171363943
4.392991239048811	0.17131785618594453	-0.014728694007632978
4.418022528160199	0.1681031649175253	-0.013478690505231566
4.44305381727159	0.16512066467465392	-0.012404850493187958
4.468085106382979	0.16234126633473522	-0.011473060620437625
4.4931163954943685	0.15974069883521214	-0.010659469605265412
4.518147684605758	0.15729988111483095	-0.009945821309177635
4.543178973717145	0.15500304867164516	-0.009316917958145543
4.568210262828536	0.15283643825014082	-0.00876007056266867
4.593241551939924	0.15078789827229677	-0.00826492764014658
4.618272841051315	0.14884687044266887	-0.007823181980622151
4.643304130162704	0.14700450356163763	-0.007428151131265451
4.668335419274092	0.14525384408485742	-0.007074125695200245
4.693366708385483	0.14358980318305203	-0.006755190891152507
4.71839799749687	0.14200785739308852	-0.006463638715831124
4.7434292866082615	0.14050068137360405	-0.006190193324236037
4.768460575719649	0.13905649403484066	-0.005928729053587989
4.793491864831038	0.13766415554548317	-0.005679960272511275
4.818523153942429	0.1363181617875151	-0.005447454950936223
4.843554443053817	0.13501691845221142	-0.005232810019831627
4.868585732165208	0.13375946103597958	-0.005035298094585347
4.8936170212765955	0.13254427684709924	-0.004853220227478083
4.918648310387985	0.13136937901586343	-0.004684784429782818
4.943679599499372	0.13023259368841789	-0.004528410363897312
4.968710888610763	0.1291317606797353	-0.0043827729475711535
4.9937421777221545	0.12806483898525922	-0.004246758005037474
5.018773466833542	0.127029941414877	-0.004119387096595567
5.043804755944931	0.12602529077246594	-0.003999748756050164
5.068836045056319	0.12504912215029407	-0.0038870281456341027
5.09386733416771	0.12409970572138107	-0.003780654339462744
5.118898623279097	0.12317555160976568	-0.0036803176590304576
5.1439299123904885	0.12227552119861151	-0.003585773289574587
5.168961201501878	0.12139876787531367	-0.0034966492647671293
5.193992490613265	0.12054459321265654	-0.003412280354667896
5.219023779724656	0.11971208842942804	-0.003331622136432011
5.244055068836044	0.11889969626582886	-0.0032536684511289687
5.269086357947435	0.11810552984703371	-0.0031782258701268523
5.2941176470588225	0.1173283107767773	-0.0031058166273622567
5.319148936170212	0.11656754489577104	-0.0030368389237056814
5.344180225281603	0.11582299734546186	-0.0029711733496508574
5.36921151439299	0.11509422250107804	-0.0029083230430961976
5.3942428035043815	0.1143803929059235	-0.0028478220955350103
5.419274092615769	0.1136805788173385	-0.002789574460268826
5.444305381727158	0.11299411524584357	-0.0027337110224599365
5.469336670838548	0.1123205775109124	-0.0026802921191494966
5.494367959949937	0.11165959803099934	-0.0026292531526146135
5.519399249061328	0.11101078850817903	-0.0025804792757890133
5.5444305381727155	0.11037374434916636	-0.0025338638708364836
5.569461827284105	0.10974806929718373	-0.002489334131628232
5.594493116395494	0.10913340291051021	-0.002446860566950093
5.619524405506883	0.10852945669860325	-0.0024064568182874807
5.644555694618273	0.10793607017358031	-0.0023681566666928083
5.669586983729662	0.10735328289836321	-0.0023319237078122806
5.694618272841051	0.10678133819570146	-0.0022974224934860094
5.719649561952441	0.10622036160176407	-0.0022637131916331543
5.74468085106383	0.10566959788035568	-0.002229442733967524
5.769712140175219	0.10512721379868495	-0.0021940208046069554
5.7947434292866085	0.10459159796664341	-0.002158292969500583
5.819774718397996	0.10406233784940078	-0.0021235144666814226
5.844806007509387	0.103539717277914	-0.002090387578867786
5.869837296620776	0.10302403367969504	-0.0020590894208445953
5.894868585732166	0.10251539862676129	-0.0020295936804943376
5.919899874843555	0.10201378813664608	-0.0020018684928979347
5.9449311639549425	0.1015191373168971	-0.0019759554859749423
5.9699624530663336	0.10103143788886104	-0.0019519941452114942
5.994993742177721	0.10055086093676735	-0.0019302054561426835
6.020025031289112	0.10007792878327049	-0.0019107784485896534
6.0450563204005014	0.09961366846844033	-0.0018935104204112208
6.07008760951189	0.09915935815112231	-0.001877083932041168
6.09511889862328	0.09871516384915235	-0.0018586159372805944
6.120150187734667	0.09827841276831162	-0.0018353100828257668
6.145181476846059	0.09784490112408584	-0.001807494302640253
6.170212765957445	0.09741251651965488	-0.0017781930368398757
6.195244055068836	0.09698179945033569	-0.0017500103097608383
6.2202753441802265	0.09655406893774199	-0.0017239688445411239
6.245306633291613	0.0961302893407181	-0.0017001276591518816
6.270337922403005	0.09571093991517454	-0.0016782494204029275
6.295369211514392	0.09529618241513926	-0.0016581027617371402
6.320400500625783	0.09488601491486115	-0.0016395544570472764
6.3454317897371695	0.09448036979381147	-0.001622590147625294
6.37046307884856	0.09407918107884061	-0.0016073226625578918
6.395494367959952	0.09368245327083802	-0.0015940049000273682
6.420525657071338	0.09329036698267856	-0.0015830399264400163
6.445556946182729	0.09290346378227188	-0.0015749433630124349
6.470588235294116	0.0925229306155444	-0.001570124990168148
6.495619524405506	0.09215081629170019	-0.0015682188674233793
6.520650813516895	0.09178942595543127	-0.0015668497826134692
6.545682102628285	0.09143883336865155	-0.0015612160048363577
6.570713391739676	0.09109451524990408	-0.0015474025860714308
6.5957446808510625	0.09075052447690268	-0.0015268085383327162
6.620775969962453	0.0904049838069243	-0.0015041459029114107
6.645807259073841	0.09005984628881336	-0.0014823902358596097
6.670838548185231	0.08971739142561574	-0.001461377710776729
6.695869837296622	0.0893778174883808	-0.001439506114896849
6.720901126408009	0.08903953720406044	-0.0014164251327097171
6.745932415519399	0.08870159484129392	-0.0013935467872824847
6.770963704630788	0.08836451885683694	-0.0013722604200938765
6.795994993742178	0.08802931316471341	-0.0013530264481399767
6.821026282853566	0.08769671345637242	-0.0013357013190370137
6.8460575719649555	0.08736709792191277	-0.0013199730342756122
6.871088861076346	0.08704061319671208	-0.0013055609496596399
6.896120150187734	0.08671729135000827	-0.0012922677183284659
6.921151439299124	0.08639712346863249	-0.0012799792549172545
6.946182728410513	0.0860801091870762	-0.0012686567820787004
6.971214017521902	0.08576631567649695	-0.0012583249820426468
6.996245306633291	0.08545596329038485	-0.0012490118686287743
7.0212765957446805	0.08514948324498484	-0.001240569750833434
7.046307884856071	0.08484736190416786	-0.001232366637530416
7.071339173967459	0.08454952638238744	-0.0012231855478692655
7.0963704630788484	0.08425475646646419	-0.001212037526052867
7.121401752190238	0.08396144629436098	-0.0011992659123935406
7.146433041301627	0.08366895853100953	-0.0011860992448781693
7.171464330413016	0.08337760702746877	-0.0011734569988632038
7.196495619524406	0.08308790908241015	-0.0011616496614517552
7.221526908635795	0.08280021782491431	-0.001150655821196181
7.246558197747184	0.08251470567118346	-0.0011403600915628337
7.2715894868585735	0.08223143470687244	-0.0011306498623268324
7.296620775969963	0.08195041417583937	-0.0011214355447200092
7.321652065081352	0.08167163024523294	-0.0011126399792395353
7.3466833541927405	0.08139504474460502	-0.0011041813970510406
7.371714643304131	0.08112057049265964	-0.0010959830395230324
7.39674593241552	0.08084807689838858	-0.0010880210752014369
7.421777221526909	0.08057745020123352	-0.0010803376472076492
7.446808510638299	0.08030862276853235	-0.0010729910629595496
7.471839799749687	0.08004154610941061	-0.0010660231374588353
7.496871088861077	0.07977616502009344	-0.0010594653310892904
7.521902377972466	0.07951241084863891	-0.0010533529451539625
7.546933667083856	0.0792502025550803	-0.0010477344649418713
7.571964956195245	0.07898944823573295	-0.0010426778255741703
7.5969962453066335	0.07873004569578246	-0.0010382768688178556
7.622027534418024	0.07847188263397342	-0.0010346601165867747
7.647058823529412	0.07821483746020963	-0.0010320035367534786
7.672090112640802	0.07795878232660325	-0.0010305494167962281
7.697121401752189	0.07770359146905292	-0.0010306343356498576
7.72215269086358	0.0774491610719128	-0.001032730174294505
7.74718397997497	0.07719545315398069	-0.001037502431294482
7.772215269086359	0.07694258817070132	-0.0010458867396380828
7.797246558197749	0.07669103136300937	-0.0010591682692776966
7.8222778473091354	0.0764419384562185	-0.001078998946643303
7.8473091364205265	0.0761977005668113	-0.0011071836016020853
7.872340425531913	0.07596257522556016	-0.0011449715767973406
7.897371714643305	0.07574313102528762	-0.0011916153103836008
7.922403003754695	0.07554793323363462	-0.001241520037605623
7.947434292866082	0.07538294196482642	-0.0012798236579838335
7.972465581977473	0.07523928006609015	-0.0012854115574396502
7.99749687108886	0.07509045214303711	-0.001250675703361362
8.022528160200253	0.07491487936134611	-0.0011918483980864758
8.047559449311638	0.0747114484715965	-0.001130685108236426
8.072590738423028	0.07449012291452206	-0.0010786427172687907
8.09762202753442	0.07426040840688941	-0.0010377817374759984
8.122653316645806	0.07402796457721905	-0.0010062050953926344
8.147684605757199	0.07379528156918091	-0.0009814716110659039
8.172715894868585	0.07356323578282264	-0.0009618844429446077
8.197747183979974	0.07333221973603266	-0.0009464136410486934
8.222778473091363	0.0731024587123077	-0.0009343122569982903
8.247809762202753	0.07287400889265072	-0.0009249878867106237
8.272841051314145	0.07264678214519193	-0.0009180052212502537
8.297872340425531	0.07242059809244594	-0.0009130843467538563
8.32290362953692	0.07219522325457461	-0.0009100841284594013
8.34793491864831	0.07197039120242898	-0.0009089862238969709
8.3729662077597	0.07174581008772485	-0.000909888047584892
8.397997496871088	0.07152116389263519	-0.0009130075390337139
8.423028785982478	0.07129611210430653	-0.0009187014577017732
8.448060075093867	0.07107029230707873	-0.0009274998777582255
8.473091364205256	0.07084333217174432	-0.0009401611129221527
8.498122653316646	0.07061488229631507	-0.0009577520219637842
8.523153942428035	0.07038468964475264	-0.0009817552163118443
8.548185231539424	0.07015273758700147	-0.0010141907578388315
8.573216520650814	0.06991945778303155	-0.0010577191266006036
8.598247809762203	0.06968594573641695	-0.0011157477226250018
8.623279098873592	0.06945422283247638	-0.0011928706550222296
8.648310387984981	0.06922853801521	-0.0012959589372836672
8.67334167709637	0.06901932129092003	-0.0014342373123339552
8.69837296620776	0.06884893577357154	-0.0016146090427240356
8.72340425531915	0.0687545116015773	-0.001828596982509409
8.748435544430539	0.06877487402750404	-0.0020309091841129584
8.773466833541928	0.06890501921886205	-0.0021355701995960513
8.798498122653317	0.06905820193101242	-0.002078502143149308
8.823529411764707	0.06912722807714111	-0.0018919579508075435
8.848560700876096	0.06907713255152181	-0.0016648581036384363
8.873591989987485	0.06893723575675104	-0.0014600456392413474
8.898623279098874	0.06874841945699117	-0.0012973517156190523
8.92365456821026	0.06853903307085929	-0.0011737295360180339
8.948685857321653	0.06832386556174619	-0.0010795881037961724
8.973717146433042	0.06810884213736834	-0.0010062460167109266
8.998748435544432	0.06789591177248866	-0.0009480989120174421
9.023779724655821	0.06768605252266724	-0.0009016826455735261
9.048811013767207	0.06747993376203354	-0.0008643983376052239
9.0738423028786	0.06727783778672602	-0.0008341228501865527
9.098873591989985	0.06707972151555275	-0.0008091848987353545
9.123904881101378	0.06688536173231086	-0.0007883234120700938
9.148936170212767	0.0666944657970383	-0.00077060495794401
9.173967459324153	0.06650673216563519	-0.000755340159697207
9.198998748435546	0.06632187783850974	-0.0007420165499871234
9.224030037546932	0.06613964834669872	-0.0007302492517876763
9.249061326658325	0.06595981944854934	-0.0007197459320258948
9.27409261576971	0.06578219524701723	-0.0007102821062569126
9.2991239048811	0.06560660499639681	-0.0007016836888132649
9.324155193992492	0.06543289963786769	-0.0006938145742609869
9.349186483103878	0.06526094850784858	-0.0006865677319228131
9.374217772215271	0.06509063638251611	-0.0006798587854720539
9.399249061326657	0.06492186089244711	-0.0006736213849284217
9.424280350438046	0.06475453028548905	-0.0006678039081134263
9.449311639549435	0.06458856149635572	-0.0006623671896474198
9.474342928660825	0.06442387847888931	-0.0006572830950770797
9.499374217772218	0.06426041076580269	-0.0006525338592660856
9.524405506883603	0.06409809225216812	-0.0006481122118715821
9.549436795994993	0.0639368602736905	-0.0006440224078667345
9.574468085106382	0.06377665513475606	-0.0006402823636582206
9.599499374217771	0.06361742036418327	-0.0006369272981886775
9.62453066332916	0.06345910440125557	-0.0006340155888364257
9.64956195244055	0.06330166528094949	-0.0006316377692196645
9.67459324155194	0.06314508144664543	-0.0006299296670776999
9.699624530663328	0.06298937505097868	-0.0006290901020861855
9.724655819774718	0.0628346604605241	-0.0006293998993262689
9.749687108886107	0.06268124055000435	-0.000631225345978953
9.774718397997496	0.06252977830897244	-0.0006349487878569843
9.799749687108886	0.062381520871195306	-0.0006406782658366222
9.824780976220275	0.062238290558916276	-0.0006475137512636092
9.849812265331664	0.062101416829156264	-0.0006526069020825198
9.874843554443054	0.06196932740447281	-0.0006518821745950393
9.899874843554443	0.06183711337575737	-0.0006437967351776847
9.924906132665832	0.061700727315454174	-0.0006312352346449918
9.949937421777221	0.06155985654470619	-0.0006181511917242033
9.97496871088861	0.06141622740263486	-0.0006066638486232206
10.0	0.06127151200639247	-0.0005972166818388469
