-10.0	-0.0591230973957142	-0.0007273058882787953
-9.97496871088861	-0.05925016007893369	-0.0006909120354440523
-9.949937421777221	-0.05938854828494122	-0.0006633160313317815
-9.924906132665832	-0.05953271064344534	-0.0006441461905341561
-9.899874843554443	-0.05967967846744848	-0.0006318176324257435
-9.874843554443054	-0.05982808213694568	-0.0006248416280087571
-9.849812265331664	-0.059977388192251624	-0.0006221547099437008
-9.824780976220275	-0.060127463589784824	-0.0006231279988480609
-9.799749687108886	-0.060278341689297577	-0.0006275148186446061
-9.774718397997496	-0.06043008104780334	-0.0006354125311346659
-9.749687108886107	-0.06058264797971269	-0.0006472473012986701
-9.724655819774718	-0.06073578808914526	-0.0006637643960889089
-9.699624530663328	-0.060888887392611224	-0.0006860235951403754
-9.67459324155194	-0.06104075834707601	-0.0007154935231377252
-9.64956195244055	-0.06118892728082059	-0.0007542012525265374
-9.62453066332916	-0.06132804238879963	-0.00080395098511446
-9.599499374217771	-0.06144866749187017	-0.00086298269442181
-9.574468085106382	-0.06154033484965815	-0.0009200757862806996
-9.549436795994993	-0.061603314315838986	-0.0009528279439518644
-9.524405506883603	-0.061659531433443604	-0.0009432652550335763
-9.499374217772216	-0.06173787421053767	-0.0008984645536007779
-9.474342928660825	-0.061848892627962115	-0.0008417641717850671
-9.449311639549435	-0.06198546954648698	-0.0007904266367979862
-9.424280350438046	-0.062136859426113134	-0.0007502439969283292
-9.399249061326657	-0.06229548286376918	-0.0007207880858293575
-9.37421777221527	-0.062457209043229156	-0.000699849194608998
-9.349186483103878	-0.06262006792688979	-0.0006852509796306805
-9.32415519399249	-0.06278322223665178	-0.0006753033269041725
-9.2991239048811	-0.06294638160344768	-0.0006687941602672581
-9.274092615769712	-0.06310950469468857	-0.0006648748202694316
-9.249061326658325	-0.06327266129862963	-0.0006629450282339272
-9.224030037546934	-0.06343598728337696	-0.0006625716090912781
-9.198998748435546	-0.063599676137434	-0.0006634666735923916
-9.173967459324155	-0.06376393702677774	-0.0006654983192220104
-9.148936170212767	-0.06392893480729356	-0.0006686586495689706
-9.123904881101378	-0.06409478107492461	-0.0006730137202106551
-9.098873591989987	-0.06426154774907111	-0.0006786975039018012
-9.0738423028786	-0.06442925020273904	-0.0006859374824450537
-9.048811013767208	-0.06459778247156223	-0.0006950808549552046
-9.023779724655821	-0.06476678523352852	-0.0007065892514600547
-8.998748435544432	-0.06493542247046058	-0.0007209172269969505
-8.973717146433042	-0.06510213687800892	-0.0007380707346515553
-8.948685857321653	-0.06526485746866229	-0.0007566211317183019
-8.923654568210262	-0.06542270954024332	-0.0007728160204434759
-8.898623279098874	-0.06557878856270705	-0.0007823759427782462
-8.873591989987485	-0.06573923578498153	-0.000785152290240454
-8.848560700876096	-0.06590782137508988	-0.0007856986524473197
-8.823529411764707	-0.06608404200003903	-0.0007887676028860563
-8.798498122653317	-0.06626564254018419	-0.0007969274852165364
-8.773466833541928	-0.06645053722810168	-0.0008112401919000145
-8.748435544430539	-0.06663711971019026	-0.0008323102261305199
-8.72340425531915	-0.0668239345697188	-0.0008608987568449189
-8.69837296620776	-0.06700899300152585	-0.0008981455926156678
-8.67334167709637	-0.06718894388875718	-0.0009451556672818301
-8.648310387984981	-0.0673582576468661	-0.0010019518287599644
-8.623279098873592	-0.0675086827488105	-0.001064449257449085
-8.598247809762203	-0.06763393027684472	-0.0011191824572977793
-8.573216520650814	-0.06774238137380273	-0.0011467004919699791
-8.548185231539424	-0.06785895401005249	-0.0011414742058905164
-8.523153942428035	-0.06800252581125221	-0.0011210905233852292
-8.498122653316646	-0.06817116436018367	-0.0011081926506158052
-8.473091364205256	-0.06835030169436962	-0.001115245605064888
-8.448060075093867	-0.06852223957226578	-0.001143197760239939
-8.423028785982478	-0.06867078453970166	-0.0011812339657843451
-8.397997496871088	-0.06879051516849621	-0.0012061721062998354
-8.3729662077597	-0.06889862849915751	-0.0011954774855467004
-8.34793491864831	-0.06902484524645658	-0.0011501773582799635
-8.32290362953692	-0.06918393709789328	-0.0010920775596693633
-8.297872340425531	-0.06937092776928644	-0.0010404385119355403
-8.272841051314144	-0.0695748853846414	-0.0010030097483298972
-8.247809762202753	-0.06978736773823435	-0.0009805475902655708
-8.222778473091363	-0.0700032647549449	-0.0009718279031906002
-8.197747183979974	-0.07021921266355946	-0.0009758895990598648
-8.172715894868585	-0.07043183214594873	-0.0009924517376599662
-8.147684605757197	-0.07063613831848325	-0.0010210207428219958
-8.122653316645806	-0.07082479371191219	-0.0010581938169470784
-8.097622027534417	-0.0709910088671144	-0.001093425477789095
-8.072590738423028	-0.07113778008699256	-0.001109331863142951
-8.047559449311638	-0.07128348743055568	-0.0010951451789561195
-8.02252816020025	-0.0714477618800915	-0.0010590543150211656
-7.9974968710888605	-0.07163542176542759	-0.0010179282428216807
-7.972465581977473	-0.07184027151028172	-0.0009825196801974273
-7.947434292866082	-0.07205488561708684	-0.0009557817653276651
-7.922403003754694	-0.07227437044372476	-0.0009369258590345847
-7.897371714643305	-0.07249616447671237	-0.0009242468160952366
-7.872340425531914	-0.07271910110740709	-0.0009161818528200943
-7.8473091364205265	-0.0729427308424695	-0.0009115416001676813
-7.8222778473091354	-0.07316694762365206	-0.0009094791053550072
-7.797246558197748	-0.07339180172215887	-0.0009094080446734876
-7.772215269086359	-0.07361740980797826	-0.000910930523420922
-7.7471839799749675	-0.0738439125741639	-0.0009137853938253199
-7.72215269086358	-0.07407145462599107	-0.0009178150185055606
-7.697121401752189	-0.07430017358712249	-0.0009229465176160967
-7.672090112640801	-0.07453019063246291	-0.0009291843331966365
-7.647058823529412	-0.07476159575136343	-0.0009366115704682043
-7.622027534418023	-0.07499441901872128	-0.0009453959291882141
-7.596996245306634	-0.07522857592053356	-0.0009557874169585645
-7.571964956195245	-0.07546378237580864	-0.0009680729309827218
-7.546933667083856	-0.07569948709547436	-0.0009824328067796068
-7.5219023779724665	-0.07593496825106882	-0.0009987327261618967
-7.496871088861077	-0.07616959028127468	-0.00101656082930493
-7.471839799749688	-0.07640257854423105	-0.001035487675928079
-7.446808510638299	-0.07663247852006272	-0.0010542386217083644
-7.421777221526909	-0.0768587611366911	-0.0010691861517522078
-7.39674593241552	-0.0770850268955039	-0.0010763253595094252
-7.371714643304131	-0.07731750999925247	-0.001076238910511007
-7.346683354192741	-0.07755937278861946	-0.0010738296060291974
-7.321652065081352	-0.07780959834429257	-0.001073468653058407
-7.296620775969963	-0.07806590882142217	-0.0010770875545450809
-7.2715894868585735	-0.07832658230484135	-0.001085174281736434
-7.246558197747184	-0.0785906313331628	-0.0010979034537161592
-7.221526908635795	-0.0788574450391577	-0.00111570074756355
-7.196495619524406	-0.07912635939844925	-0.0011394794078731785
-7.171464330413016	-0.07939613503298837	-0.0011707259841620271
-7.146433041301627	-0.07966416707733259	-0.0012113477982513277
-7.121401752190238	-0.07992532382218354	-0.001262784069549036
-7.0963704630788484	-0.08017105213918096	-0.0013232932152067584
-7.071339173967459	-0.08039176960345973	-0.0013828701281373562
-7.04630788485607	-0.08058709372660289	-0.0014212056757371555
-7.0212765957446805	-0.08077637755951717	-0.0014210711542450988
-6.996245306633291	-0.080986525968334	-0.0013877957579834094
-6.971214017521902	-0.08122828401278781	-0.0013426229313501514
-6.946182728410513	-0.08149563622092693	-0.0013019271077070182
-6.921151439299123	-0.08177870502419804	-0.0012714486648797985
-6.896120150187734	-0.0820703949429964	-0.0012509586154014624
-6.871088861076345	-0.08236681802657575	-0.0012384543802631681
-6.8460575719649555	-0.08266612485264169	-0.0012319167084077903
-6.821026282853566	-0.08296754221606051	-0.001229761498298662
-6.795994993742177	-0.08327082107297112	-0.0012308435219149372
-6.770963704630788	-0.08357595524847117	-0.0012343568894082058
-6.745932415519399	-0.08388304484778075	-0.00123973688655922
-6.720901126408009	-0.08419223192306635	-0.0012465851997966598
-6.69586983729662	-0.08450367166981465	-0.0012546178824349025
-6.670838548185231	-0.0848175201270367	-0.0012636313711246322
-6.645807259073841	-0.08513392772079786	-0.001273480132393423
-6.620775969962453	-0.08545303594605969	-0.001284059555684905
-6.595744680851063	-0.08577497783954247	-0.0012952930762506198
-6.570713391739676	-0.08609988011685576	-0.0013071239903003767
-6.545682102628285	-0.08642786523580614	-0.0013195103616128467
-6.520650813516897	-0.08675905315274512	-0.0013324219977332574
-6.495619524405506	-0.08709356203408092	-0.0013458388132778776
-6.470588235294117	-0.08743150805462196	-0.0013597488803517715
-6.445556946182729	-0.08777300595228876	-0.0013741460399155359
-6.420525657071338	-0.08811817031023228	-0.0013890284026481375
-6.395494367959951	-0.08846711655486761	-0.0014043976614690895
-6.37046307884856	-0.08881996159455685	-0.0014202585159776432
-6.34543178973717	-0.0891768245617186	-0.0014366179804123635
-6.320400500625783	-0.08953782807456001	-0.0014534850234141777
-6.295369211514392	-0.08990309937719498	-0.0014708714014391167
-6.270337922403004	-0.09027276979114163	-0.0014887927825960046
-6.245306633291613	-0.09064697360005791	-0.0015072679918149284
-6.2202753441802265	-0.09102584864135999	-0.0015263175446314087
-6.195244055068836	-0.09140953768194571	-0.0015459633388592992
-6.170212765957448	-0.09179818931497152	-0.0015662290229526282
-6.145181476846059	-0.09219195846790651	-0.001587140326361855
-6.120150187734667	-0.09259100683858801	-0.0016087252512554384
-6.09511889862328	-0.09299550337477402	-0.0016310142065616429
-6.070087609511891	-0.09340562481200454	-0.0016540401400491345
-6.0450563204005014	-0.09382155626476063	-0.001677838690723077
-6.020025031289112	-0.09424349186761205	-0.0017024483691731734
-5.994993742177721	-0.09467163546658774	-0.001727910769019389
-5.9699624530663336	-0.09510620136287518	-0.001754270811815728
-5.9449311639549425	-0.0955474151107385	-0.001781577027573547
-5.919899874843555	-0.09599551436931453	-0.0018098818712900533
-5.894868585732166	-0.09645074980371593	-0.0018392420679451266
-5.869837296620776	-0.09691338603143418	-0.0018697189544306242
-5.844806007509387	-0.09738370264901874	-0.0019013787364155071
-5.819774718397998	-0.0978619955420843	-0.0019342925597063826
-5.7947434292866085	-0.09834857895182747	-0.001968536636485982
-5.769712140175219	-0.09884378822999729	-0.002004193542362559
-5.74468085106383	-0.09934798127585065	-0.0020413549804692566
-5.719649561952441	-0.09986153799495145	-0.0020801230509799595
-5.694618272841051	-0.10038486128546431	-0.0021206091993301035
-5.669586983729662	-0.10091838035090728	-0.002162934046786316
-5.644555694618273	-0.10146255411008287	-0.002207228793473043
-5.619524405506883	-0.1020178741491522	-0.00225363697513474
-5.594493116395494	-0.10258486779235998	-0.0023023161270334935
-5.569461827284105	-0.10316410170071943	-0.0023534396136777186
-5.5444305381727155	-0.10375618585165913	-0.0024071990291602285
-5.519399249061326	-0.1043617774610821	-0.002463806906938884
-5.494367959949937	-0.10498158534565061	-0.0025234991488635033
-5.469336670838549	-0.1056163754748729	-0.002586537702337452
-5.444305381727158	-0.10626697743764169	-0.0026532141179034935
-5.419274092615769	-0.10693429154297718	-0.0027238538772819954
-5.3942428035043815	-0.10761929673152881	-0.002798821340932872
-5.36921151439299	-0.10832305963624922	-0.002878525338929336
-5.344180225281603	-0.10904674532446812	-0.0029634256230070682
-5.319148936170212	-0.10979163024898408	-0.003054041061810009
-5.2941176470588225	-0.11055911662039986	-0.0031509608012064566
-5.269086357947435	-0.11135074676670786	-0.0032548572401692455
-5.244055068836044	-0.11216821973316993	-0.0033664989186721755
-5.219023779724656	-0.11301341296219913	-0.0034867657845331634
-5.193992490613266	-0.11388840813831802	-0.003616669478983689
-5.168961201501876	-0.11479552055558617	-0.00375737877294606
-5.1439299123904885	-0.1157373330344349	-0.003910250571090651
-5.1188986232791	-0.1167167357265031	-0.004076867953471161
-5.09386733416771	-0.11773697311928366	-0.004259087364099731
-5.06883604505632	-0.11880169970891608	-0.004459097660475378
-5.043804755944931	-0.11991504610818104	-0.004679494576356927
-5.018773466833542	-0.12108169775558153	-0.004923375341011102
-4.993742177722154	-0.12230698890354397	-0.0051944599151267645
-4.968710888610763	-0.12359701511464127	-0.005497247901254582
-4.943679599499373	-0.12495876761585478	-0.00583722392056292
-4.918648310387985	-0.12640029258673913	-0.006221128603280043
-4.893617021276597	-0.12793087947708415	-0.006657318602081394
-4.868585732165207	-0.12956128278777346	-0.007156251094461372
-4.843554443053817	-0.13130397779287417	-0.007731145129871775
-4.818523153942427	-0.13317344395672492	-0.008398895097124118
-4.793491864831038	-0.13518645703108234	-0.009181347860471645
-4.768460575719651	-0.13736234266716618	-0.010107111509633573
-4.7434292866082615	-0.13972308560085978	-0.011214149606829565
-4.71839799749687	-0.1422930677335481	-0.01255354446899419
-4.69336670838548	-0.145097959913719	-0.014195001660539525
-4.668335419274092	-0.1481617786752798	-0.016234915861257138
-4.643304130162704	-0.15150005822206758	-0.01880805105513035
-4.618272841051315	-0.15510492697188738	-0.022103754696773892
-4.593241551939924	-0.15891369330837257	-0.02638587901085465
-4.568210262828536	-0.16274559120916443	-0.03200839008135023
-4.543178973717147	-0.16618522847202222	-0.039396236917639396
-4.518147684605758	-0.1684110887720207	-0.04890842688401589
-4.4931163954943685	-0.16809359225258547	-0.06044233916075992
-4.468085106382977	-0.1637771857903907	-0.07280766121416062
-4.44305381727159	-0.15508448762547022	-0.08364959442266981
-4.418022528160201	-0.14360292428743282	-0.09093800675099664
-4.392991239048811	-0.13159432698293028	-0.09464241914235236
-4.367959949937422	-0.11989284794283606	-0.09602162883620535
-4.342928660826031	-0.10793817548312301	-0.0955017475298319
-4.317897371714643	-0.0956729393142135	-0.09216004289430976
-4.292866082603254	-0.08443612879547224	-0.08526682638371255
-4.267834793491865	-0.07592685087290807	-0.0753945267572676
-4.2428035043804755	-0.07112250272709897	-0.06404289048104782
-4.217772215269086	-0.07000161731081	-0.052914069467510816
-4.192740926157699	-0.07168692681411848	-0.04327313117474044
-4.167709637046308	-0.07500905678664216	-0.035582761479666186
-4.142678347934918	-0.07904914712702427	-0.02970279756624436
-4.117647058823529	-0.08327025087948492	-0.02527295595983664
-4.09261576971214	-0.08741388023800534	-0.0219367480109985
-4.067584480600752	-0.0913777882939022	-0.0194110958514178
-4.042553191489361	-0.09513697674221477	-0.017488429094141306
-4.017521902377972	-0.098701566343951	-0.016020767859385637
-3.9924906132665825	-0.10209612374457544	-0.014903335804783521
-3.967459324155193	-0.10535001278702971	-0.014061872306873363
-3.9424280350438052	-0.10849314268562482	-0.013443666329366097
-3.917396745932415	-0.11155430261524879	-0.01301143919273301
-3.8923654568210257	-0.11456071802062828	-0.012739236226886191
-3.867334167709638	-0.11753817364901042	-0.01260970499790559
-3.8423028785982494	-0.12051139248902132	-0.012612340408321682
-3.8172715894868587	-0.12350452655156818	-0.012742428995751093
-3.7922403003754686	-0.12654169587524233	-0.013000533552930946
-3.7672090112640793	-0.12964754950781998	-0.013392439552815119
-3.7421777221526913	-0.13284783616899798	-0.013929550509098498
-3.717146433041303	-0.1361699699898029	-0.014629782323698215
-3.6921151439299127	-0.13964355679188234	-0.01551907853639492
-3.6670838548185225	-0.14330079822528674	-0.016633762396193255
-3.6420525657071328	-0.14717658906024722	-0.018024074029124926
-3.617021276595745	-0.15130791184696424	-0.019759430057239763
-3.5919899874843564	-0.1557316970520386	-0.021936199261615982
-3.566958698372966	-0.16047941515104558	-0.024689071394074946
-3.541927409261576	-0.1655648192941972	-0.02820716991703208
-3.5168961201501876	-0.1709576033939375	-0.03275502600824187
-3.4918648310387996	-0.17652925495590877	-0.0386935236348902
-3.46683354192741	-0.18194939700163992	-0.0464791842591914
-3.4418022528160197	-0.18651672477480297	-0.05657690424643447
-3.4167709637046295	-0.1889869619956599	-0.06915196799578233
-3.391739674593241	-0.18770493763121232	-0.08344136665011265
-3.366708385481853	-0.18157233306926068	-0.09721281994658434
-3.341677096370464	-0.17159536322522273	-0.10756446269708822
-3.3166458072590737	-0.1608747478750856	-0.11330052388002228
-3.291614518147683	-0.15215149773574632	-0.1160040649891392
-3.2665832290362946	-0.1459263278089895	-0.11846799227710139
-3.2415519399249066	-0.14055404724860443	-0.12273416521799446
-3.2165206508135173	-0.13344588754074183	-0.12886876262527805
-3.191489361702127	-0.12284260713604267	-0.13486921540649538
-3.166458072590739	-0.10914710680579764	-0.13807115340171527
-3.14142678347935	-0.09445152383352573	-0.1371030252311023
-3.11639549436796	-0.08080126472396332	-0.1323246859296918
-3.091364205256571	-0.06932788613248375	-0.124934033625166
-3.0663329161451807	-0.060170761564980246	-0.11625116667095681
-3.0413016270337927	-0.052667355366120105	-0.10697857419233939
-3.0162703379224034	-0.046302766382444016	-0.09676844491814635
-2.991239048811014	-0.04168585325639196	-0.08504424066143654
-2.966207759699625	-0.040031046489774624	-0.07236005448286922
-2.941176470588234	-0.04165399590608976	-0.06027085234031701
-2.916145181476846	-0.045696620720439896	-0.04999809472647532
-2.891113892365457	-0.05100840291973929	-0.041863411038852966
-2.8660826032540676	-0.056756135225492166	-0.035623034270261006
-2.8410513141426783	-0.062488238607107505	-0.030876606258794514
-2.816020025031289	-0.06800572191106058	-0.027259412328633686
-2.790988735919901	-0.07324426406516737	-0.024490017776935144
-2.7659574468085104	-0.07820381018889533	-0.02236420486260711
-2.740926157697121	-0.08291238659751521	-0.02073715704308529
-2.715894868585732	-0.08740880202334811	-0.01950718056494108
-2.6908635794743425	-0.09173484666020792	-0.018603607065291572
-2.6658322903629545	-0.09593209482636222	-0.017978490622536217
-2.6408010012515644	-0.10004089939388106	-0.017601185507054737
-2.615769712140175	-0.10410040968917356	-0.017455035510381856
-2.5907384230287853	-0.10814904181705431	-0.01753566642980925
-2.565707133917396	-0.11222510162706678	-0.017850614635502082
-2.540675844806008	-0.11636735584262725	-0.01842023615644238
-2.515644555694618	-0.12061531913193946	-0.01928004459081173
-2.4906132665832286	-0.1250088589896805	-0.02048484871199205
-2.4655819774718406	-0.12958632496784706	-0.02211531328381662
-2.440550688360452	-0.1343795701098407	-0.024287795720403585
-2.4155193992490616	-0.13940252958408106	-0.02716823476252131
-2.3904881101376714	-0.14462679520851163	-0.030989484556358138
-2.365456821026282	-0.14993258001029153	-0.03606584128084289
-2.340425531914894	-0.15502028219653585	-0.04278182212075951
-2.3153942428035057	-0.15928595893209652	-0.0514977481294481
-2.2903629536921155	-0.16174955360247356	-0.06229149658360475
-2.2653316645807253	-0.1612705129463632	-0.07458185974344281
-2.2403003754693356	-0.1571830600157127	-0.08705683544312298
-2.2152690863579476	-0.14974847005924352	-0.0983599022161677
-2.190237797246559	-0.13958140767790472	-0.10775898023967856
-2.165206508135169	-0.12703809154328916	-0.11464084749672843
-2.140175219023779	-0.1128342633747772	-0.11808225997603852
-2.1151439299123904	-0.09840347428229856	-0.11766100502502905
-2.0901126408010025	-0.08504022907509534	-0.1139444672079255
-2.0650813516896127	-0.07318328925490802	-0.1078355603361923
-2.0400500625782225	-0.06272400378455467	-0.09965687957534888
-2.0150187734668323	-0.05408764161974933	-0.08911906350816312
-1.989987484355444	-0.0485646385296723	-0.07657354853591702
-1.9649561952440555	-0.04696817339261239	-0.06364868480326868
-1.939924906132667	-0.0487096531597524	-0.052081849980816775
-1.914893617021277	-0.05248392627471543	-0.042666041162134016
-1.8898623279098858	-0.057161393730767784	-0.03535648848299319
-1.8648310387984974	-0.062055668753888904	-0.029767266309912915
-1.839799749687109	-0.06682665974002466	-0.02548250068067409
-1.8147684605757206	-0.07133361227714374	-0.02216229228095931
-1.7897371714643304	-0.0755354284180978	-0.019553918338658674
-1.764705882352942	-0.07943648421517846	-0.017475423649007255
-1.7396745932415527	-0.0830597724952673	-0.015796547075593456
-1.7146433041301625	-0.08643423965587749	-0.014423454218229215
-1.6896120150187741	-0.08958908999947313	-0.013287772041792795
-1.664580725907384	-0.0925514223941486	-0.01233900266326049
-1.6395494367959955	-0.09534542834207005	-0.011539325012182577
-1.6145181476846062	-0.09799229829960021	-0.01086002210341637
-1.589486858573217	-0.10051042783981234	-0.010279003568562817
-1.5644555694618276	-0.10291573042453228	-0.00977906754996695
-1.5394242803504374	-0.10522196785679205	-0.009346665669866569
-1.514392991239049	-0.10744105999509213	-0.008971014014602735
-1.4893617021276597	-0.10958335953921505	-0.008643444996359592
-1.4643304130162704	-0.111657889018562	-0.008356929004038852
-1.4392991239048811	-0.11367254209774558	-0.00810571722565634
-1.4142678347934918	-0.11563425321504295	-0.007885071993050663
-1.3892365456821025	-0.11754914000914929	-0.007691061078876557
-1.3642052565707132	-0.11942262277506432	-0.007520399240675893
-1.339173967459324	-0.1212595247190269	-0.007370325036959474
-1.3141426783479346	-0.12306415624562428	-0.007238504236836904
-1.2891113892365453	-0.1248403859948859	-0.007122953468086987
-1.264080100125157	-0.1265917008877555	-0.007021979403635831
-1.2390488110137667	-0.12832125704491948	-0.006934129977669928
-1.2140175219023774	-0.1300319231140824	-0.006858154988494583
-1.1889862327909881	-0.1317263172681189	-0.006792974080592082
-1.1639549436795988	-0.13340683891263072	-0.006737650568714115
-1.1389236545682104	-0.1350756959583883	-0.006691369918009324
-1.1138923654568202	-0.1367349283647734	-0.006653421958584704
-1.0888610763454318	-0.13838642853846295	-0.006623186113406981
-1.0638297872340434	-0.1400319590721476	-0.006600119071686603
-1.0387984981226523	-0.14167316822661113	-0.006583744457813415
-1.013767209011264	-0.1433116034929367	-0.006573644137232937
-0.9887359198998737	-0.14494872351685562	-0.006569450871881627
-0.9637046307884853	-0.14658590862201937	-0.00657084209361318
-0.9386733416770969	-0.14822447013206108	-0.0065775346081561326
-0.9136420525657085	-0.14986565866018153	-0.006589280077038739
-0.8886107634543183	-0.15151067150966147	-0.006605861152832113
-0.8635794743429273	-0.15316065930727818	-0.006627088165387193
-0.8385481852315388	-0.15481673197391588	-0.006652796274742065
-0.8135168961201504	-0.15647996412168785	-0.0066828430209502215
-0.788485607008762	-0.15815139995453953	-0.006717106212927995
-0.7634543178973718	-0.1598320577386625	-0.006755482108087935
-0.7384230287859816	-0.1615229339003343	-0.0067978838424752885
-0.7133917396745932	-0.16322500680117902	-0.006844240077657493
-0.6883604505632039	-0.16493924023471296	-0.006894493836038046
-0.6633291614518155	-0.16666658668246637	-0.0069486015007538815
-0.6382978723404253	-0.16840799036362947	-0.007006531960084786
-0.6132665832290352	-0.1701643901081628	-0.007068265879437527
-0.5882352941176467	-0.17193672208010147	-0.007133795086623915
-0.5632040050062583	-0.17372592237509293	-0.007203122058407521
-0.5381727158948699	-0.17553292951366117	-0.007276259498173732
-0.5131414267834788	-0.17735868684995854	-0.007353229996257649
-0.48811013767208866	-0.17920414491385517	-0.0074340657658137355
-0.46307884856070025	-0.1810702637031033	-0.007518808448390757
-0.43804755944931184	-0.18295801494084163	-0.00760750898438893
-0.41301627033792343	-0.18486838431325303	-0.00770022754456702
-0.38798498122653324	-0.18680237370079	-0.007797033519546928
-0.36295369211514483	-0.18876100341663704	-0.007898005565085658
-0.33792240300375376	-0.1907453144648255	-0.00800323170151071
-0.31289111389236535	-0.1927563708310251	-0.008112809466408619
-0.28785982478097694	-0.19479526181804946	-0.008226846120204814
-0.26282853566958675	-0.1968631044389837	-0.008345458904904818
-0.23779724655819834	-0.19896104588020425	-0.00846877535676381
-0.21276595744680904	-0.2010902660475078	-0.008596933674259899
-0.18773466833541974	-0.20325198020844804	-0.00873008314326558
-0.16270337922403044	-0.20544744174481577	-0.008868384621890657
-0.13767209011264026	-0.2076779450297077	-0.009012011088071842
-0.11264080100125184	-0.20994482844452955	-0.009161148253582566
-0.08760951188986255	-0.21224947755206003	-0.009315995248815365
-0.06257822277847325	-0.21459332844302015	-0.009476765383402239
-0.03754693366708395	-0.21697787127464963	-0.009643686988492925
-0.01251564455569465	-0.2194046540214254	-0.009817004347392216
0.01251564455569465	-0.22187528645949678	-0.009996978722166455
0.03754693366708395	-0.22439144440865766	-0.010183889484897679
0.06257822277847325	-0.2269548742572745	-0.01037803536340369
0.08760951188986255	-0.22956739779860674	-0.010579735812584007
0.11264080100125184	-0.23223091740914414	-0.010789332523991016
0.13767209011264114	-0.2349474216030502	-0.011007191087926263
0.16270337922403044	-0.23771899100003602	-0.011233702824233804
0.18773466833541974	-0.24054780474802284	-0.011469286800137174
0.21276595744680726	-0.24343614744642872	-0.011714392055920508
0.23779724655819834	-0.2463864166207469	-0.011969500062078156
0.26282853566958764	-0.24940113080507154	-0.012235127434810991
0.28785982478097694	-0.25248293829536406	-0.012511828940455605
0.31289111389236623	-0.2556346266438315	-0.01280020082376769
0.33792240300375376	-0.2588591329729446	-0.013100884499938764
0.36295369211514483	-0.2621595551973054	-0.013414570656035019
0.38798498122653235	-0.2655391642521351	-0.01374200381424899
0.41301627033792343	-0.2690014174398542	-0.014083987417225913
0.43804755944931273	-0.2725499730202722	-0.014441389504894334
0.46307884856070025	-0.27618870618612434	-0.014815149062984659
0.4881101376720913	-0.27992172658451986	-0.015206283136108167
0.5131414267834788	-0.28375339756648954	-0.015615894813175157
0.5381727158948699	-0.28768835737177023	-0.016045182210640677
0.5632040050062574	-0.29173154248464006	-0.016495448600009704
0.5882352941176467	-0.2958882134306289	-0.016968113851082794
0.6132665832290378	-0.3001639833221861	-0.01746472739221805
0.6382978723404253	-0.30456484950782925	-0.017986982924791048
0.6633291614518164	-0.30909722873166623	-0.018536735172110103
0.6883604505632039	-0.31376799627301066	-0.01911601899517318
0.7133917396745932	-0.3185845296091887	-0.019727071270932373
0.7384230287859808	-0.32355475723081706	-0.02037235600577124
0.7634543178973718	-0.3286872133415033	-0.021054593251259912
0.7884856070087629	-0.33399109929483184	-0.021776792505268996
0.8135168961201504	-0.33947635276585486	-0.02254229142486408
0.8385481852315397	-0.34515372582634396	-0.02335480085550172
0.8635794743429273	-0.3510348732987092	-0.02421845740340517
0.8886107634543183	-0.35713245301030305	-0.025137885057312154
0.9136420525657059	-0.36346023986681986	-0.02611826771869663
0.9386733416770969	-0.3700332560213955	-0.02716543494832066
0.9637046307884862	-0.3768679198490017	-0.028285963811456233
0.9887359198998737	-0.3839822169598399	-0.02948730044479561
1.0137672090112648	-0.39139589712136824	-0.030777905930264415
1.0387984981226523	-0.3991307017297039	-0.0321674323209262
1.0638297872340434	-0.4072106274062828	-0.033666936328190566
1.088861076345431	-0.4156622324253785	-0.035289140397045116
1.1138923654568202	-0.42451499403525395	-0.03704875387955717
1.1389236545682113	-0.4338017263473337	-0.038962871071894084
1.1639549436795988	-0.44355907034464503	-0.04105146845089619
1.18898623279099	-0.45382806966966505	-0.043338031186153786
1.2140175219023774	-0.4646548480646919	-0.04585034988495901
1.2390488110137667	-0.47609140632767555	-0.048621544013482565
1.264080100125156	-0.48819655767803916	-0.05169139075162957
1.2891113892365453	-0.5010370189395184	-0.055108070587412905
1.3141426783479364	-0.5146886677069336	-0.058930488975540374
1.339173967459324	-0.5292379560283567	-0.06323140488849976
1.3642052565707132	-0.5447834254494826	-0.06810170409347643
1.3892365456821025	-0.5614371683265205	-0.07365631453133245
1.4142678347934918	-0.5793258675081945	-0.08004249393432511
1.4392991239048811	-0.5985905989063625	-0.0874515384913041
1.4643304130162704	-0.6193836488637969	-0.09613532288780821
1.4893617021276597	-0.6418586916352873	-0.10642922358570742
1.514392991239049	-0.6661469711249359	-0.11878190987238457
1.5394242803504383	-0.6923059243030303	-0.13378713958276775
1.5644555694618276	-0.7202207032078607	-0.15219538361979432
1.589486858573217	-0.7494521961384142	-0.1748427775440801
1.6145181476846044	-0.7791132750939602	-0.2023904741670797
1.6395494367959955	-0.8080523286820087	-0.23486695196967158
1.6645807259073848	-0.8356441121076492	-0.27146385802904416
1.6896120150187741	-0.862704754072197	-0.3114248857537728
1.7146433041301634	-0.8909782267684747	-0.3557531232399682
1.739674593241551	-0.9211300577436337	-0.4075561504574585
1.764705882352942	-0.9514870567686593	-0.47083281948885536
1.7897371714643295	-0.9774078349936004	-0.5489678096027373
1.8147684605757206	-0.9918888350828348	-0.6421365018848555
1.83979974968711	-0.9891591431163218	-0.746166450715423
1.8648310387984974	-0.9675551964892324	-0.8558504456510897
1.8898623279098885	-0.9273136309255237	-0.9690182003128048
1.914893617021276	-0.865812145561895	-1.085926088050555
1.939924906132667	-0.7757870204925004	-1.2046952740070835
1.9649561952440546	-0.6475048264825607	-1.3163437383687762
1.989987484355444	-0.47588852159111283	-1.4015835316424963
2.015018773466835	-0.2702795150576973	-1.4359781106452538
2.0400500625782225	-0.05639366936389978	-1.403318089006978
2.065081351689613	0.13451939646462918	-1.3060779946278784
2.090112640801001	0.27975862233245286	-1.1622032794488755
2.1151439299123904	0.3694112991171332	-0.9951066690882825
2.1401752190237784	0.404575326304387	-0.8275133399166043
2.165206508135169	0.3954303314693841	-0.6773697719457428
2.1902377972465596	0.35719349832173997	-0.5539991102197449
2.2152690863579476	0.3040276103846935	-0.4580650276320406
2.240300375469337	0.24550149449826186	-0.3854300213009182
2.265331664580725	0.18675210624242	-0.3308870938898373
2.2903629536921155	0.1300453346319168	-0.2899234962181959
2.315394242803503	0.07611179811236024	-0.2591151320265951
2.340425531914894	0.024945215855247227	-0.23599834317401128
2.3654568210262834	-0.02378502614108635	-0.21883744611893943
2.3904881101376714	-0.07053587992354693	-0.20642245070801366
2.415519399249062	-0.11580116393744833	-0.19792116273320218
2.4405506883604495	-0.16007483295631886	-0.19277864567035066
2.4655819774718406	-0.2038392480826352	-0.19065232020247688
2.490613266583228	-0.247564743592402	-0.19137330437569935
2.515644555694618	-0.2917133340768223	-0.194927982749422
2.5406758448060085	-0.3367419072701998	-0.20145677647179785
2.565707133917396	-0.38310007773366994	-0.21126937547060579
2.590738423028787	-0.43121506541766985	-0.22487677638266643
2.6157697121401746	-0.48144979601116367	-0.243038225568368
2.6408010012515644	-0.5340116990147461	-0.26680930266391434
2.665832290362953	-0.588790661285969	-0.2975436590265692
2.6908635794743425	-0.6451639345180937	-0.3367480742898932
2.7158948685857336	-0.7019876580347169	-0.3857413278541606
2.740926157697121	-0.7580410666716872	-0.4454991172380294
2.765957446808511	-0.8123206589652985	-0.5173586639291828
2.7909887359198997	-0.8628693344117417	-0.6037218750215974
2.816020025031289	-0.905145545702577	-0.7065716544520524
2.841051314142678	-0.9332054083412222	-0.824561848509042
2.8660826032540676	-0.9437173652316266	-0.9532067405209649
2.8911138923654573	-0.9371801067237517	-1.0893343434780796
2.916145181476846	-0.9140909190869477	-1.2338506126610793
2.9411764705882355	-0.87085274273874	-1.3901924456456896
2.9662077596996244	-0.7969781713640076	-1.560011880030728
2.991239048811014	-0.6773014346341664	-1.7352260210200539
3.0162703379224016	-0.5025256670291536	-1.895669182351596
3.0413016270337927	-0.2763143917306752	-2.016514112391095
3.066332916145182	-0.01612703176892083	-2.076669229192247
3.091364205256571	0.2514083914965961	-2.068007953082212
3.1163954943679606	0.5027711421746375	-1.9969626630545547
3.141426783479348	0.7228756640420717	-1.87568751330619
3.166458072590739	0.9022374672616364	-1.7181584738687092
3.1914893617021267	1.0378531908958917	-1.5391540130636203
3.2165206508135173	1.1315918103012104	-1.3492277977477343
3.241551939924907	1.183826501214789	-1.1558395236725272
3.2665832290362946	1.19478501541212	-0.9691728427475618
3.2916145181476857	1.1697359913308376	-0.8006350727788091
3.316645807259073	1.1188675763002638	-0.6580997852665942
3.341677096370464	1.0538253587033881	-0.5435953680888795
3.366708385481852	0.98400756634312	-0.45425429059230316
3.391739674593241	0.9151147337302734	-0.3851615117235889
3.416770963704632	0.8498612828526575	-0.3315282202466251
3.4418022528160197	0.789192723132762	-0.2895021104965616
3.4668335419274103	0.7331705658020558	-0.25621238180013695
3.4918648310387983	0.6814674887317378	-0.22957671375377967
3.5168961201501876	0.6336136000765915	-0.2080919858222016
3.5419274092615756	0.5891103332748311	-0.19066826318421662
3.566958698372966	0.5474789671186264	-0.17650943400252148
3.591989987484357	0.5082780242075597	-0.16503039050090154
3.617021276595745	0.47110629308004226	-0.15580024043578947
3.642052565707134	0.4355994956605791	-0.1485035204365158
3.667083854818522	0.40142437525178876	-0.14291385830266987
3.6921151439299127	0.36827192515232277	-0.13887641098325781
3.7171464330413	0.3358504853914326	-0.13629672922040972
3.7421777221526913	0.30387896093591316	-0.135134629007834
3.7672090112640806	0.27208020014501466	-0.13540233356243664
3.7922403003754686	0.24017449933385793	-0.1371667066825402
3.817271589486859	0.20787322629827099	-0.14055592792936092
3.8423028785982467	0.17487269413396644	-0.14577155623353774
3.867334167709638	0.1408487375220675	-0.1531076976918828
3.8923654568210253	0.10545311504939381	-0.1629800690582516
3.917396745932415	0.06831424061383018	-0.1759692949461877
3.9424280350438057	0.029047577822916004	-0.19288494201861164
3.967459324155193	-0.012713164374449804	-0.2148594803914726
3.9924906132665843	-0.05724112994644859	-0.24348340969027435
4.017521902377972	-0.104551891003406	-0.2809894260296414
4.042553191489361	-0.15406388656878622	-0.3304697001094754
4.06758448060075	-0.2039494970899307	-0.3960292181165753
4.09261576971214	-0.2500563475306503	-0.4825880472110241
4.117647058823531	-0.28454071412077386	-0.5947977176635355
4.142678347934918	-0.29495593555924415	-0.7345892231346961
4.167709637046308	-0.26502366099725183	-0.8975851943678325
4.192740926157697	-0.17795903829501558	-1.0695670107312882
4.217772215269086	-0.02277752199649541	-1.2241974121280919
4.2428035043804755	0.1951357223247907	-1.3254934189834866
4.267834793491865	0.44577193577710217	-1.3423723530889347
4.292866082603254	0.6834153103035665	-1.2679051827276815
4.317897371714643	0.868515536842275	-1.1232535399760089
4.342928660826033	0.9826005308632322	-0.9445029702653663
4.367959949937422	1.029334735066417	-0.7665588561651676
4.392991239048811	1.0267715331357166	-0.612065107056699
4.418022528160199	0.9958257247981943	-0.4886447016945997
4.44305381727159	0.9522707521346385	-0.39398190561392143
4.468085106382979	0.9053141544385075	-0.32223807013576866
4.4931163954943685	0.8594827265128959	-0.2676410237144097
4.518147684605758	0.8166758258996114	-0.22560610181551652
4.543178973717145	0.7774868201955494	-0.1927701789350262
4.568210262828536	0.7419108343147411	-0.166731575877311
4.593241551939924	0.7096945331376512	-0.1457815307678856
4.618272841051315	0.6805014709586903	-0.12869588454410086
4.643304130162704	0.6539869795461035	-0.11458741975885775
4.668335419274092	0.629829679365292	-0.10280441542472202
4.693366708385483	0.6077425676052677	-0.0928614502683005
4.71839799749687	0.5874747726666056	-0.08439201714761613
4.7434292866082615	0.5688093050197942	-0.07711577294605568
4.768460575719649	0.5515593381596089	-0.07081563888012896
4.793491864831038	0.5355641951864456	-0.06532158963307472
4.818523153942429	0.520685563021619	-0.0604990340539035
4.843554443053817	0.5068041330642581	-0.05624037343261551
4.868585732165208	0.4938166990610524	-0.05245878648785193
4.8936170212765955	0.4816336857588501	-0.049083608527495576
4.918648310387985	0.470177069634774	-0.04605686270261447
4.943679599499372	0.4593786400086781	-0.0433306268294672
4.968710888610763	0.44917854608681296	-0.04086501341582294
4.9937421777221545	0.4395240817525288	-0.03862660573284074
5.018773466833542	0.4303686674997591	-0.036587236664151424
5.043804755944931	0.4216709956238649	-0.0347230275383672
5.068836045056319	0.4133943105671509	-0.033013625828593185
5.09386733416771	0.40550580123345714	-0.03144159621121828
5.118898623279097	0.3979760862114281	-0.0299919308128056
5.1439299123904885	0.390778776259018	-0.028651652776162023
5.168961201501878	0.38389010120529576	-0.027409493407477947
5.193992490613265	0.37728859071563914	-0.026255627730986247
5.219023779724656	0.3709548002330507	-0.025181456703279037
5.244055068836044	0.3648710749279296	-0.024179426930363193
5.269086357947435	0.3590213457284177	-0.023242880704771623
5.2941176470588225	0.35339095251322306	-0.022365930695690567
5.319148936170212	0.3479664903764492	-0.021543354797186845
5.344180225281603	0.3427356755517046	-0.020770507553447573
5.36921151439299	0.3376872281409389	-0.020043245298925594
5.3942428035043815	0.3328107692572413	-0.019357862723677538
5.419274092615769	0.32809673057897637	-0.01871103903769923
5.444305381727158	0.32353627464734114	-0.018099792293410147
5.469336670838548	0.3191212245434283	-0.01752144075900404
5.494367959949937	0.3148440018853682	-0.016973570541225724
5.519399249061328	0.3106975724482792	-0.01645400895411886
5.5444305381727155	0.30667539923616083	-0.015960803424678704
5.569461827284105	0.30277140373583133	-0.015492205959651326
5.594493116395494	0.2989799377750657	-0.015046663096239712
5.619524405506883	0.2952957715837581	-0.014622809854557856
5.644555694618273	0.2917141089184403	-0.014219460496018785
5.669586983729662	0.2882306447985359	-0.01383557091769183
5.694618272841051	0.28484166553514445	-0.013470103358250454
5.719649561952441	0.28154408163218925	-0.013121667639158022
5.74468085106383	0.27833499505017567	-0.012787954672529717
5.769712140175219	0.2752104214584641	-0.012465775748675509
5.7947434292866085	0.2721645013091152	-0.01215287888439752
5.819774718397996	0.2691913847008456	-0.011849629610555176
5.844806007509387	0.26628740028496356	-0.011557630062237895
5.869837296620776	0.263450537592103	-0.01127770770848062
5.894868585732166	0.2606791080003532	-0.011009678369126738
5.919899874843555	0.25797122045732657	-0.010752893293967863
5.9449311639549425	0.25532479705313804	-0.010506621525471369
5.9699624530663336	0.25273769044663297	-0.010270193159316793
5.994993742177721	0.2502077671004965	-0.01004303083965001
6.020025031289112	0.24773295009978824	-0.009824646689981884
6.0450563204005014	0.2453112377394735	-0.009614633823567961
6.07008760951189	0.2429407106827659	-0.009412661091950672
6.09511889862328	0.2406195358210148	-0.009218472759066648
6.120150187734667	0.2383459727231525	-0.009031891784755941
6.145181476846059	0.23611838713943456	-0.008852821267200509
6.170212765957445	0.23393526871288461	-0.008681230904198006
6.195244055068836	0.23179522163708022	-0.008517116096139574
6.2202753441802265	0.22969686054414584	-0.008360484558780898
6.245306633291613	0.22763866829579182	-0.00821156534531553
6.270337922403005	0.2256191986914473	-0.008071240082196895
6.295369211514392	0.2236377256899118	-0.007941172991315096
6.320400500625783	0.2216948811004178	-0.007823509457278222
6.3454317897371695	0.21979339511570117	-0.007720359684035422
6.37046307884856	0.21793920503331154	-0.007632326701029604
6.395494367959952	0.2161415298941316	-0.007554636184140914
6.420525657071338	0.21440736595481003	-0.007471838804028741
6.445556946182729	0.21272823104357652	-0.007361010052346267
6.470588235294116	0.2110765276914428	-0.007212169654259873
6.495619524405506	0.20942809163862464	-0.007040267480913701
6.520650813516895	0.20777949082352087	-0.00686740826152786
6.545682102628285	0.2061394075482168	-0.00670583085621923
6.570713391739676	0.20451662670343485	-0.0065581802128343025
6.5957446808510625	0.20291640215851814	-0.006422980009158141
6.620775969962453	0.20134111833459123	-0.006297903912564365
6.645807259073841	0.19979151472471557	-0.006180907034393918
6.670838548185231	0.198267507347631	-0.006070436679900648
6.695869837296622	0.19676863075028272	-0.005965368673757035
6.720901126408009	0.1952942570613354	-0.005864898467164925
6.745932415519399	0.19384370041242782	-0.005768449150778274
6.770963704630788	0.19241626516510113	-0.005675605547290741
6.795994993742178	0.1910112671126747	-0.005586070250456987
6.821026282853566	0.18962804193468674	-0.005499635978257603
6.8460575719649555	0.18826594803394237	-0.005416169989834005
6.871088861076346	0.18692436769012222	-0.005335608060439756
6.896120150187734	0.18560270944026502	-0.00525795705957835
6.921151439299124	0.1843004151662333	-0.005183306452094319
6.946182728410513	0.18301697780229187	-0.005111849793402526
6.971214017521902	0.18175198088687594	-0.005043916359777634
6.996245306633291	0.18050518060070253	-0.00498000676621449
7.0212765957446805	0.1792766626635105	-0.004920806041733464
7.046307884856071	0.178067106670869	-0.004867100654019199
7.071339173967459	0.1768781495946552	-0.004819448385403935
7.0963704630788484	0.17571270352984936	-0.004777314075404354
7.121401752190238	0.1745744446532287	-0.004737255038494689
7.146433041301627	0.1734643626851442	-0.004691327577733925
7.171464330413016	0.17237540423305742	-0.004631080937190418
7.196495619524406	0.17129516395790656	-0.004556770108466918
7.221526908635795	0.17021678434221865	-0.0044773916513577705
7.246558197747184	0.16914178233179467	-0.004401426629290023
7.2715894868585735	0.16807471152886677	-0.004332639753328163
7.296620775969963	0.16701961769225804	-0.0042715950629805405
7.321652065081352	0.16597966812897536	-0.004217323308670987
7.3466833541927405	0.1649573555799284	-0.004167424862124264
7.371714643304131	0.1639533454863784	-0.004117755466269066
7.39674593241552	0.16296459259274076	-0.004064372019650181
7.421777221526909	0.16198591329741419	-0.004007273563332137
7.446808510638299	0.1610145585988425	-0.003950091492556096
7.471839799749687	0.16005125437985868	-0.0038962358921604684
7.496871088861077	0.15909808984139762	-0.0038471828163940403
7.521902377972466	0.158157135425955	-0.003802861113090153
7.546933667083856	0.15722994368579712	-0.0037619624783224725
7.571964956195245	0.15631665179288667	-0.0037222512546471187
7.5969962453066335	0.15541532875770692	-0.0036822775174365635
7.622027534418024	0.15452386077084057	-0.003643203425799546
7.647058823529412	0.15364264673793837	-0.00360746614517915
7.672090112640802	0.15277451712617562	-0.0035758376703530492
7.697121401752189	0.15192237077976145	-0.0035457399200273937
7.72215269086358	0.15108565389692696	-0.003512103242234915
7.74718397997497	0.15025899181875246	-0.003472202404103883
7.772215269086359	0.14943722352672673	-0.0034292973501428847
7.797246558197749	0.14862050346182265	-0.0033888821193625712
7.8222778473091354	0.14781309604424564	-0.0033535125846718694
7.8473091364205265	0.14701969525226222	-0.0033210906991549966
7.872340425531913	0.14624150209392184	-0.0032857148817956178
7.897371714643305	0.14547364696553533	-0.0032423795478215833
7.922403003754695	0.1447091469251367	-0.0031923672146525195
7.947434292866082	0.14394537265863683	-0.0031411023815947348
7.972465581977473	0.14318397301202346	-0.003092602119450935
7.99749687108886	0.1424274478651375	-0.0030481239490879747
8.022528160200253	0.14167749586124945	-0.0030074487091605873
8.047559449311638	0.14093496223941138	-0.002969963688587804
8.072590738423028	0.1402001695835331	-0.0029350963040931516
8.09762202753442	0.13947317774389312	-0.0029024038743700464
8.122653316645806	0.13875391029354311	-0.0028715406786214565
8.147684605757199	0.13804216299806704	-0.0028422279216798046
8.172715894868585	0.13733758596741374	-0.0028143224830997488
8.197747183979974	0.13663978806792798	-0.002787912255691541
8.222778473091363	0.13594847720464465	-0.002763263113518752
8.247809762202753	0.1352634601370486	-0.0027407208707611735
8.272841051314145	0.13458459092659325	-0.002720722436640316
8.297872340425531	0.1339117849941136	-0.00270387748470835
8.32290362953692	0.1332451172099951	-0.00269106168132531
8.34793491864831	0.1325850257027099	-0.002683493998054315
8.3729662077597	0.13193267780854256	-0.002682728892798872
8.397997496871088	0.13129052372076622	-0.0026903790157623564
8.423028785982478	0.13066287924838882	-0.002707288746297512
8.448060075093867	0.1300561632461381	-0.002731928641319478
8.473091364205256	0.1294779457242594	-0.0027575171093736778
8.498122653316646	0.12893135432739378	-0.0027688211723763956
8.523153942428035	0.12840445620223484	-0.0027480117288387618
8.548185231539424	0.1278725496648434	-0.00269279930006866
8.573216520650814	0.1273194751541098	-0.0026202167993773923
8.598247809762203	0.12674678434860098	-0.0025487168990998704
8.623279098873592	0.12616373752749688	-0.002487124542346175
8.648310387984981	0.1255784529931141	-0.002436922577539219
8.67334167709637	0.12499608310281296	-0.002396816262365639
8.69837296620776	0.12441986595696441	-0.002364949036892064
8.72340425531915	0.12385224662987859	-0.0023391473646509064
8.748435544430539	0.12329492036340284	-0.0023162118216853295
8.773466833541928	0.12274733139091332	-0.0022919335101488914
8.798498122653317	0.12220575069108897	-0.002263687603744513
8.823529411764707	0.12166617623536347	-0.0022327848193390565
8.848560700876096	0.1211275316277618	-0.0022023682904030034
8.873591989987485	0.12059091871529937	-0.0021744742072183354
8.898623279098874	0.12005771248272801	-0.00214970320776367
8.92365456821026	0.1195288661718692	-0.0021280209401160766
8.948685857321653	0.11900502830388149	-0.002109299426952288
8.973717146433042	0.11848685053041308	-0.0020934467296699483
8.998748435544432	0.11797523940316701	-0.0020801968698004047
9.023779724655821	0.11747125665317526	-0.0020685926731849047
9.048811013767207	0.11697521572297909	-0.002056688058994574
9.0738423028786	0.11648563013882729	-0.0020427296635741193
9.098873591989985	0.11600038042780092	-0.0020270799150469976
9.123904881101378	0.11551929167790931	-0.0020113930893076587
9.148936170212767	0.11504394374114746	-0.0019957333391829313
9.173967459324153	0.1145747364021723	-0.001977903281795562
9.198998748435546	0.11410928219710037	-0.0019562726210257397
9.224030037546932	0.11364490200406863	-0.0019321061926845379
9.249061326658325	0.11318116181937299	-0.0019077265526193793
9.27409261576971	0.11271889067502272	-0.0018843499320280038
9.2991239048811	0.11225875649284234	-0.0018623655426301816
9.324155193992492	0.11180123602673575	-0.0018420024333476864
9.349186483103878	0.11134678969103895	-0.0018233450483009506
9.374217772215271	0.11089577156470654	-0.0018063232255553091
9.399249061326657	0.11044839134314266	-0.0017908373240237974
9.424280350438046	0.11000478474605835	-0.0017768574324660003
9.449311639549435	0.10956512588318823	-0.001764455550943636
9.474342928660825	0.10912976814332609	-0.0017537692162483132
9.499374217772218	0.10869940938751022	-0.0017448320022386277
9.524405506883603	0.10827513975096892	-0.0017371333194490385
9.549436795994993	0.1078578851426375	-0.00172897842426116
9.574468085106382	0.10744690434282411	-0.0017177012063673974
9.599499374217771	0.10703913917908459	-0.0017019170325508343
9.62453066332916	0.10663164839087536	-0.0016831822552562797
9.64956195244055	0.10622386155305108	-0.0016641359049437143
9.67459324155194	0.1058167585103984	-0.00164636220733258
9.699624530663328	0.1054114071566552	-0.0016302947164727882
9.724655819774718	0.1050084667108262	-0.0016158612172050696
9.749687108886107	0.1046082488054747	-0.0016029027657079864
9.774718397997496	0.10421087077203417	-0.0015913330799370295
9.799749687108886	0.10381637021709622	-0.001581185614324826
9.824780976220275	0.10342478873712935	-0.0015726336677598235
9.849812265331664	0.10303626192170512	-0.0015660100900077856
9.874843554443054	0.1026511601844593	-0.0015618161377670553
9.899874843554443	0.10227033293000432	-0.0015606553611264146
9.924906132665832	0.10189546918221559	-0.0015629068887523384
9.949937421777221	0.10152930627136669	-0.0015677824835900606
9.97496871088861	0.10117461720970944	-0.0015717232711627421
10.0	0.10083074186547591	-0.0015682289337465294
