-10.0	-0.07161364183748731	-0.0007206058211451233
-9.97496871088861	-0.07179444095169352	-0.00072428618889607
-9.949937421777221	-0.07197616448157973	-0.0007279951174155586
-9.924906132665832	-0.072158819608374	-0.0007317329061222871
-9.899874843554443	-0.07234241358871962	-0.0007354998584090666
-9.874843554443054	-0.07252695375561835	-0.0007392962817095033
-9.849812265331664	-0.07271244751939143	-0.000743122487564335
-9.824780976220275	-0.07289890236887686	-0.0007469787916835197
-9.799749687108886	-0.07308632587228914	-0.0007508655140196635
-9.774718397997496	-0.07327472567839344	-0.0007547829788343563
-9.749687108886107	-0.07346410951761406	-0.0007587315147683932
-9.724655819774718	-0.07365448520305051	-0.0007627114549157571
-9.699624530663328	-0.073845860631641	-0.0007667231368956168
-9.67459324155194	-0.07403824378539525	-0.0007707669029258651
-9.64956195244055	-0.07423164273232885	-0.0007748430999035966
-9.62453066332916	-0.07442606562791099	-0.0007789520794772298
-9.599499374217771	-0.07462152071603256	-0.0007830941981317174
-9.574468085106382	-0.07481801633036866	-0.0007872698172640136
-9.549436795994993	-0.07501556089559891	-0.0007914793032684359
-9.524405506883603	-0.07521416292851235	-0.0007957230276223054
-9.499374217772216	-0.07541383103957244	-0.0008000013669661604
-9.474342928660825	-0.07561457393395798	-0.0008043147031974451
-9.449311639549435	-0.07581640041303928	-0.0008086634235556639
-9.424280350438046	-0.07601931937560913	-0.0008130479207161811
-9.399249061326657	-0.07622333981938567	-0.0008174685928802744
-9.37421777221527	-0.07642847084232329	-0.0008219258438710297
-9.349186483103878	-0.07663472164397156	-0.0008264200832325264
-9.32415519399249	-0.0768421015270988	-0.0008309517263235117
-9.2991239048811	-0.077050619898964	-0.0008355211944220953
-9.274092615769712	-0.07726028627292258	-0.0008401289148270569
-9.249061326658325	-0.07747111026989373	-0.000844775320962235
-9.224030037546934	-0.07768310161996972	-0.0008494608524835245
-9.198998748435546	-0.07789627016385126	-0.0008541859553907738
-9.173967459324155	-0.07811062585462025	-0.0008589510821339214
-9.148936170212767	-0.07832617875925507	-0.0008637566917311518
-9.123904881101378	-0.07854293906025589	-0.0008686032498845253
-9.098873591989987	-0.07876091705747434	-0.0008734912290959129
-9.0738423028786	-0.07898012316964653	-0.0008784211087914384
-9.048811013767208	-0.07920056793631147	-0.0008833933754426176
-9.023779724655821	-0.0794222620194347	-0.000888408522694159
-8.998748435544432	-0.07964521620530896	-0.0008934670514917364
-8.973717146433042	-0.07986944140638741	-0.0008985694702144664
-8.948685857321653	-0.08009494866312927	-0.000903716294808482
-8.923654568210262	-0.08032174914589874	-0.0009089080489259049
-8.898623279098874	-0.08054985415695981	-0.0009141452640636788
-8.873591989987485	-0.08077927513239835	-0.0009194284797072461
-8.848560700876096	-0.08101002364415244	-0.0009247582434775414
-8.823529411764707	-0.0812421114020836	-0.0009301351112806361
-8.798498122653317	-0.08147555025606579	-0.0009355596474583255
-8.773466833541928	-0.08171035219807621	-0.0009410324249486124
-8.748435544430539	-0.08194652936438374	-0.00094655402544222
-8.72340425531915	-0.08218409403772853	-0.0009521250395467667
-8.69837296620776	-0.0824230586496455	-0.0009577460669539101
-8.67334167709637	-0.08266343578269364	-0.0009634177166079338
-8.648310387984981	-0.0829052381727724	-0.0009691406068831621
-8.623279098873592	-0.08314847871156772	-0.0009749153657598458
-8.598247809762203	-0.0833931704488915	-0.0009807426310071976
-8.573216520650814	-0.0836393265951827	-0.0009866230503702
-8.548185231539424	-0.08388696052412392	-0.0009925572817578998
-8.523153942428035	-0.08413608577497556	-0.0009985459934419433
-8.498122653316646	-0.08438671605543568	-0.0010045898642517398
-8.473091364205256	-0.08463886524413589	-0.0010106895837814628
-8.448060075093867	-0.08489254739341767	-0.001016845852597148
-8.423028785982478	-0.08514777673209828	-0.0010230593824498146
-8.397997496871088	-0.08540456766827198	-0.001029330896494332
-8.3729662077597	-0.08566293479221088	-0.0010356611295120471
-8.34793491864831	-0.085922892879287	-0.001042050828139643
-8.32290362953692	-0.08618445689293885	-0.0010485007511025074
-8.297872340425531	-0.08644764198775867	-0.0010550116694546807
-8.272841051314144	-0.08671246351256023	-0.00106158436682334
-8.247809762202753	-0.08697893701359938	-0.001068219639658613
-8.222778473091363	-0.0872470782377377	-0.0010749182974923166
-8.197747183979974	-0.0875169031358265	-0.0010816811631979284
-8.172715894868585	-0.0877884278660126	-0.0010885090732614677
-8.147684605757197	-0.08806166879718269	-0.0010954028780564423
-8.122653316645806	-0.08833664251248319	-0.0011023634421254008
-8.097622027534417	-0.08861336581285162	-0.0011093916444697843
-8.072590738423028	-0.08889185572071767	-0.001116488378844871
-8.047559449311638	-0.08917212948369002	-0.0011236545540625892
-8.02252816020025	-0.08945420457837017	-0.001130891094303213
-7.9974968710888605	-0.08973809871420535	-0.0011381989394320946
-7.972465581977473	-0.0900238298374898	-0.001145579045325515
-7.947434292866082	-0.090311416135342	-0.0011530323842068313
-7.922403003754694	-0.09060087603986045	-0.0011605599449861087
-7.897371714643305	-0.09089222823236032	-0.0011681627336116163
-7.872340425531914	-0.09118549164764023	-0.0011758417734290677
-7.8473091364205265	-0.09148068547834587	-0.0011835981055520611
-7.8222778473091354	-0.09177782917949706	-0.0011914327892374454
-7.797246558197748	-0.09207694247305209	-0.001199346902274162
-7.772215269086359	-0.09237804535257421	-0.0012073415413800664
-7.7471839799749675	-0.0926811580879896	-0.001215417822609574
-7.72215269086358	-0.09298630123053275	-0.001223576881770494
-7.697121401752189	-0.09329349561766165	-0.0012318198748538928
-7.672090112640801	-0.09360276237812659	-0.001240147978474146
-7.647058823529412	-0.09391412293731527	-0.0012485623903173149
-7.622027534418023	-0.09422759902239353	-0.0012570643296069411
-7.596996245306634	-0.09454321266781829	-0.00126565503757875
-7.571964956195245	-0.0948609862209775	-0.001274335777963903
-7.546933667083856	-0.09518094234765773	-0.00128310783749698
-7.5219023779724665	-0.09550310403802786	-0.0012919725264225052
-7.496871088861077	-0.09582749461256146	-0.0013009311790236344
-7.471839799749688	-0.09615413772799997	-0.0013099851541668733
-7.446808510638299	-0.09648305738360019	-0.0013191358358545374
-7.421777221526909	-0.09681427792749364	-0.0013283846337975302
-7.39674593241552	-0.09714782406321198	-0.0013377329839993624
-7.371714643304131	-0.09748372085621426	-0.0013471823493611396
-7.346683354192741	-0.09782199374079958	-0.0013567342202979588
-7.321652065081352	-0.09816266852693012	-0.0013663901153767172
-7.296620775969963	-0.09850577140741468	-0.0013761515819675496
-7.2715894868585735	-0.09885132896517668	-0.0013860201969155134
-7.246558197747184	-0.09919936818064823	-0.001395997567231133
-7.221526908635795	-0.09954991643942446	-0.0014060853308001386
-7.196495619524406	-0.09990300154003506	-0.001416285157110439
-7.171464330413016	-0.1002586517019095	-0.0014265987480047981
-7.146433041301627	-0.1006168955735518	-0.001437027838450497
-7.121401752190238	-0.10097776224094268	-0.0014475741973305756
-7.0963704630788484	-0.10134128123604569	-0.0014582396282628307
-7.071339173967459	-0.10170748254559658	-0.0014690259704357722
-7.04630788485607	-0.10207639662004464	-0.0014799350994745553
-7.0212765957446805	-0.102448054382827	-0.001490968928327785
-6.996245306633291	-0.10282248723973364	-0.0015021294081813685
-6.971214017521902	-0.10319972708857961	-0.0015134185294004288
-6.946182728410513	-0.10357980632905317	-0.0015248383224986811
-6.921151439299123	-0.10396275787296272	-0.0015363908591325137
-6.896120150187734	-0.10434861515442417	-0.001548078253134036
-6.871088861076345	-0.10473741214076338	-0.0015599026615617517
-6.8460575719649555	-0.10512918334319021	-0.0015718662857950594
-6.821026282853566	-0.10552396382814866	-0.001583971372654508
-6.795994993742177	-0.10592178922873074	-0.0015962202155574146
-6.770963704630788	-0.10632269575641118	-0.0016086151557115624
-6.745932415519399	-0.10672672021320029	-0.0016211585833405678
-6.720901126408009	-0.10713390000390444	-0.0016338529389521017
-6.69586983729662	-0.10754427314893444	-0.0016467007146410279
-6.670838548185231	-0.10795787829723036	-0.0016597044554364643
-6.645807259073841	-0.10837475473973157	-0.0016728667606871056
-6.620775969962453	-0.10879494242298637	-0.0016861902854952704
-6.595744680851063	-0.1092184819633184	-0.0016996777421902365
-6.570713391739676	-0.1096454146612107	-0.0017133319018544785
-6.545682102628285	-0.11007578251619865	-0.0017271555958927876
-6.520650813516897	-0.11050962824208366	-0.0017411517176548347
-6.495619524405506	-0.1109469952824984	-0.0017553232241147854
-6.470588235294117	-0.11138792782713658	-0.001769673137591396
-6.445556946182729	-0.11183247082810066	-0.0017842045475402607
-6.420525657071338	-0.11228067001693276	-0.0017989206123955742
-6.395494367959951	-0.11273257192204333	-0.0018138245614733733
-6.37046307884856	-0.11318822388656535	-0.0018289196969416
-6.34543178973717	-0.11364767408680176	-0.001844209395851587
-6.320400500625783	-0.11411097155109484	-0.001859697112241071
-6.295369211514392	-0.11457816617930483	-0.0018753863793054965
-6.270337922403004	-0.11504930876277797	-0.0018912808116451768
-6.245306633291613	-0.11552445100493625	-0.001907384107586521
-6.2202753441802265	-0.11600364554243381	-0.0019237000515841401
-6.195244055068836	-0.11648694596683473	-0.0019402325167090784
-6.170212765957448	-0.11697440684709548	-0.001956985467216746
-6.145181476846059	-0.11746608375252521	-0.0019739629612098436
-6.120150187734667	-0.11796203327655164	-0.0019911691533922443
-6.09511889862328	-0.11846231306106603	-0.002008608297922085
-6.070087609511891	-0.11896698182160659	-0.0020262847513628224
-6.0450563204005014	-0.11947609937317605	-0.00204420297574405
-6.020025031289112	-0.11998972665690211	-0.0020623675417303644
-5.994993742177721	-0.12050792576753633	-0.0020807831319016035
-5.9699624530663336	-0.12103075998159696	-0.002099454544161952
-5.9449311639549425	-0.12155829378667793	-0.0021183866952605296
-5.919899874843555	-0.12209059291130853	-0.0021375846244555685
-5.894868585732166	-0.12262772435604141	-0.0021570534973027744
-5.869837296620776	-0.12316975642526717	-0.0021767986095940495
-5.844806007509387	-0.12371675876018173	-0.002196825391437965
-5.819774718397998	-0.12426880237268989	-0.002217139411498939
-5.7947434292866085	-0.12482595968039423	-0.0022377463813957055
-5.769712140175219	-0.12538830454281324	-0.002258652160266092
-5.74468085106383	-0.12595591229851966	-0.0022798627595140425
-5.719649561952441	-0.12652885980376372	-0.0023013843477328044
-5.694618272841051	-0.1271072254720078	-0.0023232232558315496
-5.669586983729662	-0.1276910893151788	-0.0023453859823472784
-5.644555694618273	-0.12828053298578368	-0.0023678791989874964
-5.619524405506883	-0.12887563982086458	-0.0023907097563743984
-5.594493116395494	-0.12947649488711566	-0.0024138846900343264
-5.569461827284105	-0.13008318502761718	-0.0024374112266220826
-5.5444305381727155	-0.13069579891013472	-0.0024612967904009825
-5.519399249061326	-0.13131442707710583	-0.0024855490099867233
-5.494367959949937	-0.13193916199721212	-0.0025101757253736395
-5.469336670838549	-0.1325700981188911	-0.0025351849952477967
-5.444305381727158	-0.13320733192548762	-0.0025605851046141964
-5.419274092615769	-0.13385096199256186	-0.0025863845727371187
-5.3942428035043815	-0.13450108904702063	-0.0026125921614252867
-5.36921151439299	-0.1351578160284559	-0.0026392168836681523
-5.344180225281603	-0.13582124815265129	-0.002666268012644496
-5.319148936170212	-0.13649149297722118	-0.002693755091130054
-5.2941176470588225	-0.1371686604699347	-0.002721687941302231
-5.269086357947435	-0.13785286307916333	-0.00275007667499666
-5.244055068836044	-0.1385442158072019	-0.0027789317044047412
-5.219023779724656	-0.139242836286126	-0.002808263753259377
-5.193992490613266	-0.13994884485654424	-0.002838083868523411
-5.168961201501876	-0.14066236464932658	-0.0028684034326116326
-5.1439299123904885	-0.14138352167032942	-0.0028992341761736873
-5.1188986232791	-0.14211244488849228	-0.0029305881914677423
-5.09386733416771	-0.14284926632714523	-0.0029624779463619105
-5.06883604505632	-0.1435941211590217	-0.00299491629899111
-5.043804755944931	-0.1443471478048366	-0.0030279165131126967
-5.018773466833542	-0.1451084880358664	-0.0030614922741928202
-4.993742177722154	-0.14587828708047734	-0.0030956577062743185
-4.968710888610763	-0.1466566937350171	-0.0031304273896632234
-4.943679599499373	-0.14744386047913682	-0.003165816379481809
-4.918648310387985	-0.14823994359573778	-0.00320184022514719
-4.893617021276597	-0.14904510329595766	-0.0032385149908149696
-4.868585732165207	-0.14985950384924074	-0.003275857276861166
-4.843554443053817	-0.15068331371888988	-0.003313884242450313
-4.818523153942427	-0.1515167057032052	-0.0033526136292705427
-4.793491864831038	-0.1523598570827991	-0.0033920637864880976
-4.768460575719651	-0.15321294977404776	-0.00343225369701744
-4.7434292866082615	-0.1540761704892768	-0.0034732030051681656
-4.71839799749687	-0.15494971090389242	-0.0035149320457733
-4.69336670838548	-0.15583376783088632	-0.003557461874878848
-4.668335419274092	-0.15672854340302855	-0.0036008143021035027
-4.643304130162704	-0.1576342452633508	-0.0036450119247716933
-4.618272841051315	-0.15855108676411955	-0.003690078163937391
-4.593241551939924	-0.15947928717497017	-0.0037360373024246524
-4.568210262828536	-0.16041907190067484	-0.0037829145250135587
-4.543178973717147	-0.1613706727089248	-0.0038307359609287273
-4.518147684605758	-0.16233432796900793	-0.0038795287287659436
-4.4931163954943685	-0.1633102829016586	-0.003929320984050563
-4.468085106382977	-0.16429878984101975	-0.003980141969586848
-4.44305381727159	-0.16530010850922405	-0.004032022068808677
-4.418022528160201	-0.1663145063045235	-0.004084992862339126
-4.392991239048811	-0.16734225860358176	-0.004139087187990928
-4.367959949937422	-0.16838364907891812	-0.0041943392044576505
-4.342928660826031	-0.1694389700324912	-0.004250784458962292
-4.317897371714643	-0.17050852274620532	-0.0043084599591654005
-4.292866082603254	-0.17159261785057733	-0.004367404249644796
-4.267834793491865	-0.17269157571276406	-0.004427657493294157
-4.2428035043804755	-0.17380572684492446	-0.004489261558028923
-4.217772215269086	-0.17493541233453191	-0.004552260109198042
-4.192740926157699	-0.17608098429791674	-0.004616698708159936
-4.167709637046308	-0.1772428063586018	-0.00468262491751284
-4.142678347934918	-0.1784212541521355	-0.0047500884135123905
-4.117647058823529	-0.17961671585915395	-0.004819141106270783
-4.09261576971214	-0.18082959276872757	-0.004889837268372749
-4.067584480600752	-0.18206029987399397	-0.004962233672619956
-4.042553191489361	-0.18330926650239343	-0.005036389739681263
-4.017521902377972	-0.18457693698300526	-0.0051123676964908715
-3.9924906132665825	-0.18586377135363508	-0.005190232746344753
-3.967459324155193	-0.18717024611062616	-0.005270053251717283
-3.9424280350438052	-0.1884968550044417	-0.0053519009309494076
-3.917396745932415	-0.1898441098847008	-0.005435851070057146
-3.8923654568210257	-0.19121254159808831	-0.005521982751069451
-3.867334167709638	-0.19260270094372345	-0.0056103790984175506
-3.8423028785982494	-0.1940151596898989	-0.005701127545121101
-3.8172715894868587	-0.19545051165767857	-0.0057943201206403505
-3.7922403003754686	-0.19690937387626795	-0.005890053762543618
-3.7672090112640793	-0.19839238781639112	-0.005988430654330731
-3.7421777221526913	-0.19990022070788616	-0.00608955859206059
-3.717146433041303	-0.20143356694888004	-0.006193551382725912
-3.6921151439299127	-0.2029931496141617	-0.006300529277676173
-3.6670838548185225	-0.20457972207159925	-0.006410619444793791
-3.6420525657071328	-0.206194069715941	-0.00652395648358968
-3.617021276595745	-0.20783701183076442	-0.006640682987896898
-3.5919899874843564	-0.20950940359005532	-0.006760950161462512
-3.566958698372966	-0.21121213821260643	-0.00688491849240154
-3.541927409261576	-0.21294614928340883	-0.0070127584932960785
-3.5168961201501876	-0.21471241325819923	-0.0071446515146197515
-3.4918648310387996	-0.21651195216902996	-0.0072807906402258815
-3.46683354192741	-0.21834583655084971	-0.007421381674861449
-3.4418022528160197	-0.22021518861124134	-0.007566644235109304
-3.4167709637046295	-0.22212118566860406	-0.007716812956776842
-3.391739674593241	-0.2240650638867283	-0.00787213883372298
-3.366708385481853	-0.2260481223374402	-0.008032890705350945
-3.341677096370464	-0.22807172742700743	-0.008199356912664435
-3.3166458072590737	-0.2301373177265842	-0.008371847145913505
-3.291614518147683	-0.23224640925245854	-0.008550694510547963
-3.2665832290362946	-0.23440060124778794	-0.008736257842597225
-3.2415519399249066	-0.23660158252496366	-0.008928924309789518
-3.2165206508135173	-0.23885113843576056	-0.00912911234097491
-3.191489361702127	-0.24115115854621694	-0.009337274933853834
-3.166458072590739	-0.243503645104441	-0.009553903399996483
-3.14142678347935	-0.24591072240264822	-0.009779531616962281
-3.11639549436796	-0.24837464715028013	-0.010014740870458241
-3.091364205256571	-0.2508978199930154	-0.010260165385465495
-3.0663329161451807	-0.2534827983343373	-0.010516498664790791
-3.0413016270337927	-0.256132310641346	-0.010784500777534886
-3.0162703379224034	-0.2588492724468594	-0.011065006769601107
-2.991239048811014	-0.2616368042959101	-0.011358936405148401
-2.966207759699625	-0.2644982519274879	-0.011667305493790053
-2.941176470588234	-0.2674372090340964	-0.01199123911587327
-2.916145181476846	-0.27045754300365754	-0.012331987130779376
-2.891113892365457	-0.2735634241228615	-0.01269094244535185
-2.8660826032540676	-0.2767593588116979	-0.01306966263725097
-2.8410513141426783	-0.2800502275684118	-0.013469895679399366
-2.816020025031289	-0.2834413284374433	-0.013893610707696055
-2.790988735919901	-0.28693842697513583	-0.014343035029847656
-2.7659574468085104	-0.29054781388562656	-0.014820698909306443
-2.740926157697121	-0.2942763717404344	-0.015329490103748664
-2.715894868585732	-0.29813165248787277	-0.01587272073301324
-2.6908635794743425	-0.30212196781325584	-0.016454209854520646
-2.6658322903629545	-0.3062564948368731	-0.01707838621761562
-2.6408010012515644	-0.3105454001408141	-0.017750417171831928
-2.615769712140175	-0.31499998569822685	-0.018476371793010815
-2.5907384230287853	-0.31963286092158816	-0.01926342922511
-2.565707133917396	-0.3244581456963198	-0.020120147402795288
-2.540675844806008	-0.3294917097940915	-0.021056813308116706
-2.515644555694618	-0.33475145418788843	-0.02208590462199808
-2.4906132665832286	-0.3402576389435614	-0.023222705443538633
-2.4655819774718406	-0.34603325937212226	-0.024486137820146275
-2.440550688360452	-0.35210446464316414	-0.02589989951339952
-2.4155193992490616	-0.3585009963379333	-0.027494041921380746
-2.3904881101376714	-0.3652565888238444	-0.02930718830091908
-2.365456821026282	-0.37240919909786485	-0.03138969281682677
-2.340425531914894	-0.3800007799570777	-0.03380818990104517
-2.3153942428035057	-0.3880759917728196	-0.036652191626087904
-2.2903629536921155	-0.39667858798856304	-0.04004363634293212
-2.2653316645807253	-0.4058428517632373	-0.044150417977043444
-2.2403003754693356	-0.4155747544089692	-0.0492043124437084
-2.2152690863579476	-0.4258125982093497	-0.05552032341422375
-2.190237797246559	-0.4363504341194173	-0.06350250966576718
-2.165206508135169	-0.4467104255843928	-0.07358866987450641
-2.140175219023779	-0.4560109596816615	-0.08602958120474091
-2.1151439299123904	-0.46308896636261077	-0.1004329459451058
-2.0901126408010025	-0.46728949881821036	-0.11552008760770532
-2.0650813516896127	-0.4692611744476409	-0.13018455622418054
-2.0400500625782225	-0.469636560545279	-0.14489418157999967
-2.0150187734668323	-0.466967845706165	-0.1600999031927887
-1.989987484355444	-0.4593804926840743	-0.17329027439347758
-1.9649561952440555	-0.4486582069337268	-0.180160619094383
-1.939924906132667	-0.44018776433177687	-0.1796800828772905
-1.914893617021277	-0.4377931298245292	-0.17539771825051234
-1.8898623279098858	-0.4414511483474326	-0.17143365874629538
-1.8648310387984974	-0.44936436548841585	-0.17004706089387936
-1.839799749687109	-0.45972645569566706	-0.17196668339230495
-1.8147684605757206	-0.47131463600502976	-0.17713731660059037
-1.7897371714643304	-0.4835559656996822	-0.1854982100259067
-1.764705882352942	-0.495870303268082	-0.19742597672282716
-1.7396745932415527	-0.5071352405592948	-0.21323526228269865
-1.7146433041301625	-0.5160002473354299	-0.23264493466104372
-1.6896120150187741	-0.5212773023537223	-0.2548723360880031
-1.664580725907384	-0.5219484191746484	-0.2786077356113159
-1.6395494367959955	-0.5177354631784228	-0.3017611339859775
-1.6145181476846062	-0.510097874971856	-0.322254259545495
-1.589486858573217	-0.5019540973038955	-0.3400387439682372
-1.5644555694618276	-0.4949354675963621	-0.35811300532209966
-1.5394242803504374	-0.48674409007783204	-0.38003887692370486
-1.514392991239049	-0.47199275822596676	-0.40626361818208034
-1.4893617021276597	-0.4452299439117656	-0.4323401858220025
-1.4643304130162704	-0.404955795872991	-0.4489624361742546
-1.4392991239048811	-0.3583787890576694	-0.4461691981713154
-1.4142678347934918	-0.31975853222620454	-0.42273318521218006
-1.3892365456821025	-0.2991162385862819	-0.3887584576062333
-1.3642052565707132	-0.2957528619790978	-0.3565814696590833
-1.339173967459324	-0.30226672651129005	-0.33261512524318704
-1.3141426783479346	-0.3115203918661912	-0.3162768168598805
-1.2891113892365453	-0.32046617499777796	-0.3038078083212886
-1.264080100125157	-0.32957858125269635	-0.29196677778538027
-1.2390488110137667	-0.34122432403879865	-0.27928765880674467
-1.2140175219023774	-0.3583842096594192	-0.2669632620971727
-1.1889862327909881	-0.3820529420488604	-0.25870628655183325
-1.1639549436795988	-0.41003133479825726	-0.25784494025300164
-1.1389236545682104	-0.43893235231656313	-0.2652357056924002
-1.1138923654568202	-0.46648485071068235	-0.2799694395646277
-1.0888610763454318	-0.4917906757498077	-0.3014982113121679
-1.0638297872340434	-0.5133530617307585	-0.3303704724197126
-1.0387984981226523	-0.5279766518620272	-0.36635226346856686
-1.013767209011264	-0.5321652916198808	-0.40679883716636467
-0.9887359198998737	-0.5241242584526359	-0.4467846902094089
-0.9637046307884853	-0.5054189931844544	-0.4807218431796598
-0.9386733416770969	-0.4805189972527393	-0.5054623243547443
-0.9136420525657085	-0.45332628135290787	-0.5209662222359877
-0.8886107634543183	-0.4261496091236572	-0.5274191268434036
-0.8635794743429273	-0.40193281813230775	-0.5242647349225019
-0.8385481852315388	-0.38587696850709186	-0.5124359452282683
-0.8135168961201504	-0.38285819799539905	-0.4979370965923766
-0.788485607008762	-0.39136018383499005	-0.48962313218299613
-0.7634543178973718	-0.4039833065318491	-0.49167669935860103
-0.7384230287859816	-0.4144648900747864	-0.5016638586863301
-0.7133917396745932	-0.42138809263301935	-0.5154863009583035
-0.6883604505632039	-0.4256718500924268	-0.5311849741733683
-0.6633291614518155	-0.4281420171173319	-0.5481817330526837
-0.6382978723404253	-0.42965701635300524	-0.566753884703478
-0.6132665832290352	-0.43006669286677623	-0.5884699287846845
-0.5882352941176467	-0.4270136403697673	-0.6144142556914173
-0.5632040050062583	-0.41744365058743904	-0.6432967194392768
-0.5381727158948699	-0.3997124646792922	-0.6720091628414904
-0.5131414267834788	-0.37380191306715294	-0.6973711148863029
-0.48811013767208866	-0.34007542729375	-0.7159966831716228
-0.46307884856070025	-0.3009522514114079	-0.7228833814776925
-0.43804755944931184	-0.26366471489314697	-0.7145259795023416
-0.41301627033792343	-0.23750729390351605	-0.6937992655083808
-0.38798498122653324	-0.22744378609524657	-0.6697216777635668
-0.36295369211514483	-0.2312086984744084	-0.6516559382222478
-0.33792240300375376	-0.24236824739036872	-0.6448667547313064
-0.31289111389236535	-0.2534808138455089	-0.6505050456185663
-0.28785982478097694	-0.25731332518876254	-0.6653646837778289
-0.26282853566958675	-0.250453771780954	-0.6815634438142366
-0.23779724655819834	-0.23685056837731433	-0.6915745293586187
-0.21276595744680904	-0.22357537327753907	-0.694580923001803
-0.18773466833541974	-0.21368660965747682	-0.6939563473935675
-0.16270337922403044	-0.20761963498482716	-0.6914964594764575
-0.13767209011264026	-0.20671288338915006	-0.6888205317920637
-0.11264080100125184	-0.21117015536607925	-0.6893185007909127
-0.08760951188986255	-0.21831126784271732	-0.6956281541805615
-0.06257822277847325	-0.22522348566572442	-0.7069558341293739
-0.03754693366708395	-0.2329840352507372	-0.7218229340593159
-0.01251564455569465	-0.2438465509390093	-0.744356015254867
0.01251564455569465	-0.2522481042160818	-0.7823728755852574
0.03754693366708395	-0.24343287323014712	-0.8356231160090051
0.06257822277847325	-0.206568007792773	-0.88823860999504
0.08760951188986255	-0.14967645405750335	-0.9205072991786055
0.11264080100125184	-0.09174491466436918	-0.9288988352826938
0.13767209011264114	-0.042844616326125906	-0.9230692531975536
0.16270337922403044	-0.003101736427810864	-0.9110674796029298
0.18773466833541974	0.02915625450668008	-0.8965192817852019
0.21276595744680726	0.05501030081428199	-0.8820689478048308
0.23779724655819834	0.07694904800633146	-0.8706332163419334
0.26282853566958764	0.09994705867798825	-0.8625810925170067
0.28785982478097694	0.12762768332543079	-0.8533979521577877
0.31289111389236623	0.1581453780946458	-0.8370108784884451
0.33792240300375376	0.18493258343475882	-0.8108576807100698
0.36295369211514483	0.2011217522376939	-0.778939962781089
0.38798498122653235	0.20589377143865378	-0.749500334540365
0.41301627033792343	0.20490892025093888	-0.7274345830147452
0.43804755944931273	0.20395669780318637	-0.7114662039187398
0.46307884856070025	0.20484895925861235	-0.6976645922490566
0.4881101376720913	0.20611127276611713	-0.6836543665940451
0.5131414267834788	0.206736152139537	-0.6693250980797328
0.5381727158948699	0.2064533993467772	-0.6532380709948029
0.5632040050062574	0.20147141823362563	-0.6338264792397497
0.5882352941176467	0.18673010667029288	-0.614897942689145
0.6132665832290378	0.1622633185054827	-0.6037985706037186
0.6382978723404253	0.13299105114896093	-0.6055409926793582
0.6633291614518164	0.10480726354682579	-0.6216673185919082
0.6883604505632039	0.08381148030084584	-0.6518108174403882
0.7133917396745932	0.0767881584401251	-0.6923588155068112
0.7384230287859808	0.0874543210670794	-0.7349641695465223
0.7634543178973718	0.1127842578222853	-0.7713121207878006
0.7884856070087629	0.1467029551187009	-0.7984097450111064
0.8135168961201504	0.18561701763907912	-0.8171636986754128
0.8385481852315397	0.22877391472504638	-0.8274325578049186
0.8635794743429273	0.2739504347205839	-0.8271747980413491
0.8886107634543183	0.31668195635748775	-0.8162429037420108
0.9136420525657059	0.3533556611384765	-0.7975165546418981
0.9386733416770969	0.3832401552460968	-0.7749633162556666
0.9637046307884862	0.4080520213288029	-0.750797934106553
0.9887359198998737	0.4287822451814768	-0.7244323565895686
1.0137672090112648	0.4434411789686482	-0.6955898074881144
1.0387984981226523	0.4497681811473496	-0.6675473470750984
1.0638297872340434	0.4492759052129862	-0.6454593689586697
1.088861076345431	0.4475073441705544	-0.6321490421840933
1.1138923654568202	0.45095007620718863	-0.6253176061226843
1.1389236545682113	0.46214359439334285	-0.6182229345363562
1.1639549436795988	0.47774375149265913	-0.6050859840747169
1.18898623279099	0.4925412644655808	-0.5842930803385924
1.2140175219023774	0.5017528150013512	-0.5566422926797134
1.2390488110137667	0.5006529837555844	-0.5255046867781569
1.264080100125156	0.48695413373196605	-0.4977266004416253
1.2891113892365453	0.46344796924228804	-0.4809544882799942
1.3141426783479364	0.4372062851679671	-0.4800580600153771
1.339173967459324	0.4174749826655135	-0.49553430664637266
1.3642052565707132	0.4135953430032615	-0.5220345097364036
1.3892365456821025	0.4300541332683434	-0.5478656706489998
1.4142678347934918	0.4616954833502307	-0.5607698182989681
1.4392991239048811	0.49677075795089065	-0.5557675646583579
1.4643304130162704	0.5244342260929509	-0.5368339881260613
1.4893617021276597	0.5400748248083076	-0.5128942032251074
1.514392991239049	0.5456953040657389	-0.4921589132442422
1.5394242803504383	0.5469144169930069	-0.47908381631190955
1.5644555694618276	0.5503818559805289	-0.474056585556371
1.589486858573217	0.5618287197471157	-0.47311073999222064
1.6145181476846044	0.5828377192083571	-0.46909899706066316
1.6395494367959955	0.60976154980687	-0.45562275255696416
1.6645807259073848	0.6355417954126634	-0.43016869715892403
1.6896120150187741	0.653331422660631	-0.39565417025831817
1.7146433041301634	0.6603716703398601	-0.35820729835200893
1.739674593241551	0.6580692525895047	-0.3231813200308826
1.764705882352942	0.6496410325846329	-0.29352733924745245
1.7897371714643295	0.638574130361178	-0.2701932216288109
1.8147684605757206	0.6279955689535766	-0.25253517693329586
1.83979974968711	0.6202802597636474	-0.23873449786827075
1.8648310387984974	0.616720666699196	-0.22581276003238096
1.8898623279098885	0.6162374059762061	-0.2102100817953462
1.914893617021276	0.6152748014576555	-0.19033557756363542
1.939924906132667	0.6107032175459488	-0.16779278335897072
1.9649561952440546	0.6017240074919639	-0.1452217661172006
1.989987484355444	0.5890224094385046	-0.12460971488839023
2.015018773466835	0.5739302487506632	-0.1070727430261374
2.0400500625782225	0.5578698083077278	-0.09281651512536898
2.065081351689613	0.5418733757662773	-0.08143357422050906
2.090112640801001	0.5264997482495182	-0.07233184535685058
2.1151439299123904	0.5119806367979198	-0.06497194374153514
2.1401752190237784	0.49837112312591536	-0.058931720787983866
2.165206508135169	0.48564364478610234	-0.05389845231804968
2.1902377972465596	0.47373714244807275	-0.049643862180683646
2.2152690863579476	0.46258065281602745	-0.04600078510708555
2.240300375469337	0.45210392879449235	-0.04284544027368545
2.265331664580725	0.4422417942531065	-0.04008485441486287
2.2903629536921155	0.4329355646958599	-0.03764812883715918
2.315394242803503	0.42413314442332384	-0.03548038650120297
2.340425531914894	0.4157885688656049	-0.03353854601864961
2.3654568210262834	0.40786135377613864	-0.03178833703352521
2.3904881101376714	0.40031581668995875	-0.030202164128418807
2.415519399249062	0.3931204415989136	-0.02875755673530314
2.4405506883604495	0.38624731277383706	-0.02743602877337356
2.4655819774718406	0.3796716227422303	-0.026222228541346593
2.490613266583228	0.37337125026283324	-0.025103296958529697
2.515644555694618	0.3673264006558208	-0.024068377303328184
2.5406758448060085	0.36151930004759647	-0.023108236486658357
2.565707133917396	0.35593393548713737	-0.02221496941615328
2.590738423028787	0.35055583375914656	-0.02138176595839819
2.6157697121401746	0.3453718727088102	-0.02060272556188092
2.6408010012515644	0.3403701198455811	-0.01987270853091462
2.665832290362953	0.33553969384589566	-0.01918721574941243
2.6908635794743425	0.33087064530790933	-0.018542290683972742
2.7158948685857336	0.3263538537297066	-0.0179344389793345
2.740926157697121	0.32198093819669094	-0.017360562054024878
2.765957446808511	0.31774417968890667	-0.01681790191969508
2.7909887359198997	0.3136364532695852	-0.01630399506076108
2.816020025031289	0.309651168703986	-0.015816633675896516
2.841051314142678	0.30578221829489216	-0.015353832938335893
2.8660826032540676	0.30202393091637747	-0.014913803205711923
2.8911138923654573	0.2983710313886325	-0.01449492632264994
2.916145181476846	0.2948186044701564	-0.014095735325372047
2.9411764705882355	0.2913620628540703	-0.013714896988202954
2.9662077596996244	0.28799711864764177	-0.013351196755272271
2.991239048811014	0.2847197578906884	-0.013003525683081621
3.0162703379224016	0.28152621773297204	-0.012670869085574299
3.0413016270337927	0.27841296594470544	-0.012352296626485779
3.066332916145182	0.27537668247961733	-0.012046953646771955
3.091364205256571	0.2724142428487575	-0.011754053549915433
3.1163954943679606	0.26952270309541015	-0.011472871096529835
3.141426783479348	0.26669928618941263	-0.011202736483184997
3.166458072590739	0.26394136968276083	-0.010943030099754933
3.1914893617021267	0.2612464744883849	-0.01069317787566039
3.2165206508135173	0.2586122546615668	-0.010452647138710178
3.241551939924907	0.25603648807788604	-0.010220942921428555
3.2665832290362946	0.2535170679150207	-0.009997604659042342
3.2916145181476857	0.2510519948561827	-0.009782203231217604
3.316645807259073	0.24863936994286373	-0.00957433830622044
3.341677096370464	0.2462773880131417	-0.00937363595178324
3.366708385481852	0.24396433166833198	-0.009179746481764464
3.391739674593241	0.24169856571804615	-0.008992342511690177
3.416770963704632	0.23947853205831615	-0.008811117199778631
3.4418022528160197	0.23730274494308023	-0.008635782652986382
3.4668335419274103	0.23516978661302268	-0.008466068480187619
3.4918648310387983	0.23307830324989487	-0.008301720476770913
3.5168961201501876	0.23102700122743913	-0.00814249942686611
3.5419274092615756	0.2290146436332745	-0.007988180011016019
3.566958698372966	0.2270400470383942	-0.007838549808571793
3.591989987484357	0.2251020784934119	-0.007693408385299638
3.617021276595745	0.22319965273270004	-0.0075525664577776735
3.642052565707134	0.2213317295692967	-0.007415845127110507
3.667083854818522	0.21949731146516793	-0.007283075175298054
3.6921151439299127	0.21769544126276674	-0.0071540964183408745
3.7171464330413	0.21592520006529536	-0.007028757110771805
3.7421777221526913	0.21418570525393443	-0.006906913396895906
3.7672090112640806	0.2124761086316882	-0.00678842880448928
3.7922403003754686	0.21079559468414244	-0.006673173777153943
3.817271589486859	0.2091433789484376	-0.006561025241914001
3.8423028785982467	0.20751870648246973	-0.006451866208975907
3.867334167709638	0.2059208504269634	-0.006345585400885645
3.8923654568210253	0.20434911065379735	-0.006242076908577365
3.917396745932415	0.20280281249436571	-0.006141239872059778
3.9424280350438057	0.20128130554239343	-0.006042978183695591
3.967459324155193	0.19978396252603092	-0.005947200212219089
3.9924906132665843	0.19831017824441544	-0.00585381854582126
4.017521902377972	0.19685936856441222	-0.005762749752767055
4.042553191489361	0.19543096947343042	-0.0056739141581637065
4.06758448060075	0.19402443618457088	-0.0055872356356221065
4.09261576971214	0.1926392422907499	-0.0055026414126530115
4.117647058823531	0.19127487896457218	-0.005420061888751437
4.142678347934918	0.18993085420101163	-0.005339430465216358
4.167709637046308	0.18860669210014258	-0.005260683385820988
4.192740926157697	0.18730193218756686	-0.005183759587537154
4.217772215269086	0.18601612876995066	-0.005108600560578935
4.2428035043804755	0.18474885032368338	-0.005035150217090986
4.267834793491865	0.1834996789146226	-0.004963354767859834
4.292866082603254	0.18226820964702384	-0.004893162606483967
4.317897371714643	0.1810540501398057	-0.0048245242004850974
4.342928660826033	0.17985682002877823	-0.004757391988865017
4.367959949937422	0.17867615049311958	-0.004691720285678214
4.392991239048811	0.17751168380471505	-0.004627465189208979
4.418022528160199	0.176363072899135	-0.004564584496371496
4.44305381727159	0.1752299809670097	-0.004503037621985992
4.468085106382979	0.17411208106445297	-0.004442785522618162
4.4931163954943685	0.1730090557418551	-0.004383790624666095
4.518147684605758	0.17192059668966397	-0.004326016756437123
4.543178973717145	0.17084640440038434	-0.004269429083949797
4.568210262828536	0.1697861878459319	-0.004213994050225378
4.593241551939924	0.16873966416949404	-0.004159679317848705
4.618272841051315	0.16770655839108617	-0.00410645371459839
4.643304130162704	0.16668660312611916	-0.004054287181951111
4.668335419274092	0.1656795383162759	-0.004003150726289831
4.693366708385483	0.16468511097211103	-0.003953016372644988
4.71839799749687	0.1637030749266959	-0.0039038571208218076
4.7434292866082615	0.162733190599746	-0.003855646903770424
4.768460575719649	0.1617752247718256	-0.003808360548062606
4.793491864831038	0.1608289503679341	-0.0037619737363565747
4.818523153942429	0.15989414625016263	-0.00371646297172927
4.843554443053817	0.15897059701891525	-0.0036718055437729297
4.868585732165208	0.1580580928222135	-0.003627979496353989
4.8936170212765955	0.15715642917285066	-0.003584963596935234
4.918648310387985	0.15626540677283174	-0.003542737307380958
4.943679599499372	0.15538483134492065	-0.003501280756156522
4.968710888610763	0.1545145134707795	-0.0034605747118487684
4.9937421777221545	0.15365426843559327	-0.0034206005579315024
5.018773466833542	0.1528039160786845	-0.0033813402687112998
5.043804755944931	0.1519632806500173	-0.0033427763863867477
5.068836045056319	0.15113219067211592	-0.003304891999164769
5.09386733416771	0.15031047880735038	-0.0032676707203772026
5.118898623279097	0.14949798173022266	-0.0032310966685410725
5.1439299123904885	0.1486945400045654	-0.003195154448312601
5.168961201501878	0.1478999979651041	-0.0031598291323041566
5.193992490613265	0.14711420360370298	-0.0031251062436901123
5.219023779724656	0.1463370084595681	-0.003090971739593232
5.244055068836044	0.1455682675137	-0.003057411995183043
5.269086357947435	0.14480783908688366	-0.0030244137884793687
5.2941176470588225	0.14405558474175084	-0.002991964285792806
5.319148936170212	0.14331136918795373	-0.002960051027803473
5.344180225281603	0.1425750601910316	-0.00292866191622089
5.36921151439299	0.1418465284843542	-0.0028977852010097505
5.3942428035043815	0.14112564768417712	-0.002867409468149673
5.419274092615769	0.14041229420767287	-0.002837523627907332
5.444305381727158	0.13970634719382513	-0.0028081169035872044
5.469336670838548	0.13900768842699573	-0.002779178820749975
5.494367959949937	0.13831620226317565	-0.0027506991968660605
5.519399249061328	0.13763177555874595	-0.0027226681313876483
5.5444305381727155	0.13695429760150812	-0.002695075996227314
5.569461827284105	0.1362836600442341	-0.002667913426606036
5.594493116395494	0.13561975684028305	-0.0026411713122739128
5.619524405506883	0.13496248418145118	-0.002614840789070802
5.644555694618273	0.13431174043776117	-0.0025889132308234836
5.669586983729662	0.1336674260993389	-0.0025633802415529483
5.694618272841051	0.13302944372011805	-0.002538233647985791
5.719649561952441	0.13239769786331568	-0.0025134654923563843
5.74468085106383	0.13177209504885745	-0.0024890680254758407
5.769712140175219	0.13115254370219898	-0.0024650337000749617
5.7947434292866085	0.13053895410497862	-0.0024413551643919645
5.819774718397996	0.12993123834723352	-0.0024180252559982823
5.844806007509387	0.12932931028096117	-0.002395036995862951
5.869837296620776	0.12873308547524687	-0.0023723835826308104
5.894868585732166	0.12814248117279803	-0.00235005838711215
5.919899874843555	0.12755741624774508	-0.0023280549469770345
5.9449311639549425	0.12697781116476659	-0.0023063669616393834
5.9699624530663336	0.12640358793947826	-0.002284988287330328
5.994993742177721	0.1258346701000379	-0.002263912932342474
6.020025031289112	0.1252709826498002	-0.0022431350524532573
6.0450563204005014	0.12471245203125214	-0.002222648946502759
6.07008760951189	0.12415900609092745	-0.0022024490521316276
6.09511889862328	0.12361057404532794	-0.0021825299416719512
6.120150187734667	0.12306708644792508	-0.0021628863181751695
6.145181476846059	0.12252847515717225	-0.002143513011581444
6.170212765957445	0.12199467330520886	-0.0021244049750272637
6.195244055068836	0.12146561526784883	-0.002105557281266296
6.2202753441802265	0.12094123663506462	-0.0020869651192278182
6.245306633291613	0.12042147418254956	-0.0020686237906816923
6.270337922403005	0.11990626584406261	-0.002050528707020813
6.295369211514392	0.11939555068442331	-0.002032675386152233
6.320400500625783	0.11888926887344908	-0.0020150594494887097
6.3454317897371695	0.11838736166051955	-0.001997676619043348
6.37046307884856	0.11788977134984346	-0.0019805227146222487
6.395494367959952	0.1173964412764743	-0.001963593651104628
6.420525657071338	0.11690731578299207	-0.00194688543581438
6.445556946182729	0.11642234019670905	-0.0019303941659801899
6.470588235294116	0.11594146080763501	-0.001914116026274365
6.495619524405506	0.11546462484701969	-0.0018980472864316839
6.520650813516895	0.11499178046637759	-0.0018821842989458631
6.545682102628285	0.11452287671723216	-0.0018665234968383848
6.570713391739676	0.11405786353124281	-0.0018510613915007912
6.5957446808510625	0.11359669170102915	-0.0018357945705995415
6.620775969962453	0.1131393128612812	-0.001820719696056211
6.645807259073841	0.11268567947068586	-0.001805833502078913
6.670838548185231	0.11223574479400522	-0.0017911327932655374
6.695869837296622	0.11178946288482461	-0.00177661444276013
6.720901126408009	0.11134678856868074	-0.0017622753904683736
6.745932415519399	0.11090767742669705	-0.0017481126413246978
6.770963704630788	0.11047208577942236	-0.0017341232636205878
6.795994993742178	0.11003997067150273	-0.0017203043873689622
6.821026282853566	0.10961128985620583	-0.0017066532027358444
6.8460575719649555	0.10918600178085036	-0.0016931669585040915
6.871088861076346	0.10876406557227547	-0.0016798429605916626
6.896120150187734	0.10834544102276222	-0.0016666785706130616
6.921151439299124	0.10793008857638142	-0.0016536712044796925
6.946182728410513	0.10751796931558655	-0.0016408183310464425
6.971214017521902	0.10710904494821882	-0.0016281174707932639
6.996245306633291	0.10670327779471567	-0.001615566194551249
7.0212765957446805	0.10630063077582985	-0.0016031621222580977
7.046307884856071	0.10590106740043215	-0.0015909029217580917
7.071339173967459	0.10550455175374829	-0.001578786307630739
7.0963704630788484	0.10511104848589614	-0.0015668100400539758
7.121401752190238	0.10472052280054989	-0.0015549719237035603
7.146433041301627	0.10433294044407404	-0.0015432698066786266
7.171464330413016	0.10394826769478627	-0.0015317015794616556
7.196495619524406	0.1035664713525053	-0.0015202651739064654
7.221526908635795	0.10318751872834842	-0.0015089585622544838
7.246558197747184	0.1028113776348425	-0.0014977797561768341
7.2715894868585735	0.10243801637611494	-0.0014867268058480626
7.296620775969963	0.102067403738479	-0.0014757977990401683
7.321652065081352	0.10169950898110436	-0.0014649908602452771
7.3466833541927405	0.10133430182700653	-0.0014543041498206039
7.371714643304131	0.1009717524542264	-0.0014437358631559927
7.39674593241552	0.1006118314871074	-0.0014332842298683812
7.421777221526909	0.10025450998793417	-0.0014229475130127511
7.446808510638299	0.09989975944862106	-0.0014127240083186
7.471839799749687	0.09954755178279129	-0.0014026120434429412
7.496871088861077	0.09919785931772385	-0.0013926099772482298
7.521902377972466	0.09885065478672672	-0.001382716199096995
7.546933667083856	0.09850591132165398	-0.0013729291281634887
7.571964956195245	0.09816360244552236	-0.0013632472127660528
7.5969962453066335	0.09782370206532409	-0.0013536689297160565
7.622027534418024	0.09748618446496327	-0.0013441927836862072
7.647058823529412	0.09715102429842482	-0.0013348173065906993
7.672090112640802	0.09681819658305901	-0.0013255410569856657
7.697121401752189	0.096487676692945	-0.0013163626194839795
7.72215269086358	0.09615944035250745	-0.001307280604184835
7.74718397997497	0.09583346363027712	-0.0012982936461162359
7.772215269086359	0.09550972293259541	-0.0012894004046967167
7.797246558197749	0.09518819499771602	-0.0012805995632066691
7.8222778473091354	0.09486885688989233	-0.0012718898282728514
7.8473091364205265	0.09455168599355179	-0.0012632699293688154
7.872340425531913	0.09423666000774489	-0.0012547386183255904
7.897371714643305	0.09392375694056021	-0.0012462946688564236
7.922403003754695	0.09361295510373857	-0.0012379368760916387
7.947434292866082	0.09330423310740166	-0.0012296640561263311
7.972465581977473	0.09299756985481711	-0.001221475045579512
7.99749687108886	0.0926929445374487	-0.0012133687011616073
8.022528160200253	0.092390336629812	-0.0012053438992580684
8.047559449311638	0.09208972588481856	-0.001197399535515592
8.072590738423028	0.09179109232888116	-0.0011895345244454653
8.09762202753442	0.09149441625724108	-0.0011817477990343495
8.122653316645806	0.09119967822954855	-0.001174038310359768
8.147684605757199	0.09090685906522644	-0.0011664050272237048
8.172715894868585	0.09061593983920346	-0.0011588469357882158
8.197747183979974	0.09032690187754788	-0.0011513630392217533
8.222778473091363	0.09003972675332683	-0.001143952357354483
8.247809762202753	0.08975439628244786	-0.001136613926342303
8.272841051314145	0.08947089251965323	-0.0011293467983358868
8.297872340425531	0.08918919775454093	-0.001122150041161965
8.32290362953692	0.08890929450772056	-0.001115022738008259
8.34793491864831	0.0886311655269818	-0.0011079639871180713
8.3729662077597	0.08835479378357824	-0.0011009729014920533
8.397997496871088	0.08808016246861783	-0.001094048608594425
8.423028785982478	0.08780725498944797	-0.0010871902500690644
8.448060075093867	0.08753605496615613	-0.001080396981461132
8.473091364205256	0.08726654622814856	-0.0010736679719436093
8.498122653316646	0.08699871281073968	-0.0010670024040532744
8.523153942428035	0.08673253895190847	-0.001060399473429216
8.548185231539424	0.08646800908904595	-0.0010538583885592728
8.573216520650814	0.08620510785569735	-0.0010473783705335776
8.598247809762203	0.0859438200785636	-0.0010409586527995313
8.623279098873592	0.08568413077437675	-0.0010345984809265046
8.648310387984981	0.08542602514687658	-0.0010282971123746348
8.67334167709637	0.08516948858398088	-0.001022053816265786
8.69837296620776	0.08491450665477274	-0.0010158678731649745
8.72340425531915	0.08466106510672056	-0.0010097385748631532
8.748435544430539	0.0844091498629389	-0.0010036652241643268
8.773466833541928	0.08415874701939785	-0.000997647134680299
8.798498122653317	0.08390984284232061	-0.0009916836306267385
8.823529411764707	0.08366242376546573	-0.0009857740466265724
8.848560700876096	0.08341647638766858	-0.0009799177275150728
8.873591989987485	0.0831719874701875	-0.0009741140281521316
8.898623279098874	0.08292894393433237	-0.0009683623132355906
8.92365456821026	0.08268733285901853	-0.0009626619571191791
8.948685857321653	0.08244714147823906	-0.0009570123436389577
8.973717146433042	0.08220835717890118	-0.000951412865935794
8.998748435544432	0.08197096749845656	-0.0009458629262865809
9.023779724655821	0.08173496012258319	-0.0009403619359393961
9.048811013767207	0.08150032288305553	-0.0009349093149506327
9.0738423028786	0.0812670437554921	-0.0009295044920238776
9.098873591989985	0.08103511085723092	-0.0009241469043571454
9.123904881101378	0.080804512445253	-0.0009188359974884458
9.148936170212767	0.08057523691411461	-0.0009135712251465283
9.173967459324153	0.08034727279392051	-0.0009083520491047908
9.198998748435546	0.08012060874827931	-0.0009031779390403921
9.224030037546932	0.07989523357239392	-0.0008980483723907973
9.249061326658325	0.07967113619118216	-0.0008929628342182749
9.27409261576971	0.07944830565726946	-0.0008879208170768371
9.2991239048811	0.07922673114924983	-0.0008829218208781242
9.324155193992492	0.07900640196979047	-0.0008779653527643538
9.349186483103878	0.07878730754393715	-0.0008730509269809228
9.374217772215271	0.07856943741719746	-0.0008681780647544629
9.399249061326657	0.07835278125393508	-0.0008633462941700504
9.424280350438046	0.07813732883565905	-0.0008585551500537997
9.449311639549435	0.07792307005931853	-0.0008538041738554575
9.474342928660825	0.07770999493566322	-0.0008490929135357567
9.499374217772218	0.07749809358766946	-0.0008444209234544087
9.524405506883603	0.07728735624885985	-0.0008397877642609686
9.549436795994993	0.07707777326197096	-0.0008351930027852977
9.574468085106382	0.07686933507710414	-0.0008306362119373384
9.599499374217771	0.07666203225041102	-0.0008261169706015592
9.62453066332916	0.07645585544267242	-0.0008216348635329829
9.64956195244055	0.07625079541770852	-0.000817189481264316
9.67459324155194	0.0760468430409027	-0.0008127804200064592
9.699624530663328	0.07584398927802383	-0.0008084072815511545
9.724655819774718	0.07564222519364527	-0.000804069673180488
9.749687108886107	0.07544154194984465	-0.0007997672075760048
9.774718397997496	0.07524193080483599	-0.0007954995027277256
9.799749687108886	0.07504338311178849	-0.0007912661818449268
9.824780976220275	0.07484589031728461	-0.0007870668732752051
9.849812265331664	0.07464944396029871	-0.0007829012104138833
9.874843554443054	0.07445403567079545	-0.000778768831625587
9.899874843554443	0.07425965716857696	-0.0007746693801603949
9.924906132665832	0.0740663002619435	-0.0007706025040771225
9.949937421777221	0.07387395684672882	-0.0007665678561610267
9.97496871088861	0.0736826189048756	-0.0007625650938512252
10.0	0.0734922785034513	-0.0007585938791632163
