0.02454369260617026
0.07363107781851078
0.1227184630308513
0.1718058482431918
0.22089323345553233
0.2699806186678728
0.3190680038802134
0.36815538909255385
0.4172427743048944
0.4663301595172349
0.5154175447295755
0.5645049299419159
0.6135923151542565
0.6626797003665971
0.7117670855789375
0.760854470791278
0.8099418560036186
0.8590292412159591
0.9081166264282996
0.9572040116406401
1.0062913968529805
1.055378782065321
1.1044661672776614
1.153553552490002
1.2026409377023426
1.2517283229146832
1.3008157081270237
1.349903093339364
1.3989904785517047
1.4480778637640452
1.4971652489763856
1.5462526341887262
1.5953400194010667
1.6444274046134073
1.6935147898257479
1.7426021750380882
1.7916895602504288
1.8407769454627694
1.8898643306751097
1.9389517158874503
1.9880391010997909
2.0371264863121312
2.086213871524472
2.1353012567368124
2.1843886419491527
2.2334760271614935
2.282563412373834
2.3316507975861747
2.380738182798515
2.4298255680108554
2.478912953223196
2.5280003384355365
2.5770877236478773
2.6261751088602177
2.675262494072558
2.724349879284899
2.773437264497239
2.8225246497095795
2.8716120349219203
2.9206994201342606
2.969786805346601
3.018874190558942
3.067961575771282
3.117048960983623
3.1661363461959633
3.2152237314083036
3.2643111166206444
3.313398501832985
3.3624858870453256
3.411573272257666
3.4606606574700063
3.509748042682347
3.5588354278946874
3.607922813107028
3.6570101983193686
3.706097583531709
3.7551849687440493
3.80427235395639
3.8533597391687304
3.902447124381071
3.9515345095934116
4.000621894805752
4.049709280018092
4.0987966652304335
4.147884050442774
4.196971435655114
4.246058820867455
4.295146206079795
4.344233591292135
4.3933209765044765
4.442408361716817
4.491495746929157
4.540583132141498
4.589670517353838
4.638757902566179
4.6878452877785195
4.73693267299086
4.7860200582032
4.8351074434155406
4.884194828627882
4.933282213840222
4.9823695990525625
5.031456984264903
5.080544369477243
5.129631754689584
5.178719139901925
5.227806525114265
5.2768939103266055
5.325981295538946
5.375068680751286
5.424156065963627
5.473243451175968
5.522330836388308
5.5714182216006485
5.620505606812989
5.66959299202533
5.71868037723767
5.767767762450011
5.816855147662351
5.8659425328746915
5.915029918087032
5.964117303299373
6.013204688511713
6.062292073724054
6.111379458936394
6.1604668441487345
6.209554229361076
6.258641614573416
6.307728999785756
6.356816384998097
6.405903770210437
6.454991155422778
6.504078540635119
6.553165925847459
6.602253311059799
6.65134069627214
6.700428081484481
6.749515466696821
6.798602851909162
6.847690237121502
6.896777622333842
6.945865007546183
6.994952392758524
7.044039777970864
7.093127163183205
7.142214548395545
7.191301933607885
7.240389318820227
7.289476704032567
7.338564089244907
7.387651474457248
7.436738859669588
7.485826244881928
7.53491363009427
7.58400101530661
7.63308840051895
7.682175785731291
7.731263170943631
7.780350556155972
7.829437941368313
7.878525326580653
7.927612711792993
7.976700097005334
8.025787482217675
8.074874867430015
8.123962252642356
8.173049637854698
8.222137023067038
8.271224408279378
8.320311793491719
8.36939917870406
8.4184865639164
8.46757394912874
8.51666133434108
8.56574871955342
8.614836104765761
8.663923489978101
8.713010875190443
8.762098260402784
8.811185645615124
8.860273030827464
8.909360416039805
8.958447801252145
9.007535186464485
9.056622571676826
9.105709956889166
9.154797342101507
9.203884727313849
9.252972112526189
9.30205949773853
9.35114688295087
9.40023426816321
9.44932165337555
9.49840903858789
9.547496423800231
9.596583809012571
9.645671194224912
9.694758579437252
9.743845964649594
9.792933349861935
9.842020735074275
9.891108120286615
9.940195505498956
9.989282890711296
10.038370275923636
10.087457661135977
10.136545046348317
10.185632431560657
10.234719816773
10.28380720198534
10.33289458719768
10.38198197241002
10.431069357622361
10.480156742834701
10.529244128047042
10.578331513259382
10.627418898471722
10.676506283684063
10.725593668896403
10.774681054108745
10.823768439321086
10.872855824533426
10.921943209745766
10.971030594958107
11.020117980170447
11.069205365382787
11.118292750595128
11.167380135807468
11.216467521019808
11.265554906232149
11.31464229144449
11.363729676656831
11.412817061869172
11.461904447081512
11.510991832293852
11.560079217506193
11.609166602718533
11.658253987930873
11.707341373143214
11.756428758355554
11.805516143567894
11.854603528780236
11.903690913992577
11.952778299204917
12.001865684417258
12.050953069629598
12.100040454841938
12.149127840054279
12.198215225266619
12.24730261047896
12.2963899956913
12.345477380903642
12.394564766115982
12.443652151328322
12.492739536540663
12.541826921753003
12.590914306965344
12.640001692177684
12.689089077390024
12.738176462602365
12.787263847814705
12.836351233027045
12.885438618239387
12.934526003451728
12.983613388664068
13.032700773876408
13.081788159088749
13.13087554430109
13.17996292951343
13.22905031472577
13.27813769993811
13.32722508515045
13.376312470362793
13.425399855575133
13.474487240787473
13.523574625999814
13.572662011212154
13.621749396424494
13.670836781636835
13.719924166849175
13.769011552061516
13.818098937273856
13.867186322486196
13.916273707698538
13.965361092910879
14.014448478123219
14.06353586333556
14.1126232485479
14.16171063376024
14.21079801897258
14.25988540418492
14.308972789397261
14.358060174609601
14.407147559821942
14.456234945034284
14.505322330246624
14.554409715458965
14.603497100671305
14.652584485883645
14.701671871095986
14.750759256308326
14.799846641520666
14.848934026733007
14.898021411945347
14.947108797157687
14.99619618237003
15.04528356758237
15.09437095279471
15.14345833800705
15.192545723219391
15.241633108431731
15.290720493644072
15.339807878856412
15.388895264068752
15.437982649281093
15.487070034493435
15.536157419705775
15.585244804918116
15.634332190130456
15.683419575342796
15.732506960555137
15.781594345767477
15.830681730979817
15.879769116192158
15.928856501404498
15.977943886616838
16.027031271829177
16.07611865704152
16.125206042253858
16.1742934274662
16.22338081267854
16.27246819789088
16.321555583103223
16.37064296831556
16.419730353527903
16.468817738740242
16.517905123952584
16.566992509164923
16.616079894377265
16.665167279589603
16.714254664801945
16.763342050014284
16.812429435226626
16.86151682043897
16.910604205651307
16.95969159086365
17.008778976075988
17.05786636128833
17.10695374650067
17.15604113171301
17.20512851692535
17.25421590213769
17.30330328735003
17.35239067256237
17.401478057774714
17.450565442987052
17.499652828199395
17.548740213411733
17.597827598624075
17.646914983836414
17.696002369048756
17.745089754261095
17.794177139473437
17.84326452468578
17.892351909898117
17.94143929511046
17.990526680322798
18.03961406553514
18.08870145074748
18.13778883595982
18.18687622117216
18.2359636063845
18.28505099159684
18.334138376809182
18.383225762021524
18.432313147233863
18.481400532446205
18.530487917658544
18.579575302870886
18.628662688083224
18.677750073295567
18.726837458507905
18.775924843720247
18.825012228932586
18.874099614144928
18.92318699935727
18.97227438456961
19.02136176978195
19.07044915499429
19.11953654020663
19.16862392541897
19.217711310631312
19.26679869584365
19.315886081055993
19.36497346626833
19.414060851480674
19.463148236693016
19.512235621905354
19.561323007117696
19.610410392330035
19.659497777542377
19.708585162754716
19.757672547967058
19.806759933179396
19.85584731839174
19.904934703604077
19.95402208881642
20.00310947402876
20.0521968592411
20.101284244453442
20.15037162966578
20.199459014878123
20.24854640009046
20.297633785302803
20.346721170515142
20.395808555727484
20.444895940939826
20.493983326152165
20.543070711364507
20.592158096576846
20.641245481789188
20.690332867001526
20.73942025221387
20.788507637426207
20.83759502263855
20.886682407850888
20.93576979306323
20.984857178275572
21.03394456348791
21.083031948700253
21.13211933391259
21.181206719124933
21.230294104337272
21.279381489549614
21.328468874761953
21.377556259974295
21.426643645186633
21.475731030398975
21.524818415611318
21.573905800823656
21.622993186036
21.672080571248337
21.72116795646068
21.770255341673018
21.81934272688536
21.8684301120977
21.91751749731004
21.96660488252238
22.01569226773472
22.064779652947063
22.113867038159402
22.162954423371744
22.212041808584083
22.261129193796425
22.310216579008763
22.359303964221105
22.408391349433444
22.457478734645786
22.506566119858125
22.555653505070467
22.60474089028281
22.653828275495147
22.70291566070749
22.752003045919828
22.80109043113217
22.85017781634451
22.89926520155685
22.94835258676919
22.99743997198153
23.04652735719387
23.095614742406212
23.144702127618554
23.193789512830893
23.242876898043235
23.291964283255574
23.341051668467916
23.390139053680254
23.439226438892597
23.488313824104935
23.537401209317277
23.586488594529616
23.635575979741958
23.6846633649543
23.73375075016664
23.78283813537898
23.83192552059132
23.88101290580366
23.930100291016
23.979187676228342
24.02827506144068
24.077362446653023
24.126449831865365
24.175537217077704
24.224624602290046
24.273711987502384
24.322799372714726
24.371886757927065
24.420974143139407
24.470061528351746
24.519148913564088
24.568236298776426
24.61732368398877
24.66641106920111
24.71549845441345
24.76458583962579
24.81367322483813
24.862760610050472
24.91184799526281
24.960935380475153
25.01002276568749
25.059110150899834
25.108197536112172
