-10.0	5.765171068934086	-0.01735752972954055
-9.97496871088861	5.761068606680492	-0.019382200600243135
-9.949937421777221	5.756544049030369	-0.02178740000046582
-9.924906132665832	5.7515363312382455	-0.02467266748790331
-9.899874843554443	5.745976056755749	-0.02817114400687762
-9.874843554443054	5.73978671051886	-0.03246340273278314
-9.849812265331664	5.732888995907949	-0.03779782411468713
-9.824780976220275	5.725211867742836	-0.04452074554748717
-9.799749687108886	5.7167176554012205	-0.05312082295965896
-9.774718397997496	5.707456571911456	-0.06429254445673938
-9.749687108886107	5.697681907484979	-0.07902020685146673
-9.724655819774718	5.688087440767109	-0.09866443837651297
-9.699624530663328	5.680274408014322	-0.12496449142681318
-9.67459324155194	5.6775699981251915	-0.15966828425609697
-9.64956195244055	5.686041052919256	-0.20306702121559486
-9.62453066332916	5.714214860603944	-0.2504439545570755
-9.599499374217771	5.767567109815255	-0.2879722038386269
-9.574468085106382	5.8374072943573125	-0.2972548320349716
-9.549436795994993	5.900749735996559	-0.2730962069149875
-9.524405506883603	5.940488110152227	-0.2299877871153082
-9.499374217772216	5.95657511867673	-0.18563719123627398
-9.474342928660825	5.957246325743894	-0.1489923682378283
-9.449311639549435	5.950016642113807	-0.12176716786192421
-9.424280350438046	5.9394877336806005	-0.102862316765006
-9.399249061326657	5.928126401893264	-0.09077046702740266
-9.37421777221527	5.917346336215935	-0.08435546123461984
-9.349186483103878	5.908321231716659	-0.08290190594715345
-9.32415519399249	5.902567079119256	-0.08574360467384178
-9.2991239048811	5.902122943954506	-0.09138097892075248
-9.274092615769712	5.9085149093490035	-0.09634198314454524
-9.249061326658325	5.920132794238665	-0.09578677214180444
-9.224030037546934	5.931545418065138	-0.08757147098566631
-9.198998748435546	5.938040995790063	-0.0745900309332191
-9.173967459324155	5.9390621979354865	-0.06117704508313322
-9.148936170212767	5.936461365023343	-0.049709313945425604
-9.123904881101378	5.9321037554098055	-0.04066751369345982
-9.098873591989987	5.927148135657513	-0.033726111047834795
-9.0738423028786	5.922180932977151	-0.0284012315077255
-9.048811013767208	5.917460618926453	-0.024272640455799382
-9.023779724655821	5.913081158694897	-0.021023281354991666
-8.998748435544432	5.90905977510314	-0.018424843531102075
-8.973717146433042	5.90538035320451	-0.016314741222663492
-8.948685857321653	5.902014087343732	-0.01457669272881805
-8.923654568210262	5.898929003029593	-0.01312659405023986
-8.898623279098874	5.896094142595254	-0.011902749179763389
-8.873591989987485	5.89348122140799	-0.010859214601009304
-8.848560700876096	5.891065106521202	-0.00996126302073344
-8.823529411764707	5.888823768129994	-0.00918226688294313
-8.798498122653317	5.886738015456677	-0.0085015325013503
-8.773466833541928	5.884791164290968	-0.007902774995054054
-8.748435544430539	5.882968703329638	-0.007373029712506654
-8.72340425531915	5.881257987538147	-0.006901864619264911
-8.69837296620776	5.879647968086472	-0.006480802898299984
-8.67334167709637	5.878128959747567	-0.006102894300918316
-8.648310387984981	5.876692442918378	-0.005762393113892428
-8.623279098873592	5.8753308960942405	-0.005454513498294206
-8.598247809762203	5.874037654429928	-0.005175241651787024
-8.573216520650814	5.8728067903195456	-0.004921190183358348
-8.548185231539424	5.871633012410534	-0.0046894841917132085
-8.523153942428035	5.87051157998466	-0.004477671406586586
-8.498122653316646	5.869438230124366	-0.004283650780787712
-8.473091364205256	5.868409115510278	-0.004105615372069993
-8.448060075093867	5.867420751059614	-0.003942006404082599
-8.423028785982478	5.866469967917986	-0.0037914761644408657
-8.397997496871088	5.865553873566629	-0.0036528579677306133
-8.3729662077597	5.8646698170097	-0.00352514183946695
-8.34793491864831	5.863815358170125	-0.0034074549043245084
-8.32290362953692	5.862988240753008	-0.003299045717726143
-8.297872340425531	5.862186367938937	-0.003199271985977137
-8.272841051314144	5.861407780348996	-0.0031075912935469296
-8.247809762202753	5.860650635783037	-0.003023554610970619
-8.222778473091363	5.859913190275026	-0.0029468025061076125
-8.197747183979974	5.859193780036466	-0.002877064138493951
-8.172715894868585	5.858490803873686	-0.002814159296776836
-8.147684605757197	5.8578027056696955	-0.002758003962681707
-8.122653316645806	5.8571279565221195	-0.002708620179309479
-8.097622027534417	5.856465036134802	-0.0026661514070083353
-8.072590738423028	5.855812413091249	-0.0026308851270028244
-8.047559449311638	5.855168523730838	-0.0026032852939123358
-8.02252816020025	5.854531749577008	-0.0025840384870564614
-7.9974968710888605	5.853900393777505	-0.0025741194924696342
-7.972465581977473	5.853272658099602	-0.0025748849172281124
-7.947434292866082	5.852646624259597	-0.0025882078487261123
-7.922403003754694	5.8520202479320815	-0.0026166733696631195
-7.897371714643305	5.851391383090691	-0.0026638651440890337
-7.872340425531914	5.8507578733761365	-0.0027347888078411015
-7.8473091364205265	5.850117786415358	-0.0028364994986837533
-7.8222778473091354	5.84946994825685	-0.0029790255158515105
-7.797246558197748	5.8488151029755935	-0.0031766885940390927
-7.772215269086359	5.848158361868384	-0.0034498388352727227
-7.7471839799749675	5.847514244220879	-0.0038266003020475947
-7.72215269086358	5.846916558624284	-0.004342728421026731
-7.697121401752189	5.846435568268868	-0.005033356452635834
-7.672090112640801	5.846198583362801	-0.005901268483149313
-7.647058823529412	5.846381268822489	-0.006841832434525505
-7.622027534418023	5.847087305103457	-0.0075616209914316085
-7.596996245306634	5.848120357729651	-0.007686042856080724
-7.571964956195245	5.8490032806216785	-0.007128551922112272
-7.546933667083856	5.849400651931749	-0.006198086096163943
-7.5219023779724665	5.84932533709906	-0.005250690975548561
-7.496871088861077	5.848948404214058	-0.00445854427516347
-7.471839799749688	5.848420737519383	-0.0038489192164684327
-7.446808510638299	5.84783251273918	-0.0033934075065786967
-7.421777221526909	5.847229123860269	-0.003054746191457902
-7.39674593241552	5.846630973515686	-0.002801684082094219
-7.371714643304131	5.846045959850449	-0.0026111330774132996
-7.346683354192741	5.845476061593223	-0.002466784129297045
-7.321652065081352	5.844920581341766	-0.0023572823606860943
-7.296620775969963	5.844377692282083	-0.0022747478533566567
-7.2715894868585735	5.84384515655612	-0.0022137231427241805
-7.246558197747184	5.843320645246051	-0.0021704615769962687
-7.221526908635795	5.842801869615705	-0.002142458995922608
-7.196495619524406	5.8422866275553265	-0.0021281539061809573
-7.171464330413016	5.841772821144663	-0.0021267442563258354
-7.146433041301627	5.841258483418893	-0.0021380821276224954
-7.121401752190238	5.8407418507345215	-0.002162602576095962
-7.0963704630788484	5.840221511307249	-0.00220120057705836
-7.071339173967459	5.839696576989298	-0.0022548720040322517
-7.04630788485607	5.839166477287704	-0.002323909215259254
-7.0212765957446805	5.838629440157636	-0.0024071691750860713
-6.996245306633291	5.838079914562805	-0.0025037022317906804
-6.971214017521902	5.837509106125582	-0.0026171852163461573
-6.946182728410513	5.836909759736356	-0.0027570916953091884
-6.921151439299123	5.83627810695686	-0.002935278556939605
-6.896120150187734	5.835611771548718	-0.0031645538735103756
-6.871088861076345	5.834908337546307	-0.0034605441290495864
-6.8460575719649555	5.834166007441466	-0.003844599998615583
-6.821026282853566	5.833386061098724	-0.0043470537387951536
-6.795994993742177	5.832577891027247	-0.005011041381662196
-6.770963704630788	5.831769097771447	-0.005896360857331598
-6.745932415519399	5.831025173718495	-0.007079836622527744
-6.720901126408009	5.830483890549737	-0.008640159220293958
-6.69586983729662	5.830397676290034	-0.010597002079153706
-6.670838548185231	5.831121270679386	-0.012763725880859653
-6.645807259073841	5.8328809401294155	-0.014580682460293717
-6.620775969962453	5.835317957493154	-0.015314181105672328
-6.595744680851063	5.837505225029337	-0.014797174538178762
-6.570713391739676	5.838805201808124	-0.013677778534195398
-6.545682102628285	5.839342693265714	-0.012706376037157727
-6.520650813516897	5.839644501898417	-0.012182753750678607
-6.495619524405506	5.840191910968148	-0.011920502955767062
-6.470588235294117	5.841097475310076	-0.011440376118771384
-6.445556946182729	5.8419968090608965	-0.01040871976845216
-6.420525657071338	5.842445883605005	-0.008976812511310883
-6.395494367959951	5.842347018651788	-0.007525506220164027
-6.37046307884856	5.841864474526358	-0.006293536841603303
-6.34543178973717	5.841186349928912	-0.005333852945275844
-6.320400500625783	5.840434482826027	-0.0046127875076811264
-6.295369211514392	5.839671327535477	-0.004078666392993119
-6.270337922403004	5.83892420485427	-0.0036869400453748563
-6.245306633291613	5.838202646549149	-0.00340521486268755
-6.2202753441802265	5.837508041179389	-0.0032121876474744127
-6.195244055068836	5.836838741892921	-0.0030956872685911907
-6.170212765957448	5.836193147068844	-0.0030512916528433603
-6.145181476846059	5.835572474079304	-0.0030816824994240044
-6.120150187734667	5.834984727128049	-0.0031961943692593447
-6.09511889862328	5.834451481624394	-0.0034087036394228054
-6.070087609511891	5.834018153904142	-0.0037287508311913964
-6.0450563204005014	5.833761161630594	-0.0041357688437765605
-6.020025031289112	5.833763207186599	-0.00453285404446617
-5.994993742177721	5.834017598498228	-0.004733620099687891
-5.9699624530663336	5.8343405139267315	-0.004591208642321931
-5.9449311639549425	5.834494152346044	-0.004165549812343627
-5.919899874843555	5.834392929668518	-0.0036480342249256004
-5.894868585732166	5.834095295531182	-0.003178846024363857
-5.869837296620776	5.833688539368053	-0.0028043636192955634
-5.844806007509387	5.833233834664344	-0.002520526334621964
-5.819774718397998	5.832764219269788	-0.0023089983052053537
-5.7947434292866085	5.832295156464097	-0.0021518807581238225
-5.769712140175219	5.831832903383512	-0.002035372553083656
-5.74468085106383	5.831379261097072	-0.0019497232225544198
-5.719649561952441	5.830933994106177	-0.0018883769204726814
-5.694618272841051	5.83049603083146	-0.0018471780951375555
-5.669586983729662	5.830064097147076	-0.0018238183214459858
-5.644555694618273	5.829637152135344	-0.0018174993355243724
-5.619524405506883	5.829214873243637	-0.001828700856518456
-5.594493116395494	5.82879838247988	-0.0018587912839671678
-5.569461827284105	5.828391180756534	-0.0019088732735427771
-5.5444305381727155	5.827999221752637	-0.0019769469875437345
-5.519399249061326	5.827626857678755	-0.0020542160974859336
-5.494367959949937	5.827267259109233	-0.00212793512861785
-5.469336670838549	5.8269003935950145	-0.002197042615939407
-5.444305381727158	5.826510651331436	-0.0022814610980691624
-5.419274092615769	5.826101215206757	-0.002409778635245871
-5.3942428035043815	5.825691435118349	-0.002607398287098217
-5.36921151439299	5.825315206971582	-0.002894861754299996
-5.344180225281603	5.825028808897472	-0.0032816981374239745
-5.319148936170212	5.824916232639576	-0.003740048037554261
-5.2941176470588225	5.825056462006782	-0.00415914458818413
-5.269086357947435	5.825419967623906	-0.004348321545856654
-5.244055068836044	5.82580341867964	-0.004187242583999273
-5.219023779724656	5.82598589830644	-0.0037677294608486483
-5.193992490613266	5.825911994983883	-0.003281473181612607
-5.168961201501876	5.8256517160001104	-0.002852217234346019
-5.1439299123904885	5.825289905551659	-0.0025151240037822736
-5.1188986232791	5.824882972571516	-0.002262384275199328
-5.09386733416771	5.824460850877147	-0.002075397596394718
-5.06883604505632	5.824037568487523	-0.0019369281387984633
-5.043804755944931	5.8236189449459825	-0.0018338024773439099
-5.018773466833542	5.823206848486737	-0.0017565916329017328
-4.993742177722154	5.822801333248392	-0.0016986931490826501
-4.968710888610763	5.822401668617489	-0.0016555052935143671
-4.943679599499373	5.822006821847747	-0.001623817850396489
-4.918648310387985	5.821615676137884	-0.0016013926034987164
-4.893617021276597	5.821227121507454	-0.001586682512111623
-4.868585732165207	5.820840084719362	-0.0015786467337676607
-4.843554443053817	5.82045353014643	-0.0015766313072451132
-4.818523153942427	5.820066446880575	-0.0015802958037925696
-4.793491864831038	5.819677829339007	-0.001589573894524271
-4.768460575719651	5.819286654765705	-0.0016046612854807019
-4.7434292866082615	5.818891859322428	-0.0016260287122545625
-4.71839799749687	5.818492314037474	-0.0016544614428659898
-4.69336670838548	5.818086802526823	-0.0016911307315208568
-4.668335419274092	5.8176740044598905	-0.0017377076693631532
-4.643304130162704	5.817252493282265	-0.001796536840280638
-4.618272841051315	5.81682076611949	-0.0018708973199142442
-4.593241551939924	5.816377343139297	-0.001965393182171593
-4.568210262828536	5.815921013599113	-0.0020865352172495244
-4.543178973717147	5.81545138857901	-0.0022435954330360386
-4.518147684605758	5.814970090911501	-0.0024498124870274973
-4.4931163954943685	5.814483253304717	-0.00272391222941451
-4.468085106382977	5.814006612053253	-0.003091401567419494
-4.44305381727159	5.813575279470735	-0.003583398149310163
-4.418022528160201	5.813259760837393	-0.0042261426164092175
-4.392991239048811	5.813181156729705	-0.005005958222102591
-4.367959949937422	5.813486963079004	-0.0057972723087821865
-4.342928660826031	5.81421614014908	-0.006315061244639597
-4.317897371714643	5.815122517975246	-0.006275887858782775
-4.292866082603254	5.815797990527116	-0.0057063530914124305
-4.267834793491865	5.816039189251287	-0.0049098979977844626
-4.2428035043804755	5.815912818042083	-0.004152181626678408
-4.217772215269086	5.815567679612761	-0.0035380953995509667
-4.192740926157699	5.815117662492708	-0.0030721554064793988
-4.167709637046308	5.814627227936366	-0.002726068676256216
-4.142678347934918	5.814127999973454	-0.0024691601744554204
-4.117647058823529	5.813633971529525	-0.0022768519480076133
-4.09261576971214	5.81315048147619	-0.0021312257562795256
-4.067584480600752	5.812678838348459	-0.0020196209184699943
-4.042553191489361	5.812218577263733	-0.0019331420507360253
-4.017521902377972	5.811768532667859	-0.0018655027485481313
-3.9924906132665825	5.811327335985126	-0.0018122112398159251
-3.967459324155193	5.810893637046698	-0.0017700156700349023
-3.9424280350438052	5.810466193905919	-0.001736529405455406
-3.917396745932415	5.810043900907465	-0.0017099771585446233
-3.8923654568210257	5.809625788799685	-0.001689021490965975
-3.867334167709638	5.809211013182427	-0.0016726429099813422
-3.8423028785982494	5.808798839041102	-0.0016600559810118765
-3.8172715894868587	5.808388624931078	-0.0016506499038436706
-3.7922403003754686	5.807979808328632	-0.0016439459074318319
-3.7672090112640793	5.807571892675588	-0.001639566355527422
-3.7421777221526913	5.80716443618169	-0.001637212113642983
-3.717146433041303	5.806757042246838	-0.0016366458218809443
-3.6921151439299127	5.806349351290162	-0.0016376794480481016
-3.6670838548185225	5.805941033758813	-0.0016401649882697988
-3.6420525657071328	5.805531784100748	-0.0016439875196775922
-3.617021276595745	5.805121315507302	-0.0016490600440721703
-3.5919899874843564	5.804709355254111	-0.0016553197270623987
-3.566958698372966	5.804295640489468	-0.0016627252568780504
-3.541927409261576	5.803879914335832	-0.0016712551361879324
-3.5168961201501876	5.803461922182225	-0.0016809067895602325
-3.4918648310387996	5.803041408053067	-0.001691696426245226
-3.46683354192741	5.802618110941773	-0.0017036596491906142
-3.4418022528160197	5.802191760996444	-0.0017168528509485803
-3.4167709637046295	5.80176207543817	-0.001731355492038178
-3.391739674593241	5.801328754083233	-0.0017472734201728901
-3.366708385481853	5.800891474324173	-0.001764743470306307
-3.341677096370464	5.800449885406003	-0.001783939691525127
-3.3166458072590737	5.800003601811008	-0.0018050816937633662
-3.291614518147683	5.799552195543569	-0.0018284458102231227
-3.2665832290362946	5.799095187087813	-0.0018543800672627953
-3.2415519399249066	5.798632034812691	-0.001883324376958484
-3.2165206508135173	5.798162122643636	-0.0019158379968144956
-3.191489361702127	5.797684745960217	-0.0019526372354343735
-3.166458072590739	5.79719909601578	-0.0019946477959766895
-3.14142678347935	5.7967042439118215	-0.002043078304443391
-3.11639549436796	5.7961991267044635	-0.0020995248731181526
-3.091364205256571	5.7956825413706055	-0.0021661216589343724
-3.0663329161451807	5.79515315881677	-0.0022457602147327727
-3.0413016270337927	5.794609583285175	-0.0023424122509887457
-3.0162703379224034	5.794050509607045	-0.002461607332219895
-2.991239048811014	5.7934750868034826	-0.002611137994120716
-2.966207759699625	5.792883712595116	-0.0028020793382581566
-2.941176470588234	5.792279720257171	-0.003050174366526992
-2.916145181476846	5.791672877732968	-0.003377398626124406
-2.891113892365457	5.791086371884534	-0.003812614314840035
-2.8660826032540676	5.790569530539572	-0.004387451729235936
-2.8410513141426783	5.790215728604102	-0.005116951240074719
-2.816020025031289	5.790167658391315	-0.005947048186330184
-2.790988735919901	5.7905500422364815	-0.006676334061967826
-2.7659574468085104	5.791285335786089	-0.006979445756967129
-2.740926157697121	5.792008727227276	-0.006681906321815256
-2.715894868585732	5.792363301483271	-0.005970451526511433
-2.6908635794743425	5.792283004500241	-0.005169276794438515
-2.6658322903629545	5.791896124568549	-0.004473115421651852
-2.6408010012515644	5.791343941983042	-0.003931862020704335
-2.615769712140175	5.790717806267946	-0.003529120472795244
-2.5907384230287853	5.790065701080938	-0.0032331594865112057
-2.565707133917396	5.789410089721311	-0.0030153639155937884
-2.540675844806008	5.7887603813071795	-0.002854029108283973
-2.515644555694618	5.7881197374746325	-0.0027336265106597535
-2.4906132665832286	5.787488475275085	-0.0026432351291922063
-2.4655819774718406	5.786865705989028	-0.0025751696507360367
-2.440550688360452	5.786250106358613	-0.0025239745762657695
-2.4155193992490616	5.785640271058109	-0.0024857295120301326
-2.3904881101376714	5.785034864699206	-0.002457578664491117
-2.365456821026282	5.784432678839979	-0.0024374128718572807
-2.340425531914894	5.783832644985278	-0.0024236534036986557
-2.3153942428035057	5.783233828226969	-0.002415103460025547
-2.2903629536921155	5.7826354133600315	-0.0024108449399396215
-2.2653316645807253	5.7820366890415915	-0.002410165762238764
-2.2403003754693356	5.781437032487595	-0.002412508037901606
-2.2152690863579476	5.780835895705012	-0.0024174306470292617
-2.190237797246559	5.780232793543293	-0.002424581889588412
-2.165206508135169	5.779627293523516	-0.002433679267553168
-2.140175219023779	5.779019007269747	-0.0024444943755662363
-2.1151439299123904	5.77840758332669	-0.0024568414929784232
-2.0901126408010025	5.777792701149751	-0.00247056888710126
-2.0650813516896127	5.777174066074041	-0.0024855521231329503
-2.0400500625782225	5.7765514050946525	-0.0025016888740517496
-2.0150187734668323	5.775924463316928	-0.0025188948623165175
-1.989987484355444	5.775293000958893	-0.0025371006632530224
-1.9649561952440555	5.774656790808883	-0.0025562491701015266
-1.939924906132667	5.774015616058376	-0.002576293571288246
-1.914893617021277	5.7733692684446565	-0.0025971957273587254
-1.8898623279098858	5.772717546649447	-0.0026189248621142913
-1.8648310387984974	5.772060254909418	-0.0026414565025821013
-1.839799749687109	5.771397201802072	-0.002664771617479328
-1.8147684605757206	5.770728199177035	-0.0026888559151463376
-1.7897371714643304	5.770053061207687	-0.0027136992705204532
-1.764705882352942	5.769371603542398	-0.0027392952572936335
-1.7396745932415527	5.768683642537896	-0.0027656407664581606
-1.7146433041301625	5.767988994560122	-0.002792735696378029
-1.6896120150187741	5.767287475340073	-0.0028205827025883645
-1.664580725907384	5.7665788993739895	-0.0028491869979426487
-1.6395494367959955	5.765863079358657	-0.002878556195647336
-1.6145181476846062	5.765139825653865	-0.0029087001892515035
-1.589486858573217	5.764408945764936	-0.002939631064897627
-1.5644555694618276	5.7636702438389955	-0.0029713630421494275
-1.5394242803504374	5.7629235201692754	-0.0030039124405386725
-1.514392991239049	5.762168570702225	-0.0030372976696738108
-1.4893617021276597	5.761405186542451	-0.003071539241338503
-1.4643304130162704	5.760633153450841	-0.003106659802523587
-1.4392991239048811	5.759852251331279	-0.0031426841887858964
-1.4142678347934918	5.759062253701446	-0.003179639497739778
-1.3892365456821025	5.7582629271431784	-0.0032175551828731302
-1.3642052565707132	5.757454030727761	-0.0032564631682465983
-1.339173967459324	5.756635315411249	-0.003296397985002003
-1.3141426783479346	5.755806523394837	-0.0033373969309806045
-1.2891113892365453	5.754967387444725	-0.0033795002551394032
-1.264080100125157	5.754117630165717	-0.003422751368876667
-1.2390488110137667	5.753256963222078	-0.0034671970868318663
-1.2140175219023774	5.752385086498736	-0.0035128879002357255
-1.1889862327909881	5.751501687194964	-0.003559878286460677
-1.1639549436795988	5.75060643884202	-0.003608227059074584
-1.1389236545682104	5.7496990002350215	-0.0036579977634518673
-1.1138923654568202	5.7487790142682735	-0.0037092591238723494
-1.0888610763454318	5.7478461066618305	-0.0037620855490514415
-1.0638297872340434	5.746899884565442	-0.0038165577042430926
-1.0387984981226523	5.745939935024143	-0.0038727631594608625
-1.013767209011264	5.744965823287662	-0.003930797125034982
-0.9887359198998737	5.743977090943071	-0.003990763287700677
-0.9637046307884853	5.742973253847317	-0.004052774762784317
-0.9386733416770969	5.7419537998325545	-0.0041169551808865334
-0.9136420525657085	5.740918186153227	-0.0041834399308764425
-0.8886107634543183	5.739865836638904	-0.0042523775851281975
-0.8635794743429273	5.738796138511229	-0.004323931537924097
-0.8385481852315388	5.737708438816442	-0.004398281894024136
-0.8135168961201504	5.73660204041704	-0.00447562765181897
-0.788485607008762	5.735476197476462	-0.004556189234586214
-0.7634543178973718	5.7343301103594415	-0.004640211434578934
-0.7384230287859816	5.733162919856932	-0.004727966848539808
-0.7133917396745932	5.731973700628263	-0.0048197599004688035
-0.6883604505632039	5.730761453733474	-0.004915931568984108
-0.6633291614518155	5.729525098105343	-0.005016864963612283
-0.6382978723404253	5.728263460781603	-0.005122991928379658
-0.6132665832290352	5.726975265683592	-0.005234800894234726
-0.5882352941176467	5.725659120684904	-0.005352846256842389
-0.5632040050062583	5.724313502662465	-0.005477759626829198
-0.5381727158948699	5.722936740159262	-0.005610263390545531
-0.5131414267834788	5.721526993210764	-0.005751187137531866
-0.48811013767208866	5.7200822297925225	-0.0059014876652165454
-0.46307884856070025	5.718600198229609	-0.006062273474469401
-0.43804755944931184	5.717078394765663	-0.006234834938808345
-0.41301627033792343	5.715514025312769	-0.006420681689540034
-0.38798498122653324	5.713903960187833	-0.006621589243045095
-0.36295369211514483	5.71224468037698	-0.006839657553334155
-0.33792240300375376	5.710532213550732	-0.0070773850725835
-0.31289111389236535	5.708762057671515	-0.007337763145581003
-0.28785982478097694	5.706929089591049	-0.0076243972987086045
-0.26282853566958675	5.705027455539664	-0.007941664428898293
-0.23779724655819834	5.703050439898172	-0.008294918379722488
-0.21276595744680904	5.7009903082070705	-0.008690761404080219
-0.18773466833541974	5.698838120201396	-0.00913740630935582
-0.16270337922403044	5.6965835091642	-0.009645164823373104
-0.13767209011264026	5.694214425874505	-0.010227113715918723
-0.11264080100125184	5.691716850489349	-0.010900014295254473
-0.08760951188986255	5.6890744870283445	-0.011685597533402453
-0.06257822277847325	5.686268479072592	-0.0126123832711999
-0.03754693366708395	5.68327723462479	-0.01371828860294419
-0.01251564455569465	5.680076548802601	-0.01505441398392443
0.01251564455569465	5.676640418698735	-0.01669059836659001
0.03754693366708395	5.6729433668117695	-0.018723630868107827
0.06257822277847325	5.668965961282871	-0.02128939633072545
0.08760951188986255	5.664707027742333	-0.024580594747745432
0.11264080100125184	5.6602097600499475	-0.028871439351769113
0.13767209011264114	5.655616285172847	-0.034547852349405536
0.16270337922403044	5.651278183246278	-0.042129633275548986
0.18773466833541974	5.647965318023769	-0.052231909896222145
0.21276595744680726	5.6471938645830235	-0.06531075057840288
0.23779724655819834	5.651477998552718	-0.08087259165880037
0.26282853566958764	5.663614136445775	-0.09599620431202206
0.28785982478097694	5.68368163064969	-0.10477081816156798
0.31289111389236623	5.7060147847388345	-0.10224401598315512
0.33792240300375376	5.722828154934273	-0.0900492316676321
0.36295369211514483	5.731080166542256	-0.07438194402570694
0.38798498122653235	5.7325683551802875	-0.059973650932042544
0.41301627033792343	5.730178617119689	-0.04846881012866118
0.43804755944931273	5.725979710940577	-0.03979194404820405
0.46307884856070025	5.721110541607795	-0.03335996337099993
0.4881101376720913	5.716120958371061	-0.028587154031361153
0.5131414267834788	5.7112502891864185	-0.02501426305647947
0.5381727158948699	5.706586816391223	-0.02230899621018828
0.5632040050062574	5.702148980373643	-0.02023707375129663
0.5882352941176467	5.697924819738196	-0.01863386824973909
0.6132665832290378	5.693890656097105	-0.01738290117853311
0.6382978723404253	5.690019722999223	-0.01640081447451762
0.6633291614518164	5.686285970449672	-0.015627158010181524
0.6883604505632039	5.682665574465885	-0.015017491528742141
0.7133917396745932	5.679137374002718	-0.01453870562469839
0.7384230287859808	5.675682826403479	-0.014165818556750434
0.7634543178973718	5.672285766112983	-0.013879757872604384
0.7884856070087629	5.668932101682289	-0.013665804676926269
0.8135168961201504	5.665609512708979	-0.013512488604200595
0.8385481852315397	5.662307172506605	-0.013410793020977016
0.8635794743429273	5.659015505047542	-0.013353576409732087
0.8886107634543183	5.655725976721791	-0.013335146257610661
0.9136420525657059	5.652430920032762	-0.013350941828130666
0.9386733416770969	5.649123385161376	-0.013397295578731011
0.9637046307884862	5.645797015191276	-0.013471252021140717
0.9887359198998737	5.642445941106613	-0.013570428988950861
1.0137672090112648	5.639064693157602	-0.013692910534897643
1.0387984981226523	5.635648125698539	-0.013837163652891685
1.0638297872340434	5.632191353076134	-0.014001973117219957
1.088861076345431	5.628689694559961	-0.014186390226626877
1.1138923654568202	5.625138626657186	-0.014389692317667596
1.1389236545682113	5.6215337414444315	-0.014611350694492584
1.1639549436795988	5.617870709787818	-0.014851005196600833
1.18898623279099	5.614145248516133	-0.015108444051402672
1.2140175219023774	5.610353090768571	-0.015383587976139437
1.2390488110137667	5.606489958865003	-0.015676477733141875
1.264080100125156	5.6025515391477025	-0.015987264524453676
1.2891113892365453	5.598533458324741	-0.01631620275154956
1.3141426783479364	5.594431260909204	-0.01666364477411804
1.339173967459324	5.590240387399219	-0.017030037386671387
1.3642052565707132	5.585956152883066	-0.01741591979895453
1.3892365456821025	5.5815737257833336	-0.0178219229601866
1.4142678347934918	5.577088106476378	-0.01824877011136368
1.4392991239048811	5.5724941055380715	-0.018697278486751887
1.4643304130162704	5.567786321376196	-0.01916836211723419
1.4893617021276597	5.562959117013433	-0.019663035715925425
1.514392991239049	5.558006595783772	-0.020182419651677094
1.5394242803504383	5.5529225756991565	-0.020727746039812367
1.5644555694618276	5.547700562232706	-0.021300366002581464
1.589486858573217	5.542333719249584	-0.02190175817522784
1.6145181476846044	5.536814837796591	-0.02253353855800498
1.6395494367959955	5.531136302436163	-0.023197471840780887
1.6645807259073848	5.525290054779693	-0.023895484355848595
1.6896120150187741	5.5192675538377465	-0.0246296788471604
1.7146433041301634	5.513059732760413	-0.025402351281465146
1.739674593241551	5.506656951488583	-0.02621600997000223
1.764705882352942	5.500048944774974	-0.027073397319946818
1.7897371714643295	5.493224764960875	-0.027977514594519373
1.8147684605757206	5.4861727188089455	-0.028931650131738804
1.83979974968711	5.478880297591318	-0.029939411556974604
1.8648310387984974	5.471334099513685	-0.031004762627093535
1.8898623279098885	5.463519743415493	-0.032132065468457274
1.914893617021276	5.455421772520667	-0.03332612912269216
1.939924906132667	5.447023546816745	-0.034592265500011266
1.9649561952440546	5.438307122406451	-0.03593635406883487
1.989987484355444	5.429253115897708	-0.03736491689404725
2.015018773466835	5.4198405515652075	-0.03888520598948603
2.0400500625782225	5.410046688618331	-0.040505305392783325
2.065081351689613	5.39984682543103	-0.042234250928418565
2.090112640801001	5.3892140770121735	-0.04408217133212125
2.1151439299123904	5.3781191212968675	-0.0460604553126098
2.1401752190237784	5.366529908994302	-0.04818195028693584
2.165206508135169	5.354411330700762	-0.050461200027627134
2.1902377972465596	5.34172483373852	-0.05291473041843758
2.2152690863579476	5.3284279796608	-0.05556139509002808
2.240300375469337	5.314473931513496	-0.0584227961187532
2.265331664580725	5.299810857696106	-0.06152379953275819
2.2903629536921155	5.284381236544117	-0.06489317152233715
2.315394242803503	5.268121042490069	-0.06856436963060894
2.340425531914894	5.250958790793525	-0.07257653472624018
2.3654568210262834	5.232814413360783	-0.07697574557907788
2.3904881101376714	5.213597933223442	-0.0818166203673974
2.415519399249062	5.193207900197974	-0.08716438142831884
2.4405506883604495	5.171529546031311	-0.09309754554058913
2.4655819774718406	5.148432615941099	-0.09971146891740812
2.490613266583228	5.123768838991707	-0.10712307457094383
2.515644555694618	5.097369020464168	-0.11547723644736374
2.5406758448060085	5.069039791778028	-0.12495551584299014
2.565707133917396	5.038560170536954	-0.13578828214204475
2.590738423028787	5.005678331062559	-0.14827176592656965
2.6157697121401746	4.970109498518028	-0.16279238578872446
2.6408010012515644	4.931536932601916	-0.17986190172046013
2.665832290362953	4.889620130700523	-0.20016875237678788
2.6908635794743425	4.844018849217994	-0.2246534453042619
2.7158948685857336	4.7944508105612815	-0.2546187474210416
2.740926157697121	4.7408201350639665	-0.2918864809841355
2.765957446808511	4.683492313296837	-0.3390034374649792
2.7909887359198997	4.623864420096775	-0.39945088748424573
2.816020025031289	4.565487638732922	-0.4776416316612254
2.841051314142678	4.516021936722369	-0.577994738476287
2.8660826032540676	4.489584302380189	-0.7013331105341021
2.8911138923654573	4.505755669931892	-0.8363290655099971
2.916145181476846	4.575823309390168	-0.9502134462056173
2.9411764705882355	4.676654871815883	-1.0010853702049902
2.9662077596996244	4.752775091905621	-0.98024499861944
2.991239048811014	4.76469248275521	-0.9247313436315637
3.0162703379224016	4.7126543536382375	-0.8776442828877593
3.0413016270337927	4.614945818169991	-0.8618656951541713
3.066332916145182	4.487502218154888	-0.8848348759731299
3.091364205256571	4.339424004854585	-0.9492899051642296
3.1163954943679606	4.175205600914579	-1.0594066090313827
3.141426783479348	3.9978956294930073	-1.2236105467023943
3.166458072590739	3.812417577868036	-1.4563128533192795
3.1914893617021267	3.6302333482710214	-1.7793877922488213
3.2165206508135173	3.477480671722263	-2.222460021340429
3.241551939924907	3.409128154342992	-2.8176327010591873
3.2665832290362946	3.527997261018075	-3.5768741335917236
3.2916145181476857	3.9872230603333962	-4.433144477046778
3.316645807259073	4.9094435749587895	-5.15915511504581
3.341677096370464	6.187162354465946	-5.41051093610662
3.366708385481852	7.420127259877997	-5.030977182940989
3.391739674593241	8.250691555073189	-4.242604890317794
3.416770963704632	8.633474283599762	-3.3831693446871753
3.4418022528160197	8.710542774119112	-2.6434550011990847
3.4668335419274103	8.627558830495621	-2.0673654956472927
3.4918648310387983	8.476533693463933	-1.634839607366861
3.5168961201501876	8.305272817006863	-1.312219209627572
3.5419274092615756	8.135994798185646	-1.0698305373649803
3.566958698372966	7.9779245857414045	-0.8853268872244937
3.591989987484357	7.834096870373495	-0.7427546803878473
3.617021276595745	7.7047427995427675	-0.6308941708164674
3.642052565707134	7.588917389949478	-0.541841750631958
3.667083854818522	7.485263757301627	-0.46997811448728394
3.6921151439299127	7.392361097609427	-0.4112574050285794
3.7171464330413	7.308873558636363	-0.3627260241221325
3.7421777221526913	7.233604896489858	-0.32219730822849113
3.7672090112640806	7.165509628804981	-0.2880301288655215
3.7922403003754686	7.1036851909804035	-0.2589766476395747
3.817271589486859	7.047356848536174	-0.2340763485478004
3.8423028785982467	6.995860877041784	-0.21258133309508767
3.867334167709638	6.948628462720366	-0.19390297597702433
3.8923654568210253	6.905171289068557	-0.17757335363760324
3.917396745932415	6.865069066797135	-0.16321701626611068
3.9424280350438057	6.827958943788635	-0.1505300904557808
3.967459324155193	6.793526602174256	-0.13926463896287133
3.9924906132665843	6.761498812176085	-0.1292168335437648
4.017521902377972	6.731637217272446	-0.12021792362443981
4.042553191489361	6.703733147685759	-0.11212727618262869
4.06758448060075	6.677603287034133	-0.1048269651225843
4.09261576971214	6.65308604457695	-0.09821753064687949
4.117647058823531	6.630038510432236	-0.09221462987641232
4.142678347934918	6.608333892674449	-0.08674637205951628
4.167709637046308	6.58785935332168	-0.08175118379671982
4.192740926157697	6.568514175203659	-0.07717608768992101
4.217772215269086	6.550208203991378	-0.07297530576817543
4.2428035043804755	6.532860519697321	-0.06910911977429023
4.267834793491865	6.516398300117334	-0.06554293590228831
4.292866082603254	6.500755845322599	-0.0622465132623026
4.317897371714643	6.485873737709804	-0.05919332422216658
4.342928660826033	6.4716981165154	-0.05636002155864818
4.367959949937422	6.45818004928801	-0.053725992572628806
4.392991239048811	6.445274985747089	-0.05127298436720715
4.418022528160199	6.432942281860997	-0.04898478764023169
4.44305381727159	6.421144783954316	-0.04684696881457741
4.468085106382979	6.409848464283239	-0.04484664227877985
4.4931163954943685	6.399022100864526	-0.042972276056688824
4.518147684605758	6.38863699545942	-0.04121352545808771
4.543178973717145	6.378666724542018	-0.0395610902520261
4.568210262828536	6.369086918855494	-0.03800659170442504
4.593241551939924	6.359875067807196	-0.036542466473231505
4.618272841051315	6.35101034549861	-0.035161874891476375
4.643304130162704	6.342473455647179	-0.03385862161867839
4.668335419274092	6.334246493053112	-0.03262708702819443
4.693366708385483	6.326312819612908	-0.03146216804519325
4.71839799749687	6.318656953205535	-0.030359227480843992
4.7434292866082615	6.311264468110355	-0.02931405125090643
4.768460575719649	6.304121906017252	-0.028322813255084345
4.793491864831038	6.2972166972729635	-0.027382048165523476
4.818523153942429	6.290537093005922	-0.02648863295313217
4.843554443053817	6.28407211066253	-0.0256397786022919
4.868585732165208	6.27781149924475	-0.024833033699728932
4.8936170212765955	6.271745737993992	-0.024066299768601848
4.918648310387985	6.265866096097999	-0.02333784884365557
4.943679599499372	6.260164801061448	-0.022646300699016297
4.968710888610763	6.25463536505242	-0.021990422274333177
4.9937421777221545	6.249272973063056	-0.021368416027918488
5.018773466833542	6.24407419829899	-0.02077629322350731
5.043804755944931	6.239034289911858	-0.02020623450297171
5.068836045056319	6.234142380158521	-0.019649167784410476
5.09386733416771	6.229382341363211	-0.019102595132374667
5.118898623279097	6.224741782765345	-0.01857231476537148
5.1439299123904885	6.220215893330001	-0.01806496613585916
5.168961201501878	6.215803296175693	-0.01758356533755419
5.193992490613265	6.211502534581608	-0.017128563825326612
5.219023779724656	6.207311520373944	-0.016699796596875732
5.244055068836044	6.203228304850058	-0.016297482462824767
5.269086357947435	6.199252279245313	-0.01592231340562457
5.2941176470588225	6.1953856266847955	-0.015574400387458887
5.319148936170212	6.19163414275917	-0.015250057946816276
5.344180225281603	6.188003851957729	-0.0149363462013576
5.36921151439299	6.184489280817953	-0.014610483825142712
5.3942428035043815	6.181064534878982	-0.014256309411280255
5.419274092615769	6.177699857248324	-0.013882317984652864
5.444305381727158	6.174384362144397	-0.013510413195077647
5.469336670838548	6.171122966088442	-0.013155413210802894
5.494367959949937	6.167923156115448	-0.012821509680836077
5.519399249061328	6.164789318716301	-0.012507507568001966
5.5444305381727155	6.161722766272716	-0.012210795599223029
5.569461827284105	6.158722970211771	-0.011928895334178735
5.594493116395494	6.155788490952199	-0.011659822073525006
5.619524405506883	6.152917495921071	-0.011402057686898615
5.644555694618273	6.1501080186080905	-0.011154442067177722
5.669586983729662	6.147358081570983	-0.010916072766657861
5.694618272841051	6.144665752327507	-0.01068622978734901
5.719649561952441	6.142029166789559	-0.010464322765572256
5.74468085106383	6.139446536790031	-0.01024985467274643
5.769712140175219	6.136916149843949	-0.0100423977853865
5.7947434292866085	6.134436366827233	-0.009841578673305276
5.819774718397996	6.132005620476643	-0.009647067109395127
5.844806007509387	6.1296224125470875	-0.009458565971686386
5.869837296620776	6.127285308863431	-0.009275803920834491
5.894868585732166	6.124992934522512	-0.00909853109888982
5.919899874843555	6.122743970065473	-0.008926516253969785
5.9449311639549425	6.120537148229584	-0.008759544445872292
5.9699624530663336	6.118371250982313	-0.008597415155042212
5.994993742177721	6.116245106751066	-0.008439940745929436
6.020025031289112	6.11415758782908	-0.008286945231058357
6.0450563204005014	6.112107607945456	-0.008138263281715519
6.07008760951189	6.110094119984099	-0.007993739441443715
6.09511889862328	6.108116113834086	-0.00785322751154377
6.120150187734667	6.106172614353273	-0.007716590090184605
6.145181476846059	6.104262679427267	-0.007583698258198324
6.170212765957445	6.102385398106516	-0.007454431416050233
6.195244055068836	6.100539888805342	-0.007328677289152735
6.2202753441802265	6.098725297548258	-0.007206332134389745
6.245306633291613	6.096940796252028	-0.007087301201853968
6.270337922403005	6.0951855810383	-0.006971499535896028
6.295369211514392	6.093458870584803	-0.006858853244025756
6.320400500625783	6.0917599045503135	-0.006749301429297139
6.3454317897371695	6.090087942164027	-0.006642799084419462
6.37046307884856	6.0884422611828235	-0.006539321403347023
6.395494367959952	6.086822157649756	-0.006438870205746058
6.420525657071338	6.085226947358111	-0.0063414835226717065
6.445556946182729	6.083655970897245	-0.006247249867978755
6.470588235294116	6.082108606170223	-0.006156329208957451
6.495619524405506	6.080584296422755	-0.0060689825805281955
6.520650813516895	6.079082610113602	-0.0059856095477078125
6.545682102628285	6.077603363989063	-0.005906780488614982
6.570713391739676	6.076146860252562	-0.0058332095777953175
6.5957446808510625	6.074714276809296	-0.005765502216044105
6.620775969962453	6.073308041663452	-0.005703305717713381
6.645807259073841	6.071931256568643	-0.005643554505074408
6.670838548185231	6.070584420420227	-0.005579283915473729
6.695869837296622	6.069261079650917	-0.005503516899560065
6.720901126408009	6.067950754180414	-0.00541684498898401
6.745932415519399	6.066647936617864	-0.005326731385643074
6.770963704630788	6.065353800969666	-0.005239816400075856
6.795994993742178	6.064071642460949	-0.005158854877069213
6.821026282853566	6.062804044829516	-0.005084177047866845
6.8460575719649555	6.061552620345621	-0.005015298469218318
6.871088861076346	6.0603185468734555	-0.00495146827296826
6.896120150187734	6.059102885878574	-0.004891395474564214
6.921151439299124	6.0579060271478795	-0.004832736209268662
6.946182728410513	6.056726326222126	-0.004772750030203915
6.971214017521902	6.055560273651354	-0.00471065081839088
6.996245306633291	6.054405250544432	-0.004648285172502875
7.0212765957446805	6.053260885668221	-0.004587863318657889
7.046307884856071	6.05212783352047	-0.004530445600409591
7.071339173967459	6.051006617772952	-0.004476183211348614
7.0963704630788484	6.049897365668363	-0.004424891101427478
7.121401752190238	6.048799908334053	-0.004376349260818521
7.146433041301627	6.047713905995306	-0.004330398480044628
7.171464330413016	6.046638925459324	-0.004286954941802576
7.196495619524406	6.045574478851414	-0.004246003063477513
7.221526908635795	6.044520040110392	-0.004207586676276173
7.246558197747184	6.043475049791355	-0.004171803763060519
7.2715894868585735	6.04243891364943	-0.0041388055133839
7.296620775969963	6.041410997596394	-0.004108799504435726
7.321652065081352	6.040390620148033	-0.004082056909816598
7.3466833541927405	6.039377042740314	-0.004058924014468959
7.371714643304131	6.038369457914777	-0.004039838788823899
7.39674593241552	6.03736697517938	-0.004025353849443497
7.421777221526909	6.036368604269735	-0.004016167877791327
7.446808510638299	6.035373235564589	-0.0040131686003393036
7.471839799749687	6.034379617608609	-0.004017491928074102
7.496871088861077	6.033386332215592	-0.004030604080193942
7.521902377972466	6.032391768780592	-0.004054416892110946
7.546933667083856	6.031394101857117	-0.004091451680538524
7.571964956195245	6.030391281046728	-0.0041450750035333245
7.5969962453066335	6.029381052443244	-0.004219841868340249
7.622027534418024	6.028361051738281	-0.004322000293002878
7.647058823529412	6.027329052039311	-0.004460237198108383
7.672090112640802	6.026283538349647	-0.004646777316891282
7.697121401752189	6.0252249646780935	-0.004898966382166539
7.72215269086358	6.024158424426591	-0.005241404234741523
7.74718397997497	6.023099184401624	-0.005708293504797082
7.772215269086359	6.022083685707713	-0.006344180057800533
7.797246558197749	6.021189344876409	-0.007196763823826752
7.8222778473091354	6.0205613569565095	-0.008285068627307754
7.8473091364205265	6.020415985596375	-0.00951623646962678
7.872340425531913	6.020925772424849	-0.01057096004285428
7.897371714643305	6.021936996606948	-0.010965841970989362
7.922403003754695	6.022882810869759	-0.010486522639127777
7.947434292866082	6.023259613129716	-0.009455723683329587
7.972465581977473	6.023008706845215	-0.00836125490456463
7.99749687108886	6.022341782992983	-0.007485567983783109
8.022528160200253	6.021486908469942	-0.006904848146383369
8.047559449311638	6.02061606772728	-0.0065976464901980475
8.072590738423028	6.01986115467997	-0.006492347518342295
8.09762202753442	6.0193102393962326	-0.006456481723341248
8.122653316645806	6.018942134866064	-0.006311256202002222
8.147684605757199	6.018596387719757	-0.005954011043049212
8.172715894868585	6.018110651187112	-0.005452454231603218
8.197747183979974	6.017452348907521	-0.004942533611312652
8.222778473091363	6.016677090691117	-0.0045052937905700335
8.247809762202753	6.015846714235984	-0.004158165936269317
8.272841051314145	6.015000577741287	-0.003889855067341963
8.297872340425531	6.014158487236795	-0.003683117953703713
8.32290362953692	6.01332879709028	-0.003522901681754509
8.34793491864831	6.012514062978557	-0.003397887642070635
8.3729662077597	6.011714111671579	-0.0033000294457661145
8.397997496871088	6.010927556845069	-0.0032237538740848004
8.423028785982478	6.010152509990996	-0.003165284686945949
8.448060075093867	6.009386895726468	-0.0031221601985486347
8.473091364205256	6.008628575979115	-0.0030929165631776306
8.498122653316646	6.007875382138478	-0.00307689702941194
8.523153942428035	6.007125102943784	-0.003074157396193683
8.548185231539424	6.0063754516659875	-0.0030854509728075186
8.573216520650814	6.005624025601367	-0.0031122886618557694
8.598247809762203	6.004868268124808	-0.0031570818377106152
8.623279098873592	6.004105446960959	-0.0032233892822939036
8.648310387984981	6.003332673674473	-0.003316306959988427
8.67334167709637	6.002547014714579	-0.0034430636324059016
8.69837296620776	6.001745797511565	-0.0036139184441982414
8.72340425531915	6.000927325640435	-0.003843496151091086
8.748435544430539	6.000092446009679	-0.004152719339493849
8.773466833541928	5.999247877081324	-0.004571413317034978
8.798498122653317	5.998413101374075	-0.005141156586894652
8.823529411764707	5.997634052976948	-0.005916084685089543
8.848560700876096	5.997007706743047	-0.00695373761034547
8.873591989987485	5.996715174024889	-0.008275119278515652
8.898623279098874	5.9970249499600765	-0.009760951315197053
8.92365456821026	5.998148697371588	-0.011010318203125105
8.948685857321653	5.999891046534625	-0.011421748448554134
8.973717146433042	6.0015484068589915	-0.0107308558136259
8.998748435544432	6.002501511385915	-0.009332969090335555
9.023779724655821	6.002677944275917	-0.00781715447623002
9.048811013767207	6.002327777545788	-0.006512814707452214
9.0738423028786	6.001704576853028	-0.005494374497764146
9.098873591989985	6.000967902928469	-0.004726111878417039
9.123904881101378	6.000200489619137	-0.004149230818400837
9.148936170212767	5.999440716455496	-0.0037120724286716367
9.173967459324153	5.998704461790208	-0.003375780469650355
9.198998748435546	5.997996889332109	-0.0031126290095953857
9.224030037546932	5.997318311819078	-0.002903123768752458
9.249061326658325	5.996667007955579	-0.00273353438569858
9.27409261576971	5.996040544981493	-0.0025941005339089607
9.2991239048811	5.99543638065559	-0.0024777967266275958
9.324155193992492	5.9948521205326895	-0.002379496429781802
9.349186483103878	5.994285612118112	-0.0022954070646429986
9.374217772215271	5.9937349636936705	-0.0022226856253168142
9.399249061326657	5.993198530249532	-0.0021591745099613507
9.424280350438046	5.992674886886369	-0.0021032178389086276
9.449311639549435	5.992162799267242	-0.0020535321888345004
9.474342928660825	5.991661195444932	-0.002009114519351138
9.499374217772218	5.991169140866937	-0.001969175705256246
9.524405506883603	5.990685817081555	-0.001933091503299053
9.549436795994993	5.990210503441955	-0.0019003646555135756
9.574468085106382	5.9897425585378805	-0.001870593804783785
9.599499374217771	5.9892813959059445	-0.0018434516288448888
9.62453066332916	5.988826459532934	-0.0018186837060907568
9.64956195244055	5.988377223183172	-0.0017961207676727847
9.67459324155194	5.987933206429616	-0.001775668929009322
9.699624530663328	5.987493968853086	-0.0017572848661589063
9.724655819774718	5.987059088035917	-0.0017409687158931042
9.749687108886107	5.986628143498646	-0.0017267728123005754
9.774718397997496	5.986200707818334	-0.001714814739711995
9.799749687108886	5.985776339894032	-0.0017052931601582721
9.824780976220275	5.985354578458549	-0.0016985095000955075
9.849812265331664	5.984934936333063	-0.0016948995203693723
9.874843554443054	5.984516897423158	-0.0016950799047276838
9.899874843554443	5.984099920614714	-0.0016999172748955738
9.924906132665832	5.98368345907548	-0.0017106307564096201
9.949937421777221	5.983267012480398	-0.0017289445830901556
9.97496871088861	5.982850248384394	-0.001757313712138206
10.0	5.982433267700113	-0.0017992491579972153
