-10.0	0.010953453571826977	-0.002843258927520839
-9.97496871088861	0.010239242325087439	-0.0028673546022001117
-9.949937421777221	0.009518957936125005	-0.002891824387489958
-9.924906132665832	0.008792510356918193	-0.002916673888680568
-9.899874843554443	0.008059807799920549	-0.0029419115441414595
-9.874843554443054	0.007320756392720007	-0.002967548755248406
-9.849812265331664	0.006575259816068879	-0.0029936002688504826
-9.824780976220275	0.005823218929606355	-0.003020084847920948
-9.799749687108886	0.005064531393777827	-0.003047026312434517
-9.774718397997496	0.004299091318977766	-0.0030744550909337365
-9.749687108886107	0.0035267890180232797	-0.0031024105046429107
-9.724655819774718	0.0027475110280708037	-0.0031309441280086003
-9.699624530663328	0.0019611407511916923	-0.003160124753425239
-9.67459324155194	0.0011675604381071736	-0.0031900457560606055
-9.64956195244055	0.0003666560145640929	-0.0032208360093205907
-9.62453066332916	-0.00044167214445245406	-0.0032526758395848426
-9.599499374217771	-0.0012574860856835457	-0.003285819335365925
-9.574468085106382	-0.00208076183739081	-0.0033206218495294287
-9.549436795994993	-0.002911291082707379	-0.003357561050676361
-9.524405506883603	-0.003748494610001707	-0.0033972055478651564
-9.499374217772216	-0.004591126023425929	-0.0034399944432498414
-9.474342928660825	-0.005437030302237744	-0.0034855403616063235
-9.449311639549435	-0.006283738456178689	-0.0035312950169603396
-9.424280350438046	-0.007131121774267335	-0.003571944136673
-9.399249061326657	-0.007984266950880503	-0.003602821350541796
-9.37421777221527	-0.008850459771222674	-0.0036251560663288357
-9.349186483103878	-0.009732830549186389	-0.0036445602239390806
-9.32415519399249	-0.010629977094863463	-0.003665484324164095
-9.2991239048811	-0.011539377842762377	-0.003689541462432777
-9.274092615769712	-0.012459228376292764	-0.003716712618155524
-9.249061326658325	-0.013388586235383748	-0.003746482159649178
-9.224030037546934	-0.014327063243723792	-0.003778321659131237
-9.198998748435546	-0.01527456624668222	-0.0038118169086156367
-9.173967459324155	-0.01623114742389742	-0.0038466709506689845
-9.148936170212767	-0.017196927863858846	-0.0038826780012823775
-9.123904881101378	-0.018172060439508364	-0.003919697339009695
-9.098873591989987	-0.019156712256181763	-0.0039576334015601344
-9.0738423028786	-0.020151056592502492	-0.003996421862227054
-9.048811013767208	-0.021155269401340604	-0.004036020182642278
-9.023779724655821	-0.022169527986068083	-0.004076401257579784
-8.998748435544432	-0.02319401070060856	-0.004117549138098392
-8.973717146433042	-0.02422889711758991	-0.004159456146447263
-8.948685857321653	-0.02527436839774566	-0.004202120932232878
-8.923654568210262	-0.02633060773510998	-0.004245547178899342
-8.898623279098874	-0.027397800821908902	-0.004289742775947389
-8.873591989987485	-0.028476136310451317	-0.004334719344401425
-8.848560700876096	-0.02956580626459271	-0.004380492054412488
-8.823529411764707	-0.03066700659788335	-0.004427079714275056
-8.798498122653317	-0.03177993749261354	-0.004474505146898025
-8.773466833541928	-0.03290480378197724	-0.004522795909044364
-8.748435544430539	-0.03404181525320027	-0.004571985456209224
-8.72340425531915	-0.03519118678545041	-0.004622114919357448
-8.69837296620776	-0.036353138164416876	-0.004673235761043226
-8.67334167709637	-0.037527893258030076	-0.004725413788532681
-8.648310387984981	-0.0387156777290425	-0.004778735365060044
-8.623279098873592	-0.039916713219429134	-0.004833316774640467
-8.598247809762203	-0.041131204188446624	-0.004889317038199836
-8.573216520650814	-0.042359310699630726	-0.004946953261057291
-8.548185231539424	-0.043601093749160214	-0.005006512687834294
-8.523153942428035	-0.04485641103885829	-0.005068336540297785
-8.498122653316646	-0.0461247494824093	-0.005132699723340323
-8.473091364205256	-0.04740508197531046	-0.005199424234923478
-8.448060075093867	-0.0486961803062238	-0.00526712326381179
-8.423028785982478	-0.04999809546563583	-0.005332813347262821
-8.397997496871088	-0.05131385189685833	-0.005393784431358323
-8.3729662077597	-0.05264784486585583	-0.005450650731822632
-8.34793491864831	-0.05400216678282721	-0.005506619423149783
-8.32290362953692	-0.055376279671610185	-0.005564300629146202
-8.297872340425531	-0.056768964441822334	-0.005624676544238219
-8.272841051314144	-0.058179406269327494	-0.005687775581459303
-8.247809762202753	-0.05960729229286432	-0.005753331750576393
-8.222778473091363	-0.06105263714087972	-0.005821069267588089
-8.197747183979974	-0.06251563313120467	-0.005890778583999445
-8.172715894868585	-0.06399656318372227	-0.005962319392378471
-8.147684605757197	-0.06549575580026623	-0.006035606298918708
-8.122653316645806	-0.06701356210737242	-0.0061105941411774
-8.097622027534417	-0.068550342924377	-0.0061872659183059425
-8.072590738423028	-0.07010645978604035	-0.00626562100891509
-8.047559449311638	-0.07168227009538253	-0.006345658368058546
-8.02252816020025	-0.07327813792613735	-0.006427352567898892
-7.9974968710888605	-0.07489447674116168	-0.00651064639441952
-7.972465581977473	-0.07653178735761212	-0.006595507280803395
-7.947434292866082	-0.07819060229894426	-0.006681998752033472
-7.922403003754694	-0.0798713965059541	-0.006770244394688776
-7.897371714643305	-0.081574593296172	-0.006860347508284487
-7.872340425531914	-0.08330061551509083	-0.0069523732261948246
-7.8473091364205265	-0.08504990965474235	-0.007046367566487494
-7.8222778473091354	-0.08682294705523308	-0.007142373007614236
-7.797246558197748	-0.08862021979554413	-0.00724043473711361
-7.772215269086359	-0.09044223759981307	-0.007340602160636811
-7.7471839799749675	-0.09228952634021681	-0.007442928846414856
-7.72215269086358	-0.09416262757137606	-0.007547472145573483
-7.697121401752189	-0.09606209861930282	-0.007654292854129316
-7.672090112640801	-0.09798851295505884	-0.007763454987074356
-7.647058823529412	-0.09994246071713686	-0.007875025653900011
-7.622027534418023	-0.10192454931703399	-0.007989075010173721
-7.596996245306634	-0.10393540409783508	-0.008105676261498523
-7.571964956195245	-0.10597566903640221	-0.008224905700343552
-7.546933667083856	-0.1080460074976175	-0.008346842766748505
-7.5219023779724665	-0.110147103050946	-0.008471570154018435
-7.496871088861077	-0.11227966030704284	-0.008599173992479128
-7.471839799749688	-0.11444440570624881	-0.008729744053194169
-7.446808510638299	-0.11664208832335277	-0.008863373874119132
-7.421777221526909	-0.11887348079590421	-0.009000160866047394
-7.39674593241552	-0.12113938033889138	-0.00914020649131557
-7.371714643304131	-0.12344060978292148	-0.009283616500866565
-7.346683354192741	-0.1257780186374644	-0.009430501196385735
-7.321652065081352	-0.1281524841964501	-0.009580975716808923
-7.296620775969963	-0.13056491269131243	-0.009735160363610038
-7.2715894868585735	-0.13301624048552085	-0.009893180983719815
-7.246558197747184	-0.13550743529240306	-0.010055169434553715
-7.221526908635795	-0.13803949737567311	-0.010221264164325408
-7.196495619524406	-0.14061346064556357	-0.010391610948702237
-7.171464330413016	-0.1432303934673782	-0.010566363815703542
-7.146433041301627	-0.1458913988105075	-0.010745686107794111
-7.121401752190238	-0.1485976130406872	-0.010929751296727214
-7.0963704630788484	-0.1513502023282567	-0.011118742106508678
-7.071339173967459	-0.15415035642258434	-0.011312843820132854
-7.04630788485607	-0.15699928572580468	-0.011512223797876878
-7.0212765957446805	-0.15989824550406784	-0.011716995919272083
-6.996245306633291	-0.1628486155384472	-0.011927216226451015
-6.971214017521902	-0.1658519633058706	-0.012142991644985252
-6.946182728410513	-0.16890993815941613	-0.012364602484569817
-6.921151439299123	-0.17202412025048108	-0.012592430150291975
-6.896120150187734	-0.1751960417181575	-0.012826818428636352
-6.871088861076345	-0.1784272812042369	-0.013068047637255359
-6.8460575719649555	-0.18171951005562148	-0.013316373799192094
-6.821026282853566	-0.185074493080434	-0.013572064033632161
-6.795994993742177	-0.1884940744617727	-0.013835407732160368
-6.770963704630788	-0.19198017290200786	-0.014106712089883788
-6.745932415519399	-0.1955347865715149	-0.01438629948597668
-6.720901126408009	-0.19915999852236022	-0.014674509230948957
-6.69586983729662	-0.20285798062576044	-0.014971699783859524
-6.670838548185231	-0.20663099738662538	-0.015278250299288199
-6.645807259073841	-0.21048141029212797	-0.015594561857930817
-6.620775969962453	-0.21441168274129518	-0.015921058720238246
-6.595744680851063	-0.21842438547499654	-0.01625818974620931
-6.570713391739676	-0.22252220244526733	-0.016606430033863903
-6.545682102628285	-0.2267079370876668	-0.016966282811411285
-6.520650813516897	-0.23098451895197547	-0.01733828163203606
-6.495619524405506	-0.23535501058709185	-0.017722992925432737
-6.470588235294117	-0.23982261447427033	-0.01812101892477916
-6.445556946182729	-0.24439067960867522	-0.018533000893037374
-6.420525657071338	-0.24906270692695553	-0.018959622179072322
-6.395494367959951	-0.25384235239114306	-0.019401609273667395
-6.37046307884856	-0.25873342769939134	-0.01985972568149459
-6.34543178973717	-0.2637399067256605	-0.020334749040671007
-6.320400500625783	-0.26886596774800253	-0.020827432056941514
-6.295369211514392	-0.2741161017433287	-0.021338507870614518
-6.270337922403004	-0.2794951885977688	-0.021868831570788325
-6.245306633291613	-0.2850083704305697	-0.022419518048770987
-6.2202753441802265	-0.2906608969635798	-0.022991846348427852
-6.195244055068836	-0.29645817775598005	-0.023587109436994186
-6.170212765957448	-0.3024059035502855	-0.024206600029349906
-6.145181476846059	-0.30851010748294305	-0.024851659575452503
-6.120150187734667	-0.31477718573266733	-0.025523715964520605
-6.09511889862328	-0.32121391185832593	-0.02622430343976624
-6.070087609511891	-0.32782745583420736	-0.02695507457053846
-6.0450563204005014	-0.33462540857183365	-0.027717810399920148
-6.020025031289112	-0.3416158109374936	-0.028514431152219577
-5.994993742177721	-0.34880718656467247	-0.029347008277939804
-5.9699624530663336	-0.3562085781908637	-0.03021777805822476
-5.9449311639549425	-0.3638295875592297	-0.031129156752492837
-5.919899874843555	-0.3716804193274612	-0.03208375706035181
-5.894868585732166	-0.3797719303589404	-0.0330844057819817
-5.869837296620776	-0.3881156867106639	-0.03413416452148989
-5.844806007509387	-0.39672402707724874	-0.03523635851945174
-5.819774718397998	-0.40561012446362366	-0.03639461241049971
-5.7947434292866085	-0.41478804824384286	-0.0376128806646812
-5.769712140175219	-0.4242728415436474	-0.038895474778478475
-5.74468085106383	-0.4340806136219699	-0.040247100102807604
-5.719649561952441	-0.4442286398426947	-0.041672902825561214
-5.694618272841051	-0.45473546949739285	-0.04317852336713052
-5.669586983729662	-0.4656210444483033	-0.04477015592439494
-5.644555694618273	-0.47690683053332394	-0.04645461529319485
-5.619524405506883	-0.48861596309585087	-0.04823941131052832
-5.594493116395494	-0.5007734093545952	-0.05013282913285076
-5.569461827284105	-0.5134061570082249	-0.05214401206063812
-5.5444305381727155	-0.5265434517385268	-0.05428305521153505
-5.519399249061326	-0.5402170929763548	-0.056561157778504595
-5.494367959949937	-0.5544617117666508	-0.058990868707751304
-5.469336670838549	-0.5693149740108181	-0.061586311340061275
-5.444305381727158	-0.5848178577008638	-0.06436331396413844
-5.419274092615769	-0.6010150839494655	-0.06733958892560218
-5.3942428035043815	-0.6179556069067709	-0.07053502534544143
-5.36921151439299	-0.6356931255868687	-0.07397204076324973
-5.344180225281603	-0.6542866631362441	-0.0776759546456795
-5.319148936170212	-0.6738012966427731	-0.08167540351768249
-5.2941176470588225	-0.694309100916862	-0.08600292907916433
-5.269086357947435	-0.7158901468365291	-0.09069590582542715
-5.244055068836044	-0.7386333095610822	-0.09579758080056444
-5.219023779724656	-0.7626372315828451	-0.10135790479608235
-5.193992490613266	-0.7880118321364242	-0.10743451994174524
-5.168961201501876	-0.8148801590652335	-0.11409424955394591
-5.1439299123904885	-0.8433804353272114	-0.12141503380612875
-5.1188986232791	-0.8736683982949573	-0.12948829203586038
-5.09386733416771	-0.9059200595204357	-0.13842183076475956
-5.06883604505632	-0.9403349912559302	-0.148343481356845
-5.043804755944931	-0.977140249972539	-0.15940570135960114
-5.018773466833542	-1.0165950678876658	-0.17179144602977264
-4.993742177722154	-1.058996471093721	-0.18572172360959074
-4.968710888610763	-1.1046860134974867	-0.2014654017932181
-4.943679599499373	-1.154057846402944	-0.21935205330929736
-4.918648310387985	-1.2075683681155773	-0.23978894683123136
-4.893617021276597	-1.2657477033181426	-0.2632837537074609
-4.868585732165207	-1.3292132212213588	-0.29047522588680075
-4.843554443053817	-1.3986851605590553	-0.3221751222080277
-4.818523153942427	-1.4750040809262908	-0.35942620144891757
-4.793491864831038	-1.5591490903040057	-0.40358344858322526
-4.768460575719651	-1.652254181573623	-0.4564293067897751
-4.7434292866082615	-1.7556166870962837	-0.5203392498019033
-4.71839799749687	-1.87068507788506	-0.5985225845212095
-4.69336670838548	-1.9989994766590113	-0.6953763166019125
-4.668335419274092	-2.142029783976187	-0.8170086024343981
-4.643304130162704	-2.300797456263364	-0.9720121370341251
-4.618272841051315	-2.4750450566140563	-1.1725870168217825
-4.593241551939924	-2.6614681153346336	-1.436084313398256
-4.568210262828536	-2.8500358672510258	-1.786815643165911
-4.543178973717147	-3.0165991540857906	-2.2570840692382568
-4.518147684605758	-3.1091965215915858	-2.8835925236410453
-4.4931163954943685	-3.0277520092650505	-3.68842281938342
-4.468085106382977	-2.6135416566440792	-4.624366421883115
-4.44305381727159	-1.7108471176271927	-5.484435004320352
-4.418022528160201	-0.36689224995272873	-5.90027082537394
-4.392991239048811	1.0298821826698559	-5.627052868759875
-4.367959949937422	2.0413368611602345	-4.832409252589328
-4.342928660826031	2.5478016132092196	-3.8919959499360215
-4.317897371714643	2.6823895140330754	-3.0549180772785047
-4.292866082603254	2.612652391195482	-2.394779464287507
-4.267834793491865	2.4513971871454494	-1.8981310193415575
-4.2428035043804755	2.2590124461379952	-1.5289669839873061
-4.217772215269086	2.064140486194824	-1.2534797610262483
-4.192740926157699	1.8789866905608847	-1.0457045363557318
-4.167709637046308	1.707833618957546	-0.886997142463947
-4.142678347934918	1.5513277053389447	-0.7642498470838539
-4.117647058823529	1.4085500356870204	-0.6682637502338202
-4.09261576971214	1.2779927565642932	-0.5925404928546015
-4.067584480600752	1.158006304764596	-0.5324447876669661
-4.042553191489361	1.0469928628797263	-0.4846376745335053
-4.017521902377972	0.9434790867294094	-0.44669510494517023
-3.9924906132665825	0.8461323584593687	-0.41685076405952615
-3.967459324155193	0.7537515694400794	-0.3938221033768179
-3.9424280350438052	0.6652472656257946	-0.37669274321898044
-3.917396745932415	0.5796180701325593	-0.36483392467098036
-3.8923654568210257	0.49592641098283874	-0.35785401475607526
-3.867334167709638	0.4132746926911861	-0.3555693488102195
-3.8423028785982494	0.3307821788188483	-0.35799274605772186
-3.8172715894868587	0.2475625434091988	-0.3653384365518614
-3.7922403003754686	0.16270213310854453	-0.3780443354487313
-3.7672090112640793	0.07523948948377424	-0.39681499804282483
-3.7421777221526913	-0.01585214002221358	-0.4226916323916866
-3.717146433041303	-0.11167512944271873	-0.4571598084641048
-3.6921151439299127	-0.2134014940456086	-0.5023117603830088
-3.6670838548185225	-0.32223132168892654	-0.5610894189989915
-3.6420525657071328	-0.43927552966543404	-0.6376474127726603
-3.617021276595745	-0.5652798523525426	-0.7378914730590214
-3.5919899874843564	-0.7000179391503911	-0.8702589912594756
-3.566958698372966	-0.8409997507274558	-1.046781259623939
-3.541927409261576	-0.9807896849216027	-1.2842851605196461
-3.5168961201501876	-1.1016506124276058	-1.6049004497483728
-3.4918648310387996	-1.16578164725804	-2.0329149521471885
-3.46683354192741	-1.1015560672745703	-2.5799538579931904
-3.4418022528160197	-0.7993788346357236	-3.2047113070698225
-3.4167709637046295	-0.16311697421377946	-3.7527714463858883
-3.391739674593241	0.7484010284025651	-3.974031475208546
-3.366708385481853	1.6552275074059486	-3.733476927538928
-3.341677096370464	2.282408443712469	-3.173827210801531
-3.3166458072590737	2.578388457643298	-2.5444066828852026
-3.291614518147683	2.6415764696532698	-1.995371993041358
-3.2665832290362946	2.5807082423160503	-1.565350577501014
-3.2415519399249066	2.4661739511623595	-1.241814065319316
-3.2165206508135173	2.334979158436715	-1.0003605358117758
-3.191489361702127	2.2044694149855553	-0.8189614078793026
-3.166458072590739	2.081931861643638	-0.6809002749480362
-3.14142678347935	1.9698402815471077	-0.5742135312672785
-3.11639549436796	1.8684777205304903	-0.49048458163862163
-3.091364205256571	1.7771995942153327	-0.4237881021654812
-3.0663329161451807	1.6950281199005723	-0.3699156987909975
-3.0413016270337927	1.6209239881613084	-0.325841026090803
-3.0162703379224034	1.553903528185607	-0.2893575044360509
-2.991239048811014	1.493082657675176	-0.2588334787762314
-2.966207759699625	1.437686915699756	-0.23304573468604933
-2.941176470588234	1.3870465758846795	-0.21106514073093385
-2.916145181476846	1.3405859623706216	-0.1921771467017317
-2.891113892365457	1.2978112594832407	-0.1758258054229656
-2.8660826032540676	1.2582987380281554	-0.16157384932643132
-2.8410513141426783	1.22168416775329	-0.14907385753153984
-2.816020025031289	1.1876536350017255	-0.13804717902194902
-2.790988735919901	1.1559357336925	-0.1282683464279914
-2.7659574468085104	1.1262949947970973	-0.11955342291322206
-2.740926157697121	1.0985263880651837	-0.1117511987283172
-2.715894868585732	1.0724507314441376	-0.10473647503714607
-2.6908635794743425	1.0479108592195407	-0.09840489251839134
-2.6658322903629545	1.0247684199717182	-0.09266891456452034
-2.6408010012515644	1.0029011955911074	-0.08745468156707929
-2.615769712140175	0.9822008509472058	-0.08269952826831271
-2.5907384230287853	0.9625710397495792	-0.07835001012370127
-2.565707133917396	0.9439258056799034	-0.07436032353388398
-2.540675844806008	0.9261882293045334	-0.0706910329783886
-2.515644555694618	0.9092892809527604	-0.06730803818820223
-2.4906132665832286	0.8931668475635575	-0.06418172767117289
-2.4655819774718406	0.877764905031682	-0.06128627112333167
-2.440550688360452	0.8630327980260128	-0.05859900649999797
-2.4155193992490616	0.8489245599357522	-0.05609990687457807
-2.3904881101376714	0.8353982281663024	-0.053771214073209214
-2.365456821026282	0.8224153244834054	-0.05159733151394938
-2.340425531914894	0.809940691740421	-0.04956469588412089
-2.3153942428035057	0.7979423465680497	-0.04766135543899078
-2.2903629536921155	0.7863910828120417	-0.04587657305696641
-2.2653316645807253	0.7752600621139649	-0.044200654149498406
-2.2403003754693356	0.7645245305675781	-0.04262486432671507
-2.2152690863579476	0.7541616144881775	-0.04114134437455237
-2.190237797246559	0.7441501479978605	-0.03974301792539435
-2.165206508135169	0.734470517388865	-0.0384235028972279
-2.140175219023779	0.725104519554316	-0.03717703199198069
-2.1151439299123904	0.7160352338812057	-0.03599838309540672
-2.0901126408010025	0.7072469068220375	-0.03488281876874183
-2.0650813516896127	0.6987248480769308	-0.03382603364926723
-2.0400500625782225	0.6904553372201887	-0.032824108625676515
-2.0150187734668323	0.6824255396355405	-0.03187347080584656
-1.989987484355444	0.6746234307125536	-0.030970858450401997
-1.9649561952440555	0.6670377273629167	-0.03011329018058219
-1.939924906132667	0.6596578260212365	-0.02929803788085375
-1.914893617021277	0.6524737463928201	-0.028522602808542755
-1.8898623279098858	0.645476080298188	-0.02778469449829865
-1.8648310387984974	0.6386559450408811	-0.027082212111746037
-1.839799749687109	0.6320049407918167	-0.026413227934856107
-1.8147684605757206	0.625515111541274	-0.025775972769419772
-1.7897371714643304	0.6191789092197157	-0.025168823002118673
-1.764705882352942	0.6129891606316455	-0.024590289166335683
-1.7396745932415527	0.6069390368839156	-0.024039005839018246
-1.7146433041301625	0.6010220250216598	-0.023513722738432483
-1.6896120150187741	0.5952319016123817	-0.023013296909190586
-1.664580725907384	0.5895627080416879	-0.022536685899061423
-1.6395494367959955	0.5840087273038002	-0.02208294184827432
-1.6145181476846062	0.5785644620860073	-0.021651206426698835
-1.589486858573217	0.5732246139594293	-0.02124070656782019
-1.5644555694618276	0.567984063498693	-0.02085075096115531
-1.5394242803504374	0.5628378511608609	-0.02048072727700745
-1.514392991239049	0.5577811587588846	-0.02013010010953402
-1.4893617021276597	0.5528092913674101	-0.019798409636350267
-1.4643304130162704	0.5479176594984976	-0.019485271005637544
-1.4392991239048811	0.5431017613820366	-0.01919037447534848
-1.4142678347934918	0.5383571651797965	-0.018913486344043107
-1.3892365456821025	0.5336794909530216	-0.018654450729634328
-1.3642052565707132	0.5290643921910045	-0.018413192271479237
-1.339173967459324	0.5245075366914911	-0.01818971985354273
-1.3141426783479346	0.520004586562552	-0.01798413147268392
-1.2891113892365453	0.5155511770890078	-0.01779662040759014
-1.264080100125157	0.5111428941733762	-0.01762748288191672
-1.2390488110137667	0.5067752500209322	-0.017477127461593037
-1.2140175219023774	0.5024436566885342	-0.01734608648330427
-1.1889862327909881	0.49814339705638	-0.01723502988184987
-1.1639549436795988	0.49386959270772035	-0.017144781872259485
-1.1389236545682104	0.48961716811123246	-0.01707634105327145
-1.1138923654568202	0.48538081039065606	-0.017030904638691585
-1.0888610763454318	0.48115492383134706	-0.017009897701072932
-1.0638297872340434	0.47693357810887615	-0.017015008539831372
-1.0387984981226523	0.47271044902238835	-0.017048231579135723
-1.013767209011264	0.4684787502676415	-0.01711191958104584
-0.9887359198998737	0.46423115447945573	-0.01720884745552502
-0.9637046307884853	0.45995970139805875	-0.017342290601111046
-0.9386733416770969	0.45565569055180033	-0.017516121573535492
-0.9136420525657085	0.45130955528033523	-0.017734930031688093
-0.8886107634543183	0.4469107142248543	-0.018004172459798296
-0.8635794743429273	0.44244739555950163	-0.018330360266061788
-0.8385481852315388	0.43790642820508685	-0.018721297732733275
-0.8135168961201504	0.4332729930303465	-0.019186385261720923
-0.788485607008762	0.42853032560174675	-0.01973700889204083
-0.7634543178973718	0.4236593604198	-0.020387044854207642
-0.7384230287859816	0.4186383048886744	-0.02115351900651946
-0.7133917396745932	0.4134421297785633	-0.022057476930648454
-0.6883604505632039	0.4080419622531042	-0.023125143629862288
-0.6633291614518155	0.40240436887951514	-0.024389485839957536
-0.6382978723404253	0.39649052189679823	-0.02589234063223919
-0.6132665832290352	0.39025525732042343	-0.027687350191618415
-0.5882352941176467	0.38364606800217294	-0.029844058448910124
-0.5632040050062583	0.37660214805971837	-0.032453702743091645
-0.5381727158948699	0.36905375637375437	-0.03563750728364619
-0.5131414267834788	0.36092247585195114	-0.039558706764185506
-0.48811013767208866	0.3521235758890695	-0.04444017050266354
-0.46307884856070025	0.3425729790242116	-0.05059044102782709
-0.43804755944931184	0.33220400316479637	-0.058442263465876
-0.41301627033792343	0.3210045842713387	-0.06860893540007228
-0.38798498122653324	0.30909707601768943	-0.08196341776505775
-0.36295369211514483	0.2969054102433364	-0.09973713776673027
-0.33792240300375376	0.2854951398245693	-0.12360060900861565
-0.31289111389236535	0.27722271877670623	-0.1555724848959527
-0.28785982478097694	0.27678606658535054	-0.19729310934922312
-0.26282853566958675	0.29216404481760083	-0.24765403224864724
-0.23779724655819834	0.3328116642479837	-0.29806771171304375
-0.21276595744680904	0.4005587333446381	-0.3297514243904329
-0.18773466833541974	0.47859224060984706	-0.3249770700623965
-0.16270337922403044	0.5407110070614931	-0.2866540081877978
-0.13767209011264026	0.5747792956651829	-0.2347051138699737
-0.11264080100125184	0.5856643337526513	-0.18580213950355395
-0.08760951188986255	0.5829657701832409	-0.14627172479578202
-0.06257822277847325	0.5738708509277126	-0.11622124391858313
-0.03754693366708395	0.5624116358153954	-0.09378870540172529
-0.01251564455569465	0.5505575567540602	-0.07700810479958772
0.01251564455569465	0.5391773691848103	-0.06431565639209974
0.03754693366708395	0.528601194149946	-0.05457414933682561
0.06257822277847325	0.5189088969414013	-0.04698058334955044
0.08760951188986255	0.5100706231257761	-0.040970667577640674
0.11264080100125184	0.5020135327660573	-0.036145363557584076
0.13767209011264114	0.49465272162170537	-0.032219285500682926
0.16270337922403044	0.4879049476884294	-0.028985579810376916
0.18773466833541974	0.48169416927916897	-0.026292201801879647
0.21276595744680726	0.47595324628191094	-0.024025835087942954
0.23779724655819834	0.4706239092834763	-0.02210089439880758
0.26282853566958764	0.465656011155581	-0.02045191834220357
0.28785982478097694	0.46100654342408864	-0.019028240783312236
0.31289111389236623	0.4566386388520183	-0.017790210164206538
0.33792240300375376	0.4525206541160842	-0.0167064728997237
0.36295369211514483	0.44862536494394956	-0.015751997259337014
0.38798498122653235	0.44492927739751975	-0.014906618897878282
0.41301627033792343	0.44141204657669064	-0.014153958296450359
0.43804755944931273	0.4380559895594205	-0.013480606438727727
0.46307884856070025	0.4348456786952988	-0.012875506101492629
0.4881101376720913	0.4317676023282293	-0.012329477312244444
0.5131414267834788	0.42880988159814226	-0.01183485012792318
0.5381727158948699	0.4259620336639003	-0.01138517806916016
0.5632040050062574	0.4232147732767011	-0.01097501271872664
0.5882352941176467	0.4205598460295228	-0.010599725100920027
0.6132665832290378	0.4179898877951902	-0.010255363131661449
0.6382978723404253	0.41549830585417524	-0.009938537095266417
0.6633291614518164	0.41307917802734373	-0.009646327056747575
0.6883604505632039	0.4107271667943442	-0.009376207561308317
0.7133917396745932	0.40843744592045894	-0.00912598604742193
0.7384230287859808	0.4062056375554506	-0.008893752206765262
0.7634543178973718	0.4040277581264169	-0.00867783613458939
0.7884856070087629	0.4019001716382853	-0.00847677357906644
0.8135168961201504	0.3998195492331189	-0.008289276954783278
0.8385481852315397	0.3977828340535261	-0.008114211060897283
0.8635794743429273	0.3957872106141469	-0.007950572658374067
0.8886107634543183	0.3938300780154709	-0.007797473227909649
0.9136420525657059	0.39190902644142955	-0.007654124361540324
0.9386733416770969	0.3900218164705178	-0.007519825344808551
0.9637046307884862	0.38816636080329303	-0.007393952568870252
0.9887359198998737	0.38634070806980336	-0.007275950477837648
1.0137672090112648	0.38454302843081933	-0.007165323809544322
1.0387984981226523	0.382771600728816	-0.00706163093057649
1.0638297872340434	0.3810248009797812	-0.006964478100980276
1.088861076345431	0.379301092026358	-0.006873514532184932
1.1138923654568202	0.3775990141975001	-0.006788428124695156
1.1389236545682113	0.3759171768406029	-0.0067089417910027455
1.1639549436795988	0.3742542506095714	-0.006634810284774265
1.18898623279099	0.37260896040703706	-0.006565817470311167
1.2140175219023774	0.3709800788912272	-0.006501773977070496
1.2390488110137667	0.36936642046867085	-0.006442515193085724
1.264080100125156	0.3677668357025228	-0.006387899558758001
1.2891113892365453	0.3661802060737087	-0.00633780712898252
1.3141426783479364	0.36460543903837284	-0.006292138377129497
1.339173967459324	0.3630414633299246	-0.006250813219211504
1.3642052565707132	0.3614872244584335	-0.006213770240777419
1.3892365456821025	0.3599416803630988	-0.00618096611280583
1.4142678347934918	0.35840379717645554	-0.00615237518623403
1.4392991239048811	0.35687254506046706	-0.00612798925785038
1.4643304130162704	0.3553468940762796	-0.006107817503169979
1.4893617021276597	0.3538258100498295	-0.006091886574696809
1.514392991239049	0.3523082503955681	-0.006080240866705625
1.5394242803504383	0.35079315986034487	-0.0060729429504262356
1.5644555694618276	0.34927946614825967	-0.006070074186315541
1.589486858573217	0.3477660753860041	-0.006071735522940186
1.6145181476846044	0.3462518673863544	-0.0060780484946225954
1.6395494367959955	0.34473569066480714	-0.006089156431723586
1.6645807259073848	0.3432163571592062	-0.00610522589686259
1.6896120150187741	0.34169263658679405	-0.006126448358734854
1.7146433041301634	0.34016325033886696	-0.00615304213210556
1.739674593241551	0.3386268648016433	-0.006185254692670908
1.764705882352942	0.33708208413284524	-0.006223365534762743
1.7897371714643295	0.3355274426416486	-0.00626768949475677
1.8147684605757206	0.3339613965434802	-0.006318580274361191
1.83979974968711	0.33238231462486656	-0.006376434343165108
1.8648310387984974	0.3307884677544273	-0.00644169560191242
1.8898623279098885	0.329178017272735	-0.006514860879560089
1.914893617021276	0.32754900204509285	-0.006596486329742787
1.939924906132667	0.3258993240086996	-0.006687195012758482
1.9649561952440546	0.3242267322735617	-0.006787685782554911
1.989987484355444	0.32252880546815943	-0.006898743263277621
2.015018773466835	0.32080293152928396	-0.007021249181827838
2.0400500625782225	0.31904628454159667	-0.007156195809032123
2.065081351689613	0.31725579851002017	-0.007304701951961146
2.090112640801001	0.3154281376331074	-0.00746803179045831
2.1151439299123904	0.31355966240763156	-0.007647617063837667
2.1401752190237784	0.31164639080673107	-0.007845083325394367
2.165206508135169	0.3096839536683187	-0.008062281158610046
2.1902377972465596	0.30766754327239454	-0.008301323457745466
2.2152690863579476	0.3055918538817375	-0.008564630148713004
2.240300375469337	0.3034510127693233	-0.008854982082673074
2.265331664580725	0.30123849994827	-0.009175586298997465
2.2903629536921155	0.2989470544431354	-0.009530155460688972
2.315394242803503	0.29656856447839175	-0.009923005062478854
2.340425531914894	0.29409393839036735	-0.010359173066964086
2.3654568210262834	0.29151295236877406	-0.010844568031312313
2.3904881101376714	0.28881407027511363	-0.011386153678608305
2.415519399249062	0.2859842297349635	-0.01199218043169803
2.4405506883604495	0.28300858742846424	-0.012672477932618165
2.4655819774718406	0.2798702149783514	-0.013438827406860268
2.490613266583228	0.2765497350496582	-0.014305439467931863
2.515644555694618	0.2730248852608472	-0.015289572434147927
2.5406758448060085	0.26926999539145324	-0.016412339699771655
2.565707133917396	0.2652553614743747	-0.017699774056385245
2.590738423028787	0.26094649938654646	-0.01918424497716255
2.6157697121401746	0.2563032619576777	-0.020906366188657127
2.6408010012515644	0.2512788103436492	-0.022917592247798768
2.665832290362953	0.24581844830871047	-0.02528379509812205
2.6908635794743425	0.23985836874186095	-0.028090251664945012
2.7158948685857336	0.23332444833287136	-0.031448688155371024
2.740926157697121	0.2261314053203578	-0.035507357437996406
2.765957446808511	0.21818300095179	-0.04046563563380763
2.7909887359198997	0.20937471167534127	-0.046595401517205634
2.816020025031289	0.19960182912828905	-0.054272609550912856
2.841051314142678	0.18877910204797965	-0.0640240190855089
2.8660826032540676	0.17688457593684204	-0.07659564642895828
2.8911138923654573	0.1640537686887127	-0.09304932833835446
2.916145181476846	0.15077728184488093	-0.11488501908366759
2.9411764705882355	0.1383039677843838	-0.14414706822711848
2.9662077596996244	0.12941616203908257	-0.1833400613901307
2.991239048811014	0.12970874438242364	-0.23461630671225803
3.0162703379224016	0.14883993004693785	-0.2970249434960769
3.0413016270337927	0.19874005231627034	-0.36077325459381204
3.066332916145182	0.28300914204229466	-0.40317074111791273
3.091364205256571	0.3824595366682182	-0.40102092405240797
3.1163954943679606	0.4641514441041861	-0.3556512553291348
3.141426783479348	0.5110317043263	-0.29125664303144094
3.166458072590739	0.5280824901662391	-0.2295629224858991
3.1914893617021267	0.527297725859345	-0.17933348177406133
3.2165206508135173	0.5179746179586662	-0.14106451885970872
3.241551939924907	0.505405067497334	-0.11250343660081327
3.2665832290362946	0.49219542154777196	-0.09116982871481222
3.2916145181476857	0.47950503430553093	-0.07506798502677184
3.316645807259073	0.4677818024486733	-0.0627408547522857
3.341677096370464	0.4571418469496873	-0.05315846144522422
3.366708385481852	0.44755502587731444	-0.045597118192055044
3.391739674593241	0.43893317365603624	-0.039545438212692435
3.416770963704632	0.4311710776279116	-0.034638043568221116
3.4418022528160197	0.42416474966688833	-0.030610386195355707
3.4668335419274103	0.4178188769035964	-0.027268227689126928
3.4918648310387983	0.4120491932659216	-0.024466961778609617
3.5168961201501876	0.4067825488466372	-0.022097484510685605
3.5419274092615756	0.40195601650694757	-0.020076428972631843
3.566958698372966	0.3975156734748029	-0.018339331631825093
3.591989987484357	0.3934153518279446	-0.016835788511553165
3.617021276595745	0.3896154835471619	-0.015525977956815443
3.642052565707134	0.38608208457911264	-0.01437813351959287
3.667083854818522	0.382785884328392	-0.013366685558479835
3.6921151439299127	0.37970159041496165	-0.012470879173698879
3.7171464330413	0.3768072724417375	-0.01167373539788892
3.7421777221526913	0.3740838474046697	-0.010961262505167726
3.7672090112640806	0.3715146504752771	-0.010321851512201954
3.7922403003754686	0.36908507682160474	-0.009745808693577412
3.817271589486859	0.3667822822486144	-0.009224990995049531
3.8423028785982467	0.3645949324368378	-0.008752519425418465
3.867334167709638	0.36251299232127376	-0.00832255205117334
3.8923654568210253	0.36052754865466774	-0.007930102919715423
3.917396745932415	0.3586306600521123	-0.007570896647447867
3.9424280350438057	0.3568152298458145	-0.0072412509054099045
3.967459324155193	0.35507489792318925	-0.006937980878183397
3.9924906132665843	0.3534039484091469	-0.006658321143528559
4.017521902377972	0.35179723061140145	-0.006399861449696231
4.042553191489361	0.3502500911018629	-0.006160493647640347
4.06758448060075	0.3487583151800209	-0.0059383676311521305
4.09261576971214	0.3473180762728072	-0.005731854587459673
4.117647058823531	0.3459258920650514	-0.005539516200147657
4.142678347934918	0.3445785863412949	-0.00536007872710717
4.167709637046308	0.3432732556950562	-0.005192411103170397
4.192740926157697	0.34200724040873265	-0.005035506376041596
4.217772215269086	0.34077809891463406	-0.004888465908039083
4.2428035043804755	0.33958358533553934	-0.004750485883175601
4.267834793491865	0.338421629680453	-0.0046208457451450136
4.292866082603254	0.33729032033641104	-0.004498898259167841
4.317897371714643	0.3361878885508798	-0.004384060944459714
4.342928660826033	0.33511269464406457	-0.004275808667672576
4.367959949937422	0.33406321572805986	-0.004173667223153224
4.392991239048811	0.33303803474124205	-0.004077207754870887
4.418022528160199	0.3320358306330746	-0.003986041898659684
4.44305381727159	0.3310553695570384	-0.003899817543002851
4.468085106382979	0.3300954969485881	-0.0038182151227554306
4.4931163954943685	0.3291551303814835	-0.0037409443735294673
4.518147684605758	0.3282332531102101	-0.003667741485272838
4.543178973717145	0.3273289082180453	-0.003598366601747699
4.568210262828536	0.32644119330002486	-0.0035326016174961755
4.593241551939924	0.3255692556119918	-0.0034702482262330414
4.618272841051315	0.32471228760582616	-0.003411126186583416
4.643304130162704	0.3238695227714441	-0.003355071821578709
4.668335419274092	0.3230402317990029	-0.0033019368111362885
4.693366708385483	0.32222371916962533	-0.0032515872019648895
4.71839799749687	0.321419320106334	-0.0032039024172747094
4.7434292866082615	0.3206263976374846	-0.0031587742437897
4.768460575719649	0.31984433969719106	-0.0031161059604298547
4.793491864831038	0.31907255632418874	-0.0030758116433390187
4.818523153942429	0.318310476907504	-0.0030378156526711525
4.843554443053817	0.3175575475390673	-0.0030020524647141333
4.868585732165208	0.31681322880182794	-0.0029684667442900076
4.8936170212765955	0.3160769939012855	-0.002937013152859408
4.918648310387985	0.31534832656665124	-0.002907655898644529
4.943679599499372	0.3146267186339218	-0.0028803685111593452
4.968710888610763	0.31391166762049316	-0.0028551339611923854
4.9937421777221545	0.3132026743961118	-0.0028319449580938294
5.018773466833542	0.3124992408681839	-0.0028108043318485487
5.043804755944931	0.3118008675984605	-0.0027917255083547837
5.068836045056319	0.3111070513040808	-0.002774733110961658
5.09386733416771	0.3104172822104285	-0.002759863717786498
5.118898623279097	0.30973104122224804	-0.0027471668017177014
5.1439299123904885	0.30904779687433415	-0.0027367058822643786
5.168961201501878	0.30836700201592304	-0.0027285599239850328
5.193992490613265	0.30768809017572973	-0.002722825024094405
5.219023779724656	0.3070104715450386	-0.0027196164419047153
5.244055068836044	0.3063335285059514	-0.0027190710353487274
5.269086357947435	0.30565661061864535	-0.0027213501855877786
5.2941176470588225	0.30497902896579454	-0.002726643310456689
5.319148936170212	0.30430004973266467	-0.0027351720923539102
5.344180225281603	0.3036188868761993	-0.0027471955782523566
5.36921151439299	0.3029346937041364	-0.002763016354085393
5.3942428035043815	0.3022465531528118	-0.0027829880593813056
5.419274092615769	0.3015534665281603	-0.0028075245774044355
5.444305381727158	0.30085434042169457	-0.0028371112956432493
5.469336670838548	0.30014797140073846	-0.0028723189533973598
5.494367959949937	0.2994330279911708	-0.0029138208092326923
5.519399249061328	0.2987080294177682	-0.002962414080492637
5.5444305381727155	0.29797132044381236	-0.0030190468733225506
5.569461827284105	0.29722104148479467	-0.003084852230701207
5.594493116395494	0.29645509299119865	-0.003161191501651936
5.619524405506883	0.29567109289229254	-0.003249710026744762
5.644555694618273	0.29486632566229964	-0.0033524092456604926
5.669586983729662	0.2940376813286454	-0.003471740912523974
5.694618272841051	0.2931815825285744	-0.00361073137696917
5.719649561952441	0.2922938976208833	-0.0037731471927619636
5.74468085106383	0.2913698380485279	-0.003963718173976172
5.769712140175219	0.29040383897936195	-0.0041884412438617374
5.7947434292866085	0.28938942442706495	-0.004454999286781933
5.819774718397996	0.28831906296609766	-0.0047733457231133175
5.844806007509387	0.28718403058067743	-0.005156530834803358
5.869837296620776	0.2859743187176793	-0.005621884882522715
5.894868585732166	0.2846786696035899	-0.006192733160483993
5.919899874843555	0.28328491064654227	-0.006900909652936743
5.9449311639549425	0.28178094378549456	-0.007790470538386163
5.9699624530663336	0.2801571256339628	-0.00892318907465274
5.994993742177721	0.27841156171520254	-0.010386592991604104
6.020025031289112	0.27656145925793485	-0.012305252996863622
6.0450563204005014	0.27466691285326306	-0.014854898432479738
6.07008760951189	0.27287930321526144	-0.01827400141619663
6.09511889862328	0.2715337675405127	-0.022851073370352595
6.120150187734667	0.27129907745873005	-0.02882176040431006
6.145181476846059	0.2733127669514417	-0.03603202274195569
6.170212765957445	0.27892775997631336	-0.043263422742537846
6.195244055068836	0.28841853396869066	-0.04783798664231276
6.2202753441802265	0.2993984710867226	-0.047210516273687955
6.245306633291613	0.308118632666031	-0.041774914791880724
6.270337922403005	0.3128254083510065	-0.03437359468094335
6.295369211514392	0.31420412589580327	-0.02739903664659006
6.320400500625783	0.31362701700553686	-0.021764038497397026
6.3454317897371695	0.3121242316326862	-0.01748752541242983
6.37046307884856	0.31027413171957896	-0.014304208357362375
6.395494367959952	0.30835910109928566	-0.011933064091099566
6.420525657071338	0.3065034207463295	-0.010150458922965094
6.445556946182729	0.30475392719101624	-0.008793855564264638
6.470588235294116	0.3031214115441587	-0.007748652648145546
6.495619524405506	0.3016007909024676	-0.006934529982673368
6.520650813516895	0.30018067856956154	-0.006294942068003823
6.545682102628285	0.2988478076199703	-0.005789744493308754
6.570713391739676	0.29758898111764953	-0.005390186727666502
6.5957446808510625	0.29639184172025246	-0.005075545410786572
6.620775969962453	0.2952450847321293	-0.004830862461837393
6.645807259073841	0.2941384157784448	-0.004645424325266864
6.670838548185231	0.2930623975285611	-0.004511743929252937
6.695869837296622	0.29200825328542823	-0.004424892102292591
6.720901126408009	0.29096765770103605	-0.004382082260936462
6.745932415519399	0.28993252667990177	-0.004382451239256971
6.770963704630788	0.2888948102863891	-0.004427007566144434
6.795994993742178	0.2878462899279892	-0.0045187417157538795
6.821026282853566	0.2867783828930497	-0.0046629152148020825
6.8460575719649555	0.2856819643305313	-0.004867571168955934
6.871088861076346	0.28454723247689984	-0.005144342615737638
6.896120150187734	0.28336367539914864	-0.005509683458358866
6.921151439299124	0.2821202637202127	-0.005986717962722432
6.946182728410513	0.28080612925864035	-0.006608008378545915
6.971214017521902	0.279412268726154	-0.007419679774057844
6.996245306633291	0.2779353898959984	-0.008487486499055716
7.0212765957446805	0.2763862095418448	-0.009905395967972089
7.046307884856071	0.27480689815712633	-0.011806507328810556
7.071339173967459	0.273306717446161	-0.014372684256910295
7.0963704630788484	0.27213068251305383	-0.017827648952579045
7.121401752190238	0.27177340906810343	-0.02236625772528035
7.146433041301627	0.2730928186713477	-0.027912688955342033
7.171464330413016	0.2771598710393688	-0.033610279130851795
7.196495619524406	0.28432630965751216	-0.037443740455163244
7.221526908635795	0.2929149451353208	-0.03731095341065238
7.246558197747184	0.2999701498653131	-0.03327617476161594
7.2715894868585735	0.30391839940014886	-0.027489629689001496
7.296620775969963	0.3051786439977082	-0.02191944101564107
7.321652065081352	0.30482514576084707	-0.01737197349286848
7.3466833541927405	0.30369861826377686	-0.013900615969375252
7.371714643304131	0.3022793760523754	-0.011305241194358454
7.39674593241552	0.3008043886348437	-0.009362854895695577
7.421777221526909	0.2993791703292752	-0.007893459269637026
7.446808510638299	0.29804452700367623	-0.0067654827813309615
7.471839799749687	0.29681106710916083	-0.005885875967239551
7.496871088861077	0.29567607509952065	-0.00518924905210974
7.521902377972466	0.2946315402480266	-0.004629392011249428
7.546933667083856	0.29366788665836907	-0.004173286806046894
7.571964956195245	0.2927756378695747	-0.0037970249936352257
7.5969962453066335	0.2919460969698733	-0.003483049718339584
7.622027534418024	0.29117156444125847	-0.003218287303251119
7.647058823529412	0.2904453463056127	-0.0029928706734371757
7.672090112640802	0.28976167440313993	-0.002799257244128231
7.697121401752189	0.28911559682965926	-0.002631611723539762
7.72215269086358	0.288502865289475	-0.002485368697056539
7.74718397997497	0.2879198308359552	-0.0023569186741407427
7.772215269086359	0.2873633521008978	-0.0022433799632481377
7.797246558197749	0.28683071664194326	-0.002142430922469643
7.8222778473091354	0.28631957449456813	-0.0020521851840421407
7.8473091364205265	0.2858278824561653	-0.001971097831908533
7.872340425531913	0.28535385753909726	-0.0018978941077042316
7.897371714643305	0.2848959380781313	-0.0018315146401658294
7.922403003754695	0.2844527510048547	-0.0017710729698299926
7.947434292866082	0.2840230840644189	-0.0017158227152850175
7.972465581977473	0.28360586275520205	-0.001665132581781914
7.99749687108886	0.2832001321016584	-0.00161846659680015
8.022528160200253	0.2828050415419714	-0.0015753671261709012
8.047559449311638	0.28241983110845403	-0.0015354407565209977
8.072590738423028	0.2820438192010908	-0.0014983474828387244
8.09762202753442	0.28167639243021014	-0.0014637923164296657
8.122653316645806	0.2813169971843159	-0.0014315184159719024
8.147684605757199	0.28096513246915045	-0.0014013013513111267
8.172715894868585	0.2806203437438768	-0.0013729443116863305
8.197747183979974	0.280282217588363	-0.0013462741062205824
8.222778473091363	0.27995037707753667	-0.0013211378201177376
8.247809762202753	0.2796244777601622	-0.0012974000099314625
8.272841051314145	0.27930420415465385	-0.001274940341877695
8.297872340425531	0.27898926668748203	-0.0012536515953615324
8.32290362953692	0.2786793990116365	-0.0012334379687731767
8.34793491864831	0.2783743556519642	-0.0012142136361715378
8.3729662077597	0.27807390993228154	-0.0011959015128555073
8.397997496871088	0.27777785214533424	-0.001178432195985027
8.423028785982478	0.2774859879333551	-0.0011617430527544742
8.448060075093867	0.2771981368517942	-0.0011457774331169596
8.473091364205256	0.2769141310925747	-0.0011304839878477496
8.498122653316646	0.276633814346642	-0.0011158160760783437
8.523153942428035	0.27635704078834067	-0.001101731249134874
8.548185231539424	0.27608367416663526	-0.0010881907996729001
8.573216520650814	0.27581358699042013	-0.001075159366866002
8.598247809762203	0.27554665979658033	-0.001062604589867927
8.623279098873592	0.2752827804914517	-0.0010504968029805412
8.648310387984981	0.27502184375713057	-0.0010388087669414153
8.67334167709637	0.27476375051574564	-0.0010275154314851598
8.69837296620776	0.2745084074452624	-0.0010165937247667706
8.72340425531915	0.27425572654076014	-0.001006022365565365
8.748435544430539	0.27400562471442846	-0.0009957816959451221
8.773466833541928	0.27375802342925226	-0.000985853537380607
8.798498122653317	0.2735128483740201	-0.0009762210738509802
8.823529411764707	0.2732700291931014	-0.0009668687467755677
8.848560700876096	0.27302949926606424	-0.0009577821316978097
8.873591989987485	0.2727911955144364	-0.0009489477696275617
8.898623279098874	0.2725550581827001	-0.0009403529142002764
8.92365456821026	0.27232103042752165	-0.0009319852135346585
8.948685857321653	0.27208905757777124	-0.0009238326767276178
8.973717146433042	0.27185908662537095	-0.0009158843738540784
8.998748435544432	0.271631066802577	-0.0009081311238777479
9.023779724655821	0.27140495040901946	-0.0009005649799022769
9.048811013767207	0.271180692599545	-0.0008931782793664828
9.0738423028786	0.27095825067050683	-0.000885963381097768
9.098873591989985	0.27073758364548084	-0.0008789128468731366
9.123904881101378	0.27051865214808934	-0.0008720196008533826
9.148936170212767	0.2703014183555563	-0.0008652769792394793
9.173967459324153	0.27008584594950236	-0.0008586787214861086
9.198998748435546	0.26987190005386985	-0.0008522189428881166
9.224030037546932	0.2696595471660661	-0.0008458921046378687
9.249061326658325	0.2694487550868061	-0.0008396929861159835
9.27409261576971	0.26923949285185067	-0.0008336166602481015
9.2991239048811	0.2690317306670629	-0.0008276584716428725
9.324155193992492	0.26882543984729423	-0.0008218140169282684
9.349186483103878	0.2686205927593104	-0.0008160791264875261
9.374217772215271	0.2684171627680776	-0.0008104498465149601
9.399249061326657	0.2682151241839765	-0.0008049224209899786
9.424280350438046	0.2680144522082877	-0.0007994932772561747
9.449311639549435	0.26781512288176046	-0.0007941590220479633
9.474342928660825	0.26761711304851765	-0.0007889164426005679
9.499374217772218	0.2674204003315719	-0.000783762495786669
9.524405506883603	0.2672249631007908	-0.0007786942859568519
9.549436795994993	0.2670307804311829	-0.0007737090483848769
9.574468085106382	0.2668378320635618	-0.0007688041424558228
9.599499374217771	0.2666460983721297	-0.0007639770474690138
9.62453066332916	0.2664555603360874	-0.0007592253574363744
9.64956195244055	0.2662661995131419	-0.0007545467750839085
9.67459324155194	0.26607799801424115	-0.0007499391057712995
9.699624530663328	0.2658909384795436	-0.0007454002516754932
9.724655819774718	0.265705004055528	-0.0007409282063399192
9.749687108886107	0.26552017837340536	-0.0007365210495933888
9.774718397997496	0.26533644552853985	-0.0007321769428160069
9.799749687108886	0.2651537900610599	-0.0007278941245218162
9.824780976220275	0.26497219693744434	-0.0007236709062337088
9.849812265331664	0.2647916515330877	-0.0007195056686240819
9.874843554443054	0.26461213961576213	-0.0007153968579018816
9.899874843554443	0.26443364732991625	-0.000711342982426158
9.924906132665832	0.26425616118184614	-0.0007073426095290242
9.949937421777221	0.26407966802551286	-0.0007033943625333328
9.97496871088861	0.2639041550491257	-0.0006994969179510285
10.0	0.2637296097623629	-0.000695649002848478
