-10.0	5.833193882491077	-0.010939180385286587
-9.97496871088861	5.830860242726317	-0.010365360042075902
-9.949937421777221	5.828583067909127	-0.009989785228511988
-9.924906132665832	5.8263390111730295	-0.00978205856888692
-9.899874843554443	5.824104965786521	-0.009723081009444176
-9.874843554443054	5.8218581050184515	-0.00980269289965692
-9.849812265331664	5.8195756057602885	-0.010018385433829644
-9.824780976220275	5.817234232603189	-0.010374861589581133
-9.799749687108886	5.814809883567326	-0.010884365506324364
-9.774718397997496	5.812277184022452	-0.011567823754713796
-9.749687108886107	5.809609253825702	-0.012456974285270081
-9.724655819774718	5.8067778848024325	-0.013597823212310775
-9.699624530663328	5.803754611752005	-0.015055990854817944
-9.67459324155194	5.800513675245593	-0.01692480183269579
-9.64956195244055	5.797038945055235	-0.01933729898036722
-9.62453066332916	5.793339085773429	-0.022483458036168247
-9.599499374217771	5.789479710314094	-0.026632744895411745
-9.574468085106382	5.785649608508798	-0.03215646713997125
-9.549436795994993	5.782290324778138	-0.03952439538536126
-9.524405506883603	5.780319778853688	-0.04919282572412617
-9.499374217772216	5.781394111755999	-0.06118210051666231
-9.474342928660825	5.787767292107379	-0.07409344003879938
-9.449311639549435	5.800678214585647	-0.0840931069059887
-9.424280350438046	5.817426012102086	-0.08643074266766788
-9.399249061326657	5.831817428770119	-0.08021924747993514
-9.37421777221527	5.839663109075206	-0.06958569091655728
-9.349186483103878	5.841226523016449	-0.05911757099326445
-9.32415519399249	5.83870175122715	-0.05103651500483944
-9.2991239048811	5.833984918056087	-0.045776886515552104
-9.274092615769712	5.828205682741203	-0.04313792836230798
-9.249061326658325	5.821961227327053	-0.04289033034299394
-9.224030037546934	5.815611950475461	-0.04498825697614228
-9.198998748435546	5.809528509418831	-0.04962273619767377
-9.173967459324155	5.804349030425158	-0.057195387554530255
-9.148936170212767	5.8013180466902945	-0.06813713655904445
-9.123904881101378	5.802643247378805	-0.08230920523890749
-9.098873591989987	5.811268594466021	-0.09767139421681209
-9.0738423028786	5.828654849539703	-0.10900370971673039
-9.048811013767208	5.850988881988577	-0.1101222366093009
-9.023779724655821	5.8701340937353095	-0.1001471394618653
-8.998748435544432	5.880894586701574	-0.08457400340031303
-8.973717146433042	5.883836429356034	-0.06920296187062765
-8.948685857321653	5.881867052009321	-0.05668612383861561
-8.923654568210262	5.877434721263429	-0.04737999824663963
-8.898623279098874	5.871982987458582	-0.040805176211494584
-8.873591989987485	5.866249455206422	-0.03637013305291273
-8.848560700876096	5.860593802192108	-0.03357804936607775
-8.823529411764707	5.855182716708033	-0.0320264793070503
-8.798498122653317	5.850033998807069	-0.03136745060619729
-8.773466833541928	5.844984377873468	-0.03135488845263833
-8.748435544430539	5.839766017981475	-0.03198421653469612
-8.72340425531915	5.8342126992037056	-0.033488039631774894
-8.69837296620776	5.828329671426655	-0.03618071456669589
-8.67334167709637	5.822230419371566	-0.04039621528257124
-8.648310387984981	5.81611861672649	-0.04652923326990166
-8.623279098873592	5.810347907535153	-0.05509302509653344
-8.598247809762203	5.805587663586522	-0.06678598202541135
-8.573216520650814	5.803245859410536	-0.08243824918563697
-8.548185231539424	5.806093538671346	-0.10235429267809068
-8.523153942428035	5.8182613066862015	-0.1245559226687923
-8.498122653316646	5.842746735403976	-0.14264982713320348
-8.473091364205256	5.875986816899752	-0.1475541521359109
-8.448060075093867	5.907033446991601	-0.13596392451133532
-8.423028785982478	5.927015821333475	-0.11440997339404395
-8.397997496871088	5.935395438323445	-0.09166606642468299
-8.3729662077597	5.936095193706091	-0.07237804466581506
-8.34793491864831	5.932879573716734	-0.05748474902438455
-8.32290362953692	5.928088177218006	-0.04639023473633623
-8.297872340425531	5.922951060300045	-0.03818932629751026
-8.272841051314144	5.918060700680632	-0.03205805838009934
-8.247809762202753	5.913637753796399	-0.027317300149939605
-8.222778473091363	5.909651829694282	-0.023474165879943693
-8.197747183979974	5.905972079022155	-0.020271289972630988
-8.172715894868585	5.902522204454279	-0.017610402612607975
-8.147684605757197	5.899296469419903	-0.015424515979992698
-8.122653316645806	5.896304628521184	-0.013635115094128306
-8.097622027534417	5.893544690846525	-0.012163584335991795
-8.072590738423028	5.8910028983558895	-0.010942991651821901
-8.047559449311638	5.888659770367728	-0.0099206390357693
-8.02252816020025	5.886494507363182	-0.009056206068718417
-7.9974968710888605	5.884487215421209	-0.00831899739440034
-7.972465581977473	5.8826197971173615	-0.0076855251847572775
-7.947434292866082	5.880876172743685	-0.007137652998900526
-7.922403003754694	5.879242197784963	-0.006661238473264844
-7.897371714643305	5.877705464325961	-0.006245157970859297
-7.872340425531914	5.8762550736891805	-0.005880605472374095
-7.8473091364205265	5.874881415788254	-0.0055605861588258615
-7.8222778473091354	5.873575968257385	-0.005279550376621034
-7.797246558197748	5.872331118975116	-0.005033131207167932
-7.772215269086359	5.871140011293244	-0.004817960702733742
-7.7471839799749675	5.869996408258416	-0.004631548427389359
-7.72215269086358	5.868894568621385	-0.004472215997422327
-7.697121401752189	5.867829131747096	-0.004339098370816155
-7.672090112640801	5.8667950333886845	-0.004232226463399186
-7.647058823529412	5.865787470314145	-0.004152676841336508
-7.622027534418023	5.864801889583713	-0.004102817574094669
-7.596996245306634	5.863834070767022	-0.004086759495572814
-7.571964956195245	5.86288047812125	-0.004111035229653906
-7.546933667083856	5.861939034709556	-0.004185513192430088
-7.5219023779724665	5.861010703611568	-0.0043246561333327715
-7.496871088861077	5.8601028165814215	-0.004548970034370103
-7.471839799749688	5.859235780920017	-0.004885513329578234
-7.446808510638299	5.8584552330194795	-0.005363610540639496
-7.421777221526909	5.857848678858598	-0.005995558483618171
-7.39674593241552	5.8575483053715764	-0.006725679177944269
-7.371714643304131	5.857661958886248	-0.0073586172521425686
-7.346683354192741	5.858098421590592	-0.007593460303581059
-7.321652065081352	5.858506389192502	-0.00728961334627036
-7.296620775969963	5.858564935981421	-0.006641496802380978
-7.2715894868585735	5.85822749847804	-0.0059533381299931715
-7.246558197747184	5.857617363065947	-0.005404540709017885
-7.221526908635795	5.856865620488597	-0.0050473707074127905
-7.196495619524406	5.856061854187192	-0.004880784475604194
-7.171464330413016	5.855267636795943	-0.0048948092631199425
-7.146433041301627	5.854542193011297	-0.005080217954561622
-7.121401752190238	5.8539618730118	-0.005411064867601345
-7.0963704630788484	5.853610431159732	-0.005802781084104092
-7.071339173967459	5.853502328271462	-0.006087578905437457
-7.04630788485607	5.853488123053411	-0.006113072293783092
-7.0212765957446805	5.853337936148202	-0.0059145510381414385
-6.996245306633291	5.852950312544231	-0.00568393452891873
-6.971214017521902	5.852383381762296	-0.0055929311836574735
-6.946182728410513	5.851757713130054	-0.005729582048894857
-6.921151439299123	5.851211198683521	-0.00612348679497586
-6.896120150187734	5.850910122055283	-0.006745817958920361
-6.871088861076345	5.851035834620039	-0.007447080929228966
-6.8460575719649555	5.851649967889452	-0.007902942686112205
-6.821026282853566	5.852497221404639	-0.007778634136811374
-6.795994993742177	5.853122140882169	-0.007075550273809017
-6.770963704630788	5.853280489541495	-0.006119623972971194
-6.745932415519399	5.853035444866874	-0.005211118807760054
-6.720901126408009	5.852552093770787	-0.004471899665780404
-6.69586983729662	5.851959692366166	-0.003907265315027178
-6.670838548185231	5.851330672943589	-0.0034829061425128843
-6.645807259073841	5.850697964433512	-0.003162254050861499
-6.620775969962453	5.850074199972929	-0.0029181602899075315
-6.595744680851063	5.849464091190471	-0.002732200137567045
-6.570713391739676	5.848869093206646	-0.0025910985026114663
-6.545682102628285	5.84828848127238	-0.0024848851412722778
-6.520650813516897	5.847719968242052	-0.002406468622348057
-6.495619524405506	5.847160650702556	-0.0023513935944309006
-6.470588235294117	5.846607748976633	-0.0023171190371050893
-6.445556946182729	5.846058660596124	-0.0023023345602165013
-6.420525657071338	5.845510774673791	-0.0023067525847790954
-6.395494367959951	5.844961397613708	-0.002331175485346171
-6.37046307884856	5.844407776560942	-0.0023776701463089633
-6.34543178973717	5.84384718820647	-0.0024498602901249777
-6.320400500625783	5.8432771448015774	-0.002553403404291124
-6.295369211514392	5.842695862186738	-0.0026967300040014464
-6.270337922403004	5.842103287804925	-0.0028921106275174857
-6.245306633291613	5.841503284027991	-0.0031570018359917545
-6.2202753441802265	5.840908085595869	-0.003515141255677978
-6.195244055068836	5.8403467428306115	-0.003995288887086862
-6.170212765957448	5.83987835215451	-0.004621417851261911
-6.145181476846059	5.839602050422904	-0.005381745468050439
-6.120150187734667	5.839628129141144	-0.0061717698369474355
-6.09511889862328	5.839960926243518	-0.006777598570524596
-6.070087609511891	5.840391645870219	-0.007037644287258407
-6.0450563204005014	5.84066167132967	-0.007053473614662645
-6.020025031289112	5.840741669906721	-0.007081813023602834
-5.994993742177721	5.840829273460721	-0.007255686327252264
-5.9699624530663336	5.841142899840154	-0.00746011339730393
-5.9449311639549425	5.841689876600985	-0.007409992594470366
-5.919899874843555	5.842193932000541	-0.006937824847199556
-5.894868585732166	5.842369464808783	-0.006190572748218062
-5.869837296620776	5.842174515775254	-0.0054352080448065165
-5.844806007509387	5.841730066232676	-0.004827896451503694
-5.819774718397998	5.841165356393957	-0.004398404714144849
-5.7947434292866085	5.8405586457193515	-0.004115035011437784
-5.769712140175219	5.839934262485217	-0.003937261279840246
-5.74468085106383	5.839285803677202	-0.003849217924874665
-5.719649561952441	5.838608636933748	-0.0038619683958623086
-5.694618272841051	5.837911456615768	-0.0039967520390538774
-5.669586983729662	5.837212774899071	-0.004278910250889736
-5.644555694618273	5.836544188689678	-0.00474185506689076
-5.619524405506883	5.835966289661859	-0.005427348106641139
-5.594493116395494	5.835595552744461	-0.00636783859043881
-5.569461827284105	5.835626789136048	-0.007526790628566607
-5.5444305381727155	5.836284160259786	-0.008682759019287181
-5.519399249061326	5.837593239620469	-0.009372946055431278
-5.494367959949937	5.83912651674492	-0.009183962517367389
-5.469336670838549	5.840256923688113	-0.008213053074670976
-5.444305381727158	5.840714842543286	-0.006946087103519155
-5.419274092615769	5.840628997201169	-0.005772842396728914
-5.3942428035043815	5.840229231565404	-0.004836036265234156
-5.36921151439299	5.839684384096701	-0.004135457333135362
-5.344180225281603	5.8390891654144985	-0.003627606635370123
-5.319148936170212	5.83849170508972	-0.0032681812087704543
-5.2941176470588225	5.8379175284225155	-0.003022330644119997
-5.269086357947435	5.837383596153389	-0.0028618804558152022
-5.244055068836044	5.8369019581543045	-0.002757537990175807
-5.219023779724656	5.836471388593532	-0.0026755266890220175
-5.193992490613266	5.836069295767031	-0.0025924014233215387
-5.168961201501876	5.835669811831052	-0.0025137144602524475
-5.1439299123904885	5.835271349576053	-0.0024612824158367907
-5.1188986232791	5.834896646705828	-0.002444915707753459
-5.09386733416771	5.834573592085876	-0.002447222775206759
-5.06883604505632	5.83430809227545	-0.0024253047548186413
-5.043804755944931	5.8340637967328925	-0.002342352665635483
-5.018773466833542	5.833788915529546	-0.0022069936982407334
-4.993742177722154	5.833463375668775	-0.002058852625120927
-4.968710888610763	5.833099116313509	-0.0019278396834836453
-4.943679599499373	5.832714952667601	-0.001823619073538174
-4.918648310387985	5.832324118474211	-0.00174489178714482
-4.893617021276597	5.831933753804093	-0.0016874711127964348
-4.868585732165207	5.83154740236647	-0.0016476132166451662
-4.843554443053817	5.831167198781531	-0.0016227956962024115
-4.818523153942427	5.8307954627200145	-0.001611387545780829
-4.793491864831038	5.830435821350718	-0.001611378926494017
-4.768460575719651	5.8300929942229	-0.001617825695387265
-4.7434292866082615	5.829768889245031	-0.0016205341659747408
-4.71839799749687	5.829456045766671	-0.0016081023488656032
-4.69336670838548	5.829139709241174	-0.001578855566655768
-4.668335419274092	5.828810639892739	-0.001542225766471117
-4.643304130162704	5.828469659337012	-0.0015079721985326033
-4.618272841051315	5.8281215289920425	-0.0014803656907835805
-4.593241551939924	5.827770149689998	-0.0014597756584527333
-4.568210262828536	5.827417665415901	-0.001445195131254795
-4.543178973717147	5.827064982190378	-0.0014354805821261696
-4.518147684605758	5.826712325752017	-0.0014297248665681161
-4.4931163954943685	5.826359580836114	-0.0014273008051083336
-4.468085106382977	5.826006465173871	-0.0014278191098351378
-4.44305381727159	5.8256526113387395	-0.0014310808381863271
-4.418022528160201	5.825297601806408	-0.0014370444802151994
-4.392991239048811	5.824940980898985	-0.0014458101510530508
-4.367959949937422	5.824582255372407	-0.0014576198887816805
-4.342928660826031	5.824220889659462	-0.0014728738359008897
-4.317897371714643	5.823856299456579	-0.0014921641688872
-4.292866082603254	5.823487847169556	-0.0015163314577404385
-4.267834793491865	5.823114844578246	-0.001546551921771222
-4.2428035043804755	5.822736572905285	-0.0015844693489917017
-4.217772215269086	5.8223523409050575	-0.0016323928721635461
-4.192740926157699	5.821961623395874	-0.0016935912691127264
-4.167709637046308	5.821564367968434	-0.0017727226800792195
-4.142678347934918	5.821161650616173	-0.0018764305059326691
-4.117647058823529	5.8207570441027725	-0.0020140580913341477
-4.09261576971214	5.820359379771902	-0.0021981180867860495
-4.067584480600752	5.819987917303362	-0.002443139509159309
-4.042553191489361	5.819680244655315	-0.0027589308531356105
-4.017521902377972	5.819497404925592	-0.003130456081322286
-3.9924906132665825	5.81950337901219	-0.0034823589739286787
-3.967459324155193	5.819689933099424	-0.003671676846220051
-3.9424280350438052	5.81991288511126	-0.0035911135473795652
-3.917396745932415	5.8199930590492555	-0.00329349539813778
-3.8923654568210257	5.819871010426871	-0.0029268098018911393
-3.867334167709638	5.819594575081441	-0.0025962212659786654
-3.8423028785982494	5.819230968929664	-0.002335594549818576
-3.8172715894868587	5.818826790810908	-0.0021413942784793416
-3.7922403003754686	5.818407286403982	-0.0019997591833578743
-3.7672090112640793	5.8179845000289525	-0.0018973342930566905
-3.7421777221526913	5.817563608479481	-0.0018239180829677237
-3.717146433041303	5.817146526664683	-0.0017723974357976013
-3.6921151439299127	5.81673380415072	-0.0017380933625116002
-3.6670838548185225	5.816325677753119	-0.0017181117654883893
-3.6420525657071328	5.815922770570568	-0.0017107150949154104
-3.617021276595745	5.81552654416919	-0.0017144958965521484
-3.5919899874843564	5.81513909390583	-0.001727303350516518
-3.566958698372966	5.814761974512543	-0.0017459118705820675
-3.541927409261576	5.81439602401449	-0.0017672592643605267
-3.5168961201501876	5.814043380967335	-0.0017874453589807882
-3.4918648310387996	5.813704655558926	-0.001797377981212711
-3.46683354192741	5.813370512245996	-0.0017868005808607257
-3.4418022528160197	5.813024991082104	-0.0017570520950449253
-3.4167709637046295	5.812660229952651	-0.001720457601635278
-3.391739674593241	5.8122792665749	-0.0016876537549570247
-3.366708385481853	5.811888344255021	-0.0016626129375732768
-3.341677096370464	5.811492133527805	-0.001645201751160591
-3.3166458072590737	5.811093189067551	-0.0016339970283773264
-3.291614518147683	5.810692675329623	-0.0016275400312078525
-3.2665832290362946	5.810291016992936	-0.0016246747403262096
-3.2415519399249066	5.809888280211936	-0.00162455916976198
-3.2165206508135173	5.809484367634427	-0.0016265981946307906
-3.191489361702127	5.809079112482259	-0.0016303754075074617
-3.166458072590739	5.808672322207123	-0.0016356010627706918
-3.14142678347935	5.808263797675748	-0.001642075830070533
-3.11639549436796	5.807853340588376	-0.0016496665834709878
-3.091364205256571	5.8074407552467875	-0.0016582907244230283
-3.0663329161451807	5.8070258475955985	-0.0016679065178703267
-3.0413016270337927	5.806608422919092	-0.0016785078198146841
-3.0162703379224034	5.806188282831447	-0.0016901222668455618
-2.991239048811014	5.805765221844776	-0.001702812530315706
-2.966207759699625	5.805339023651096	-0.001716680688458816
-2.941176470588234	5.804909457235474	-0.0017318762189583725
-2.916145181476846	5.804476273043718	-0.0017486086468344875
-2.891113892365457	5.804039199714585	-0.0017671666004156483
-2.8660826032540676	5.803597942504998	-0.001787946069656765
-2.8410513141426783	5.803152185811207	-0.001811492217123456
-2.816020025031289	5.802701604799399	-0.0018385614048657684
-2.790988735919901	5.802245896530351	-0.0018702133733300985
-2.7659574468085104	5.801784852076882	-0.0019079474918915484
-2.740926157697121	5.801318514136387	-0.0019538994965066503
-2.715894868585732	5.8008475114965945	-0.0020111070792429575
-2.6908635794743425	5.800373751844067	-0.0020838031423279224
-2.6658322903629545	5.799901799490821	-0.002177510512267833
-2.6408010012515644	5.799441360344576	-0.002298151719391961
-2.615769712140175	5.799010670965261	-0.002448085639218167
-2.5907384230287853	5.798637028499723	-0.0026156847996386956
-2.565707133917396	5.798342617194231	-0.002760755979645424
-2.540675844806008	5.798108911738303	-0.002821713492428213
-2.515644555694618	5.7978646542787065	-0.002769800503919617
-2.4906132665832286	5.7975452178727895	-0.002644076441100429
-2.4655819774718406	5.797141736158542	-0.0025051551954080598
-2.440550688360452	5.796679399381782	-0.0023876196358276758
-2.4155193992490616	5.796184320493516	-0.002299586635549744
-2.3904881101376714	5.7956730320471515	-0.002237554047060275
-2.365456821026282	5.795154108123885	-0.002195512812759315
-2.340425531914894	5.794631503551381	-0.002168146785048286
-2.3153942428035057	5.794106823791129	-0.002151449605905409
-2.2903629536921155	5.793580553290399	-0.0021425621372554993
-2.2653316645807253	5.79305266737629	-0.0021394757381956175
-2.2403003754693356	5.792522926394051	-0.002140777812533301
-2.2152690863579476	5.7919910138781505	-0.0021454664055939876
-2.190237797246559	5.79145659949452	-0.0021528224370885862
-2.165206508135169	5.790919365987813	-0.0021623232179246443
-2.140175219023779	5.790379019087986	-0.0021735839946996904
-2.1151439299123904	5.789835289539525	-0.0021863181826057287
-2.0901126408010025	5.789287931682731	-0.00220031003317378
-2.0650813516896127	5.788736720711457	-0.0022153956214140402
-2.0400500625782225	5.788181449604689	-0.002231449452299583
-2.0150187734668323	5.7876219261762465	-0.0022483749058437863
-1.989987484355444	5.787057970418203	-0.002266097336551809
-1.9649561952440555	5.786489412185151	-0.0022845590311137975
-1.939924906132667	5.785916089208824	-0.0023037154831622164
-1.914893617021277	5.785337845408475	-0.0023235326126617717
-1.8898623279098858	5.784754529455905	-0.002343984670768018
-1.8648310387984974	5.784165993554396	-0.0023650526476297062
-1.839799749687109	5.783572092395193	-0.002386723053266482
-1.8147684605757206	5.782972682259507	-0.0024089869780321016
-1.7897371714643304	5.7823676202393965	-0.0024318393648075087
-1.764705882352942	5.781756763555041	-0.002455278443117964
-1.7396745932415527	5.781139968949724	-0.002479305288361211
-1.7146433041301625	5.7805170921471625	-0.002503923478663378
-1.6896120150187741	5.7798879873582205	-0.0025291388287584926
-1.664580725907384	5.779252506826402	-0.002554959185292832
-1.6395494367959955	5.778610500403069	-0.002581394271724685
-1.6145181476846062	5.7779618151447885	-0.0026084555737924675
-1.589486858573217	5.777306294926323	-0.002636156258664868
-1.5644555694618276	5.776643780063589	-0.0026645111225135076
-1.5394242803504374	5.7759741069416135	-0.002693536562525106
-1.514392991239049	5.775297107643063	-0.0027232505703497223
-1.4893617021276597	5.774612609573211	-0.0027536727447789733
-1.4643304130162704	5.773920435077725	-0.0027848243220840174
-1.4392991239048811	5.773220401049464	-0.0028167282229657753
-1.4142678347934918	5.7725123185209775	-0.002849409115517759
-1.3892365456821025	5.771795992239068	-0.0028828934939813256
-1.3642052565707132	5.7710712202181185	-0.002917209773424051
-1.339173967459324	5.770337793268373	-0.0029523884007809365
-1.3141426783479346	5.769595494495537	-0.002988461983007895
-1.2891113892365453	5.768844098767666	-0.0030254654333964626
-1.264080100125157	5.7680833721450275	-0.0030634361374032026
-1.2390488110137667	5.767313071268375	-0.003102414139672355
-1.2140175219023774	5.766532942700552	-0.0031424423542746605
-1.1889862327909881	5.765742722215812	-0.003183566800567056
-1.1639549436795988	5.764942134030807	-0.0032258368675000537
-1.1389236545682104	5.764130889970364	-0.0032693056096798068
-1.1138923654568202	5.763308688560441	-0.0033140300790356625
-1.0888610763454318	5.7624752140397355	-0.003360071696570488
-1.0638297872340434	5.761630135280317	-0.003407496669398602
-1.0387984981226523	5.7607731046065345	-0.0034563764591173662
-1.013767209011264	5.759903756499872	-0.003506788308546588
-0.9887359198998737	5.759021706175955	-0.0035588158350288723
-0.9637046307884853	5.758126548017842	-0.0036125496998468676
-0.9386733416770969	5.757217853847726	-0.003668088364931918
-0.9136420525657085	5.756295171016356	-0.003725538949952298
-0.8886107634543183	5.755358020286748	-0.003785018205155463
-0.8635794743429273	5.754405893485076	-0.0038466536180647437
-0.8385481852315388	5.753438250887673	-0.003910584675408682
-0.8135168961201504	5.752454518308156	-0.0039769643055941745
-0.788485607008762	5.7514540838431625	-0.004045960531795567
-0.7634543178973718	5.750436294228528	-0.004117758371497221
-0.7384230287859816	5.749400450749741	-0.0041925620253407125
-0.7133917396745932	5.748345804641433	-0.004270597406699231
-0.6883604505632039	5.7472715518993525	-0.004352115073906163
-0.6633291614518155	5.746176827415357	-0.004437393640009113
-0.6382978723404253	5.745060698329828	-0.004526743750918577
-0.6132665832290352	5.743922156477531	-0.004620512742706653
-0.5882352941176467	5.742760109779697	-0.004719090113620705
-0.5632040050062583	5.741573372408124	-0.004822913977501592
-0.5381727158948699	5.740360653513868	-0.00493247870452608
-0.5131414267834788	5.739120544272835	-0.005048344004904823
-0.48811013767208866	5.737851502951975	-0.0051711457745232114
-0.46307884856070025	5.736551837640148	-0.005301609102691493
-0.43804755944931184	5.735219686214837	-0.00544056394685459
-0.41301627033792343	5.73385299302701	-0.005588964114925335
-0.38798498122653324	5.73244948167665	-0.005747910373285453
-0.36295369211514483	5.731006623117139	-0.00591867873177139
-0.33792240300375376	5.72952159816103	-0.006102755265947932
-0.31289111389236535	5.727991253256446	-0.006301879249381595
-0.28785982478097694	5.726412048153557	-0.006518096923424754
-0.26282853566958675	5.724779993775921	-0.006753828984648547
-0.23779724655819834	5.723090578242096	-0.007011955899956429
-0.21276595744680904	5.721338678541438	-0.007295926581672496
-0.18773466833541974	5.71951845485256	-0.007609897937864041
-0.16270337922403044	5.717623223914128	-0.007958915605577793
-0.13767209011264026	5.71564530725659	-0.008349150148086293
-0.11264080100125184	5.713575849577727	-0.008788208712344703
-0.08760951188986255	5.711404602311164	-0.009285550454904382
-0.06257822277847325	5.709119667940545	-0.009853046271130955
-0.03754693366708395	5.706707202748886	-0.010505741552686979
-0.01251564455569465	5.7041510812460965	-0.011262908062105295
0.01251564455569465	5.701432538026015	-0.012149512603740212
0.03754693366708395	5.698529829322657	-0.013198293933005645
0.06257822277847325	5.695418011247871	-0.014452737637208182
0.08760951188986255	5.692069043432552	-0.015971390160954266
0.11264080100125184	5.688452654890982	-0.01783418366298911
0.13767209011264114	5.684538876804178	-0.020151781718184075
0.16270337922403044	5.6803041129102825	-0.023079406942065048
0.18773466833541974	5.675744619924094	-0.02683705332038891
0.21276595744680726	5.670905389722488	-0.03173781825852165
0.23779724655819834	5.665940617937318	-0.03822312442524346
0.26282853566958764	5.661236594632474	-0.046890840610536846
0.28785982478097694	5.657645817080866	-0.05846015808361962
0.31289111389236623	5.656863373358479	-0.07350443670975589
0.33792240300375376	5.661753184089143	-0.09158917496569254
0.36295369211514483	5.675662936500481	-0.10957628235580305
0.38798498122653235	5.699121091856815	-0.12072275999215715
0.41301627033792343	5.725991650557187	-0.11882723395086876
0.43804755944931273	5.746987089103424	-0.10512690668132717
0.46307884856070025	5.7579599946699656	-0.08675800454133012
0.4881101376720913	5.76073201060866	-0.06956683558969085
0.5131414267834788	5.758713287552951	-0.05572929867875841
0.5381727158948699	5.754430841050002	-0.045253467136493294
0.5632040050062574	5.749295966177693	-0.0374715632666409
0.5882352941176467	5.74399598584658	-0.03168693473594465
0.6132665832290378	5.738832987055769	-0.027347349870790155
0.6382978723404253	5.733920788337358	-0.024051719040751096
0.6633291614518164	5.729285820499657	-0.02151695646763961
0.6883604505632039	5.724916250130438	-0.019544160097932792
0.7133917396745932	5.720785293460214	-0.017992686722063972
0.7384230287859808	5.716862010498019	-0.016761963026771104
0.7634543178973718	5.7131160891716775	-0.015779110394716675
0.7884856070087629	5.7095197680477945	-0.014990585907854084
0.8135168961201504	5.70604841900553	-0.01435651548807522
0.8385481852315397	5.702680525677014	-0.013846817631703964
0.8635794743429273	5.699397412298273	-0.013438521394309219
0.8886107634543183	5.696182891470485	-0.013113887306385616
0.9136420525657059	5.693022908091666	-0.01285907390138781
0.9386733416770969	5.689905212118463	-0.012663179423061832
0.9637046307884862	5.686819071319598	-0.012517544704789801
0.9887359198998737	5.683755025169586	-0.012415240100389385
1.0137672090112648	5.680704676709649	-0.01235068368324889
1.0387984981226523	5.677660517660882	-0.012319354159293125
1.0638297872340434	5.674615781846244	-0.012317572882705421
1.088861076345431	5.671564322325808	-0.012342336827224756
1.1138923654568202	5.6685005082117375	-0.012391189514294312
1.1389236545682113	5.665419137729544	-0.012462120490022974
1.1639549436795988	5.662315364654523	-0.012553486474112613
1.18898623279099	5.6591846357457065	-0.012663949106696992
1.2140175219023774	5.656022637218825	-0.012792425515828779
1.2390488110137667	5.652825248648427	-0.012938048870077129
1.264080100125156	5.649588502975783	-0.013100136770824305
1.2891113892365453	5.6463085515331946	-0.013278165849058957
1.3141426783479364	5.642981633185208	-0.013471751311835506
1.339173967459324	5.63960404684114	-0.013680630469478802
1.3642052565707132	5.636172126718023	-0.01390464949121542
1.3892365456821025	5.632682219833631	-0.014143752802299625
1.4142678347934918	5.629130665290701	-0.014397974662954144
1.4392991239048811	5.6255137749789474	-0.014667432568132355
1.4643304130162704	5.6218278153744015	-0.014952322184245873
1.4893617021276597	5.6180689901578695	-0.015252913599818063
1.514392991239049	5.614233423408031	-0.015569548715415438
1.5394242803504383	5.610317143151452	-0.015902639637095956
1.5644555694618276	5.606316065072395	-0.01625266796924474
1.589486858573217	5.602225976201071	-0.016620184928737194
1.6145181476846044	5.598042518410362	-0.017005812224200376
1.6395494367959955	5.593761171558818	-0.01741024366277566
1.6645807259073848	5.589377236122064	-0.01783424746302696
1.6896120150187741	5.584885815156241	-0.01827866926716347
1.7146433041301634	5.580281795435732	-0.018744435859088235
1.739674593241551	5.575559827603449	-0.0192325596074103
1.764705882352942	5.570714305165413	-0.019744143664860103
1.7897371714643295	5.565739342152186	-0.020280387967902797
1.8147684605757206	5.560628749257923	-0.020842596093071236
1.83979974968711	5.5553760082531625	-0.021432183039989366
1.8648310387984974	5.549974244449869	-0.022050684025556377
1.8898623279098885	5.544416196976323	-0.02269976438966828
1.914893617021276	5.538694186594844	-0.023381230730569302
1.939924906132667	5.532800080766847	-0.024097043407857954
1.9649561952440546	5.526725255636395	-0.02484933057385058
1.989987484355444	5.520460554565101	-0.025640403919976823
2.015018773466835	5.5139962428068205	-0.026472776354826533
2.0400500625782225	5.507321957859247	-0.02734918186519833
2.065081351689613	5.500426654970564	-0.0282725978519201
2.090112640801001	5.493298547210488	-0.029246270279563558
2.1151439299123904	5.485925039436452	-0.030273742034651746
2.1401752190237784	5.478292655393463	-0.03135888495248884
2.165206508135169	5.470386957080207	-0.03250593605006821
2.1902377972465596	5.4621924553901104	-0.033719538594400134
2.2152690863579476	5.4536925108922905	-0.03500478874481924
2.240300375469337	5.4448692234490235	-0.036367288638464335
2.265331664580725	5.435703309170187	-0.037813206944431854
2.2903629536921155	5.4261739629743175	-0.03934934810030444
2.315394242803503	5.416258704755544	-0.04098323167156431
2.340425531914894	5.405933206836323	-0.04272318354933896
2.3654568210262834	5.395171100009199	-0.04457844103593489
2.3904881101376714	5.383943755024602	-0.04655927427501805
2.415519399249062	5.372220035851382	-0.04867712698301774
2.4405506883604495	5.359966020405961	-0.05094478005174663
2.4655819774718406	5.347144683691786	-0.053376542351619705
2.490613266583228	5.333715537388269	-0.0559884740055534
2.515644555694618	5.319634218843171	-0.058798648577167656
2.5406758448060085	5.304852021117004	-0.06182746208666756
2.565707133917396	5.289315354147767	-0.06509799861771626
2.590738423028787	5.2729651251927425	-0.068636464619514
2.6157697121401746	5.255736024378622	-0.07247270698729102
2.6408010012515644	5.237555698358967	-0.07664083381542974
2.665832290362953	5.218343791617604	-0.08117996162399105
2.6908635794743425	5.198010830719815	-0.08613511921435835
2.7158948685857336	5.176456921615227	-0.09155834659501572
2.740926157697121	5.1535702237113235	-0.09751003829471339
2.765957446808511	5.1292251565871885	-0.10406059475940813
2.7909887359198997	5.103280285574195	-0.11129246468262183
2.816020025031289	5.07557582060932	-0.11930268683068818
2.841051314142678	5.0459306483453545	-0.12820607472041193
2.8660826032540676	5.014138800062037	-0.13813923498723216
2.8911138923654573	4.979965237146706	-0.14926567560447956
2.916145181476846	4.943140811776943	-0.16178235067218882
2.9411764705882355	4.903356233475398	-0.17592811481202225
2.9662077596996244	4.860254843539104	-0.19199473707406423
2.991239048811014	4.813423968875441	-0.21034137294906066
3.0162703379224016	4.762384586483398	-0.23141375170476386
3.0413016270337927	4.706578967489445	-0.2557699053193881
3.066332916145182	4.645356000234981	-0.28411526970117384
3.091364205256571	4.577954487520828	-0.31735143378936087
3.1163954943679606	4.503485702661973	-0.3566439952037941
3.141426783479348	4.420916507968924	-0.40351711359954917
3.166458072590739	4.329055861673688	-0.45998811457411953
3.1914893617021267	4.226553530239231	-0.5287627921611571
3.2165206508135173	4.111929545275366	-0.6135213462710205
3.241551939924907	3.9836715883649494	-0.7193400844691005
3.2665832290362946	3.840477042070301	-0.8533155870466957
3.2916145181476857	3.6817987648555417	-1.0254819346632358
3.316645807259073	3.5090235445342914	-1.2501176096045836
3.341677096370464	3.3279547252589885	-1.5474488938807247
3.366708385481852	3.1539094567897057	-1.9453133411300079
3.391739674593241	3.021666283652534	-2.478796472462315
3.416770963704632	3.0025513553924497	-3.181425660637735
3.4418022528160197	3.2241070214939325	-4.052406587165816
3.4668335419274103	3.857980838526208	-4.98130525460266
3.4918648310387983	4.994668391526653	-5.672904651141938
3.5168961201501876	6.423325269146189	-5.76883033099301
3.5419274092615756	7.676293274042975	-5.209495116640677
3.566958698372966	8.446941578866696	-4.308271616726341
3.591989987484357	8.763498201000449	-3.403583642224437
3.617021276595745	8.79461158460225	-2.6522034722213634
3.642052565707134	8.684042818584901	-2.0754591679237344
3.667083854818522	8.516772605115047	-1.6443734608742389
3.6921151439299127	8.335520223434258	-1.3227819865915038
3.7171464330413	8.15964347091069	-1.0806572443313998
3.7421777221526913	7.996874691346113	-0.8958387579572158
3.7672090112640806	7.84947756957171	-0.752610959131803
3.7922403003754686	7.717275851723731	-0.6399322515745496
3.817271589486859	7.5990997898529065	-0.5500122187624312
3.8423028785982467	7.493461156133498	-0.4772970114872884
3.867334167709638	7.398857128606172	-0.41777533114620813
3.8923654568210253	7.313897006273447	-0.3685093751587561
3.917396745932415	7.237345450863517	-0.3273173872166497
3.9424280350438057	7.168127569071918	-0.29255712080025087
3.967459324155193	7.105317713760101	-0.26297650922948645
3.9924906132665843	7.048122457050499	-0.2376094038698191
4.017521902377972	6.995862591027221	-0.21570184114201854
4.042553191489361	6.947956271201624	-0.1966592309567699
4.06758448060075	6.903904089726958	-0.18000805867718117
4.09261576971214	6.863276239015426	-0.16536777973358519
4.117647058823531	6.82570164849076	-0.15242995922413127
4.142678347934918	6.79085887040628	-0.14094262173484084
4.167709637046308	6.75846846566045	-0.13069839026855595
4.192740926157697	6.728286652444957	-0.12152541038550593
4.217772215269086	6.700100007042274	-0.1132803425433725
4.2428035043804755	6.6737210363474	-0.10584290509664479
4.267834793491865	6.648984470775689	-0.09911159061257084
4.292866082603254	6.625744152134136	-0.09300027772986146
4.317897371714643	6.6038704132158115	-0.08743553221335451
4.342928660826033	6.5832478644341546	-0.08235444259442853
4.367959949937422	6.563773518130049	-0.07770287361316858
4.392991239048811	6.545355193727797	-0.07343404858854193
4.418022528160199	6.527910157148582	-0.06950739262706804
4.44305381727159	6.511363956229917	-0.06588758420928514
4.468085106382979	6.495649420715166	-0.06254377457758105
4.4931163954943685	6.4807058009926966	-0.05944894351669444
4.518147684605758	6.466478024482653	-0.05657936733852073
4.543178973717145	6.452916052712866	-0.05391418075326944
4.568210262828536	6.439974326112407	-0.051435019312466385
4.593241551939924	6.42761128805218	-0.04912573362389448
4.618272841051315	6.415788985915614	-0.046972170722282824
4.643304130162704	6.404472757422003	-0.04496202126197539
4.668335419274092	6.393631029754278	-0.04308473054065047
4.693366708385483	6.383235295182468	-0.041331455841046846
4.71839799749687	6.373260386626741	-0.039694988186547195
4.7434292866082615	6.363685229954035	-0.038169353285192414
4.768460575719649	6.3544940705364015	-0.03674830639753625
4.793491864831038	6.34567693640329	-0.03542129576201361
4.818523153942429	6.337224824387764	-0.03416706988789257
4.843554443053817	6.329115304174133	-0.032954143878650144
4.868585732165208	6.321303647281214	-0.03176141849805959
4.8936170212765955	6.313744289328798	-0.030597303891382682
4.918648310387985	6.306415601470674	-0.029484125863571548
4.943679599499372	6.299314286462508	-0.02843529971095489
4.968710888610763	6.292440554167597	-0.027452448058860685
4.9937421777221545	6.285792534789104	-0.02653096323236484
5.018773466833542	6.279366124358196	-0.025662973642536085
5.043804755944931	6.273153890153945	-0.024837902956551194
5.068836045056319	6.267142484348023	-0.024045609170286114
5.09386733416771	6.261315048789573	-0.02328243767799794
5.118898623279097	6.255658664276514	-0.02255103725996785
5.1439299123904885	6.250166254937092	-0.02185410618376883
5.168961201501878	6.244833025324543	-0.021191542538220753
5.193992490613265	6.239654002588074	-0.020561448283074615
5.219023779724656	6.234623649727032	-0.01996144442702677
5.244055068836044	6.2297361560410405	-0.01938927388017482
5.269086357947435	6.2249857194127	-0.01884296263223441
5.2941176470588225	6.220366709960096	-0.01832082262939301
5.319148936170212	6.215873753355974	-0.017821419206473066
5.344180225281603	6.2115017804925525	-0.017343540243603073
5.36921151439299	6.2072460794001465	-0.016886167497637244
5.3942428035043815	6.20310237660207	-0.016448422000790344
5.419274092615769	6.199066944956282	-0.016029409289430654
5.444305381727158	6.195136607349355	-0.015627855469986657
5.469336670838548	6.191308260884787	-0.015241644355197384
5.494367959949937	6.187577833117895	-0.01486807641175436
5.519399249061328	6.183940089193939	-0.014505293037390385
5.5444305381727155	6.180389983789109	-0.014152821844830327
5.569461827284105	6.176923169251717	-0.01381075157842132
5.594493116395494	6.173535845169799	-0.013479651402152529
5.619524405506883	6.170225214440339	-0.013160319466765616
5.644555694618273	6.166989282117699	-0.012853024457602752
5.669586983729662	6.163826180363191	-0.012557411461817478
5.694618272841051	6.160733878447809	-0.012272843145998344
5.719649561952441	6.157710213303629	-0.011998649095535704
5.74468085106383	6.154752982252759	-0.011734218011131878
5.769712140175219	6.1518600078033145	-0.011479013355523038
5.7947434292866085	6.149029171100983	-0.011232565381583334
5.819774718397996	6.146258426354054	-0.01099445966406569
5.844806007509387	6.143545805686397	-0.010764327654187444
5.869837296620776	6.140889419804186	-0.010541839774548006
5.894868585732166	6.138287457065509	-0.010326699820925586
5.919899874843555	6.135738180745525	-0.010118638834270652
5.9449311639549425	6.133239920632576	-0.009917409361919288
5.9699624530663336	6.130791058424553	-0.009722790108399368
5.994993742177721	6.128390026041058	-0.009534605616135991
6.020025031289112	6.126035323457422	-0.009352729823458347
6.0450563204005014	6.1237255074417964	-0.009177072160438782
6.07008760951189	6.121459158706617	-0.00900762068438321
6.09511889862328	6.119234931217916	-0.008844533293540402
6.120150187734667	6.1170516815627485	-0.008688163754356729
6.145181476846059	6.114908598769111	-0.008539033681776678
6.170212765957445	6.112805408629532	-0.00839778560053736
6.195244055068836	6.11074275281265	-0.008264935306921267
6.2202753441802265	6.108722568565499	-0.008140008508496846
6.245306633291613	6.106747490524379	-0.008019741330779276
6.270337922403005	6.104817475263382	-0.007896875115604662
6.295369211514392	6.102925350043874	-0.007764172552921431
6.320400500625783	6.101059858318079	-0.007622180480175128
6.3454317897371695	6.099214877370287	-0.007478453525725404
6.37046307884856	6.097391105784528	-0.0073396522668205955
6.395494367959952	6.095591344334919	-0.007208427162270603
6.420525657071338	6.093817539600464	-0.00708493592737057
6.445556946182729	6.092070413324363	-0.006968558524766952
6.470588235294116	6.090349885033133	-0.006858684715750879
6.495619524405506	6.088655472360019	-0.006754956332463147
6.520650813516895	6.086986557471699	-0.006657319214679255
6.545682102628285	6.085342590109619	-0.0065660301491672485
6.570713391739676	6.083723319965866	-0.0064816376331575665
6.5957446808510625	6.082129144599859	-0.006404846579585094
6.620775969962453	6.08056156778057	-0.006335996703466726
6.645807259073841	6.079023301037983	-0.006273701609194354
6.670838548185231	6.077516468176549	-0.006212892913324747
6.695869837296622	6.07603790371974	-0.00614559870839021
6.720901126408009	6.074577268777993	-0.006068034848863896
6.745932415519399	6.073124715872405	-0.005985610225351531
6.770963704630788	6.071677712373091	-0.005907055301519498
6.795994993742178	6.070238358480163	-0.005837940737901767
6.821026282853566	6.068808881867894	-0.005780530327814157
6.8460575719649555	6.06739013703042	-0.0057358622964585465
6.871088861076346	6.065981795776638	-0.005705145749810833
6.896120150187734	6.06458281702305	-0.005690423420635526
6.921151439299124	6.063191830023945	-0.005694982025706827
6.946182728410513	6.06180748911906	-0.005723808534569469
6.971214017521902	6.060428979985076	-0.005784250288124043
6.996245306633291	6.059056972703631	-0.005886975181770199
7.0212765957446805	6.05769556317448	-0.006047233576325264
7.046307884856071	6.056356223897012	-0.006286064057880153
7.071339173967459	6.0550654729333	-0.006629858336278285
7.0963704630788484	6.053877907340779	-0.007103236798553347
7.121401752190238	6.052890625196902	-0.007703257508175382
7.146433041301627	6.052231610622832	-0.008341636885410092
7.171464330413016	6.051960649012072	-0.008791595137335198
7.196495619524406	6.051906482030933	-0.008790158252339184
7.221526908635795	6.051717433664701	-0.008309591269099179
7.246558197747184	6.0511771356590796	-0.007592815465531436
7.2715894868585735	6.0503170693277015	-0.006888552882227464
7.296620775969963	6.04926633255261	-0.006308077200323947
7.321652065081352	6.048133720079639	-0.00586346625631444
7.3466833541927405	6.046984504545106	-0.0055281369978415484
7.371714643304131	6.045849466684436	-0.005267460402776383
7.39674593241552	6.044736330028456	-0.005052904475966666
7.421777221526909	6.0436422928798565	-0.00486728501374134
7.446808510638299	6.042562155445256	-0.004702036580210289
7.471839799749687	6.041491399947739	-0.004554823892770191
7.496871088861077	6.040429155888706	-0.004426508620862413
7.521902377972466	6.039377464618827	-0.004316903542888412
7.546933667083856	6.038338370977407	-0.004223916727513419
7.571964956195245	6.037312706382179	-0.0041448040977115075
7.5969962453066335	6.036300280275865	-0.0040770982286349455
7.622027534418024	6.035300328575798	-0.00401888861621931
7.647058823529412	6.034311821865758	-0.003968798885551128
7.672090112640802	6.033333624087513	-0.003925887600376252
7.697121401752189	6.032364560545436	-0.003889554825441413
7.72215269086358	6.031403438818395	-0.0038594736698125687
7.74718397997497	6.030449046358728	-0.003835546584086233
7.772215269086359	6.029500136375653	-0.003817882331259806
7.797246558197749	6.028555407250477	-0.0038067902391567404
7.8222778473091354	6.02761347759142	-0.0038027900483827287
7.8473091364205265	6.02667285751303	-0.003806637505886404
7.872340425531913	6.0257319160246885	-0.0038193677657204633
7.897371714643305	6.024788844196652	-0.0038423608600284404
7.922403003754695	6.023841613980154	-0.0038774363431349212
7.947434292866082	6.022887933361254	-0.003926988188877045
7.972465581977473	6.021925200405859	-0.003994176873146696
7.99749687108886	6.020950462731126	-0.0040832044206958185
8.022528160200253	6.019960397119304	-0.004199711744598197
8.047559449311638	6.018951340678207	-0.0043513583724044125
8.072590738423028	6.017919439048107	-0.004548675976110111
8.09762202753442	6.016861047222447	-0.004806332148752937
8.122653316645806	6.015773663449866	-0.005144997600860499
8.147684605757199	6.014657976793019	-0.005594053051742098
8.172715894868585	6.013522222577868	-0.006195292531422175
8.197747183979974	6.012391234847521	-0.007007198170754833
8.222778473091363	6.011324585284092	-0.008107106499565128
8.247809762202753	6.0104499467249255	-0.009581569590056002
8.272841051314145	6.01001148460047	-0.01147808460128609
8.297872340425531	6.010390406599753	-0.013669849407397128
8.32290362953692	6.011943138176628	-0.01564166782719642
8.34793491864831	6.014514893758809	-0.01651473597169384
8.3729662077597	6.017152727883319	-0.01575460198234352
8.397997496871088	6.018847276526343	-0.013808269766453149
8.423028785982478	6.019361602519637	-0.011563015388592363
8.448060075093867	6.019026558397785	-0.009581933767138395
8.473091364205256	6.018233367770027	-0.008021896819973881
8.498122653316646	6.017240615589339	-0.006845427038669555
8.523153942428035	6.016185550742133	-0.005967116221577556
8.548185231539424	6.015132949750754	-0.005308426073690031
8.573216520650814	6.014110402105862	-0.004809701219597173
8.598247809762203	6.013127902883333	-0.004428612878195307
8.623279098873592	6.01218791429687	-0.004135838927547139
8.648310387984981	6.011290492917722	-0.003910886106051933
8.67334167709637	6.010435759657224	-0.0037383801280021917
8.69837296620776	6.009624499035166	-0.003604729248370117
8.72340425531915	6.0088568067087955	-0.0034950839706633235
8.748435544430539	6.008127229749412	-0.0033923048450257703
8.773466833541928	6.007420090254249	-0.0032841579667160364
8.798498122653317	6.006717674129956	-0.0031728632809820967
8.823529411764707	6.006013017580321	-0.0030691926232035566
8.848560700876096	6.00530855101745	-0.0029805636305110794
8.873591989987485	6.004608426063163	-0.002908648868562111
8.898623279098874	6.003915082307062	-0.0028523422868510923
8.92365456821026	6.003229235615389	-0.002810111186451275
8.948685857321653	6.002550660036957	-0.0027809534809589143
8.973717146433042	6.001878883374035	-0.002764665409433778
8.998748435544432	6.001213802022148	-0.0027618485422605116
9.023779724655821	6.000556415242326	-0.0027736642251088156
9.048811013767207	5.99990974542032	-0.0028009030761726172
9.0738423028786	5.999279200167506	-0.0028415098897748986
9.098873591989985	5.998669594185948	-0.002886740322737169
9.123904881101378	5.998076331348026	-0.002921741317523513
9.148936170212767	5.99748034839952	-0.002938471872465709
9.173967459324153	5.996861599969547	-0.002947132817556819
9.198998748435546	5.996213820397114	-0.0029664326637437594
9.224030037546932	5.995540709912748	-0.0030101931409113603
9.249061326658325	5.994846932541278	-0.003086373713906604
9.27409261576971	5.9941349607981	-0.0032014572110101447
9.2991239048811	5.993405903347064	-0.0033638338941510693
9.324155193992492	5.99266168488636	-0.0035856799856544136
9.349186483103878	5.9919082552655345	-0.003883766538995387
9.374217772215271	5.991160333587338	-0.004278216767098858
9.399249061326657	5.990446441710401	-0.004785966910156189
9.424280350438046	5.989805848019065	-0.005406347439699491
9.449311639549435	5.989262470853862	-0.006113545688928468
9.474342928660825	5.988796163453471	-0.006897245839339469
9.499374217772218	5.988394448385027	-0.007828721591084636
9.524405506883603	5.988168419230183	-0.009025490779363557
9.549436795994993	5.988393360197933	-0.01050412959542707
9.574468085106382	5.989408253324109	-0.012001213694714602
9.599499374217771	5.991290524897237	-0.012897006520000934
9.62453066332916	5.993489581641245	-0.012606492291255711
9.64956195244055	5.99514670407443	-0.011232454138619924
9.67459324155194	5.995873640486858	-0.009434196317006802
9.699624530663328	5.995839869296266	-0.007756263777278005
9.724655819774718	5.995365148234074	-0.006401034800319894
9.749687108886107	5.994686833475229	-0.005367713798247423
9.774718397997496	5.993937442283688	-0.004592214184469756
9.799749687108886	5.993181363021664	-0.004007992907405139
9.824780976220275	5.99244673198794	-0.003562326270811822
9.849812265331664	5.991743988986609	-0.0032168952164953746
9.874843554443054	5.991075382096987	-0.002944621814419124
9.899874843554443	5.9904395936957515	-0.0027264508124525133
9.924906132665832	5.989833933317383	-0.0025488834310451736
9.949937421777221	5.989255350547918	-0.002402246458671431
9.97496871088861	5.988700881842434	-0.0022795137604803423
10.0	5.988167828081802	-0.0021755095042378103
