-10.0	5.837131260119465	-0.06289904958318654
-9.97496871088861	5.841502267986515	-0.05180934855641178
-9.949937421777221	5.841489069624576	-0.04222336822622545
-9.924906132665832	5.839071993205691	-0.03489325656181841
-9.899874843554443	5.835535373418699	-0.02962052903087027
-9.874843554443054	5.831547165427413	-0.02598654313831783
-9.849812265331664	5.827409497085867	-0.023621978429879398
-9.824780976220275	5.823235943779606	-0.02226652679464522
-9.799749687108886	5.819049423046209	-0.02176448343613313
-9.774718397997496	5.814833093660011	-0.022050417171629436
-9.749687108886107	5.810559197140352	-0.02314109683726756
-9.724655819774718	5.80621202862608	-0.025137676610534523
-9.699624530663328	5.801818449698185	-0.028238508416990757
-9.67459324155194	5.797503133570997	-0.03275931121095388
-9.64956195244055	5.793596229347312	-0.03914504496588404
-9.62453066332916	5.790832429890868	-0.047918235972933085
-9.599499374217771	5.790649865504973	-0.05940836436266515
-9.574468085106382	5.795363018147988	-0.07296525934660333
-9.549436795994993	5.807314800739629	-0.08562032432608206
-9.524405506883603	5.825975963857871	-0.09194662105343097
-9.499374217772216	5.84573595260372	-0.08812718476874877
-9.474342928660825	5.859988093011067	-0.07641854443060377
-9.449311639549435	5.86675019886745	-0.06238138772360176
-9.424280350438046	5.8679134177095165	-0.04981791658266656
-9.399249061326657	5.865974750742092	-0.03989514502613074
-9.37421777221527	5.862635986535334	-0.03244007419343525
-9.349186483103878	5.858811170806963	-0.026922097772954248
-9.32415519399249	5.854932699827623	-0.022836910774081773
-9.2991239048811	5.851182522618259	-0.01979657645523035
-9.274092615769712	5.847621457367174	-0.017523577624798795
-9.249061326658325	5.844254406309048	-0.015824739539443605
-9.224030037546934	5.841061856997225	-0.014567233421131906
-9.198998748435546	5.838014741203082	-0.013660946000991103
-9.173967459324155	5.835081310849633	-0.013046652166452608
-9.148936170212767	5.832230333014614	-0.01268862998429432
-9.123904881101378	5.829432848032312	-0.01257061500876655
-9.098873591989987	5.826663918186229	-0.012694408075854965
-9.0738423028786	5.8239057672145	-0.01308074233123488
-9.048811013767208	5.821154421152492	-0.01377190611692776
-9.023779724655821	5.818433568379167	-0.014834331202024292
-8.998748435544432	5.815821508182372	-0.016354662741818654
-8.973717146433042	5.813495460229138	-0.018409895177388433
-8.948685857321653	5.811772909284171	-0.020968826872043073
-8.923654568210262	5.811040816560078	-0.023691366697822985
-8.898623279098874	5.811374626749952	-0.02580166082737441
-8.873591989987485	5.812050590134202	-0.0265491121294483
-8.848560700876096	5.8119046996965	-0.026066874032877108
-8.823529411764707	5.810352054681589	-0.025266016541476435
-8.798498122653317	5.80755493679411	-0.02496676408853518
-8.773466833541928	5.803902171108287	-0.025576872844410597
-8.748435544430539	5.7996985854820124	-0.027277877200659065
-8.72340425531915	5.795149200927739	-0.030233325937280148
-8.69837296620776	5.79045324396181	-0.03469840069555355
-8.67334167709637	5.785943007059318	-0.04105959358621061
-8.648310387984981	5.7822874488563105	-0.049793938098075946
-8.623279098873592	5.780772328011148	-0.0612270746514533
-8.598247809762203	5.783460506040779	-0.07483100678943279
-8.573216520650814	5.792433663350854	-0.08803406405794757
-8.548185231539424	5.807201890418597	-0.09612295154231906
-8.523153942428035	5.8227726863975615	-0.09592129832589609
-8.498122653316646	5.8333879407033695	-0.08977879021779404
-8.473091364205256	5.837627815622181	-0.08306304372574773
-8.448060075093867	5.837882395167464	-0.07958101084077676
-8.423028785982478	5.8376709865665894	-0.08053629363310838
-8.397997496871088	5.840435920378951	-0.08495536210980967
-8.3729662077597	5.8485511422733705	-0.08953696734335365
-8.34793491864831	5.861086795332865	-0.089506125917905
-8.32290362953692	5.87317818454185	-0.08252022315249645
-8.297872340425531	5.880331519941501	-0.07111948681016488
-8.272841051314144	5.881934376640094	-0.05943943731457518
-8.247809762202753	5.879750201362828	-0.04984900932605775
-8.222778473091363	5.875606412951162	-0.04291721743598899
-8.197747183979974	5.870677218183824	-0.038458839988322266
-8.172715894868585	5.865629558552615	-0.036179995490968744
-8.147684605757197	5.860915552356648	-0.035902671689411234
-8.122653316645806	5.857034685159876	-0.03757045821977936
-8.097622027534417	5.8547628528432885	-0.041077182889868835
-8.072590738423028	5.855232239783538	-0.045820645841870816
-8.047559449311638	5.859400082118215	-0.050062307613578924
-8.02252816020025	5.866581240577661	-0.05112933192370907
-7.9974968710888605	5.8738188008566	-0.047620118034814515
-7.972465581977473	5.878277578245965	-0.04102177903126909
-7.947434292866082	5.879451479048008	-0.033878131008009016
-7.922403003754694	5.878355212526954	-0.027691603326146674
-7.897371714643305	5.876091809674644	-0.02282676767770682
-7.872340425531914	5.873366835393865	-0.019134836554944037
-7.8473091364205265	5.870544758441852	-0.01635271128485591
-7.8222778473091354	5.867790438167633	-0.01424600049375327
-7.797246558197748	5.865167171242579	-0.012637652552528883
-7.772215269086359	5.862690006659433	-0.011401575017420937
-7.7471839799749675	5.860352291093627	-0.010450040415387649
-7.72215269086358	5.858138388427826	-0.009722871878806619
-7.697121401752189	5.856029644821132	-0.009179703872845196
-7.672090112640801	5.85400714453861	-0.008794888226743333
-7.647058823529412	5.852052968131333	-0.008554434756434526
-7.622027534418023	5.850150861354121	-0.008454725770476346
-7.596996245306634	5.848287385838426	-0.008503074554957316
-7.571964956195245	5.846455130047012	-0.008719582317113617
-7.546933667083856	5.844659206980907	-0.009139056627022732
-7.5219023779724665	5.842929250884116	-0.009811600066171516
-7.496871088861077	5.841341552285045	-0.010795966064358148
-7.471839799749688	5.840051927077692	-0.012127316662000703
-7.446808510638299	5.839310933687732	-0.013725929489668401
-7.421777221526909	5.839356772816388	-0.015249908002603368
-7.39674593241552	5.840083522215729	-0.016104448325111514
-7.371714643304131	5.840831273811349	-0.015921148064487148
-7.346683354192741	5.840882615555164	-0.01501228853866228
-7.321652065081352	5.840046646552174	-0.014016028825872495
-7.296620775969963	5.83853242367571	-0.013364236234030769
-7.2715894868585735	5.836597831733723	-0.01322053335668423
-7.246558197747184	5.834414495939784	-0.013631752793039228
-7.221526908635795	5.832080174788597	-0.014639773742877532
-7.196495619524406	5.829666364622763	-0.016334439328053507
-7.171464330413016	5.827275182469817	-0.018879555176670282
-7.146433041301627	5.825118924529293	-0.022519923530463684
-7.121401752190238	5.823644474575846	-0.027543808143499063
-7.0963704630788484	5.823706711058868	-0.03411307569258218
-7.071339173967459	5.826649310402773	-0.04179047608521437
-7.04630788485607	5.8337559159385695	-0.048777758836205456
-7.0212765957446805	5.844543014959157	-0.05195704044140352
-6.996245306633291	5.855675519009444	-0.049352535413552154
-6.971214017521902	5.8635205634402245	-0.04246923594636255
-6.946182728410513	5.867161155326461	-0.034460219189808156
-6.921151439299123	5.867746634728617	-0.02736593793247366
-6.896120150187734	5.866674456738645	-0.021769143903539373
-6.871088861076345	5.864875786191298	-0.017543746581375266
-6.8460575719649555	5.862846509113647	-0.014384806150112547
-6.821026282853566	5.860820896182365	-0.012009085007452347
-6.795994993742177	5.858898336157123	-0.010199695040085013
-6.770963704630788	5.857113554887229	-0.008800907889988663
-6.745932415519399	5.855471953924949	-0.007702868378778913
-6.720901126408009	5.853966492841797	-0.006827550765930446
-6.69586983729662	5.852584908603902	-0.00611836284318934
-6.670838548185231	5.85131227105209	-0.005534089985408552
-6.645807259073841	5.850133241463957	-0.005046100645543755
-6.620775969962453	5.84903500222552	-0.00463506236941906
-6.595744680851063	5.848007971490726	-0.004286757414842343
-6.570713391739676	5.847044590674427	-0.003989606161256848
-6.545682102628285	5.846138211335309	-0.0037338122581730693
-6.520650813516897	5.84528237758052	-0.003511230031521595
-6.495619524405506	5.844470740815549	-0.003315766566113862
-6.470588235294117	5.843697838191858	-0.003143373126872559
-6.445556946182729	5.842959540053165	-0.0029911249425283587
-6.420525657071338	5.842252667991605	-0.0028564973923114467
-6.395494367959951	5.8415746030054665	-0.002737230546208308
-6.37046307884856	5.840923198366197	-0.002631290961017288
-6.34543178973717	5.840296749174744	-0.0025366311623865184
-6.320400500625783	5.8396936235284445	-0.0024508309127278666
-6.295369211514392	5.839111427296671	-0.0023712874695759473
-6.270337922403004	5.838546825333632	-0.0022964485869633178
-6.245306633291613	5.837996943975972	-0.0022264327370921516
-6.2202753441802265	5.837460339130822	-0.0021618615842666083
-6.195244055068836	5.836936404741963	-0.0021028404117215405
-6.170212765957448	5.836424639097285	-0.0020489892535946463
-6.145181476846059	5.835924426350191	-0.0019997622520805253
-6.120150187734667	5.835435068923064	-0.0019546293322143388
-6.09511889862328	5.834955850809503	-0.0019131327479843946
-6.070087609511891	5.834486077219602	-0.0018748918919065383
-6.0450563204005014	5.834025092928543	-0.001839594219289753
-6.020025031289112	5.833572288938434	-0.00180698558529524
-5.994993742177721	5.833127104301791	-0.0017768636949563182
-5.9699624530663336	5.832689027553589	-0.0017490754190155333
-5.9449311639549425	5.832257601652133	-0.001723517828485982
-5.919899874843555	5.831832437739146	-0.0017001415783992474
-5.894868585732166	5.831413246371474	-0.001678950917751068
-5.869837296620776	5.830999897659313	-0.0016599810100023787
-5.844806007509387	5.830592508089023	-0.00164320053058431
-5.819774718397998	5.830191466828197	-0.0016282497133914692
-5.7947434292866085	5.829797104187347	-0.0016140464429119372
-5.769712140175219	5.829408771179834	-0.0015988884292446048
-5.74468085106383	5.829024391611668	-0.0015818171587343305
-5.719649561952441	5.8286419211437135	-0.0015636970763750063
-5.694618272841051	5.828260791454026	-0.0015461168024340083
-5.669586983729662	5.827881453294677	-0.0015300319437041437
-5.644555694618273	5.827504469549577	-0.0015156583221101888
-5.619524405506883	5.827130184305876	-0.0015028305911805179
-5.594493116395494	5.826758692688654	-0.0014912284551213961
-5.569461827284105	5.826389829714516	-0.0014805341307993075
-5.5444305381727155	5.826023262879755	-0.001470622687588019
-5.519399249061326	5.825658724677329	-0.0014615887347348006
-5.494367959949937	5.825296111013655	-0.0014535827767971077
-5.469336670838549	5.824935416723674	-0.0014467214332296169
-5.444305381727158	5.824576704413288	-0.0014411061933407993
-5.419274092615769	5.824220160715963	-0.0014368280036514414
-5.3942428035043815	5.823866191055721	-0.0014338618717451151
-5.36921151439299	5.823515409131675	-0.001431772381377483
-5.344180225281603	5.823168184866641	-0.0014293597724070323
-5.319148936170212	5.822823701838115	-0.0014250206849972663
-5.2941176470588225	5.822479911192202	-0.0014182496112494086
-5.269086357947435	5.822135232265607	-0.001410231764455691
-5.244055068836044	5.821789541599473	-0.0014024594222280112
-5.219023779724656	5.8214434434907085	-0.0013956867861982525
-5.193992490613266	5.821097491784398	-0.0013900445347701518
-5.168961201501876	5.820751992511338	-0.0013854164937031482
-5.1439299123904885	5.820407064289587	-0.0013816470123673014
-5.1188986232791	5.82006272334434	-0.0013786100757760822
-5.09386733416771	5.819718940647037	-0.0013762221391164647
-5.06883604505632	5.819375677479822	-0.0013744384631297901
-5.043804755944931	5.819032913102811	-0.0013732437070901743
-5.018773466833542	5.81869067376524	-0.0013726307609373961
-4.993742177722154	5.818349056784657	-0.0013725469049971906
-4.968710888610763	5.818008197238877	-0.0013727899619142836
-4.943679599499373	5.817668078845042	-0.0013729410613128878
-4.918648310387985	5.817328289039734	-0.0013725908585910107
-4.893617021276597	5.816988195387734	-0.0013717676953895752
-4.868585732165207	5.816647456177341	-0.0013708852987680542
-4.843554443053817	5.816306106728036	-0.0013703035901219685
-4.818523153942427	5.815964296476585	-0.0013701599383578456
-4.793491864831038	5.815622127079768	-0.0013704540909747487
-4.768460575719651	5.815279632728275	-0.0013711419647634837
-4.7434292866082615	5.814936803230459	-0.001372177787424489
-4.71839799749687	5.814593605051693	-0.0013735259684758694
-4.69336670838548	5.814249993745946	-0.0013751622049654189
-4.668335419274092	5.813905920485549	-0.0013770721183758994
-4.643304130162704	5.813561335596972	-0.0013792501071946683
-4.618272841051315	5.81321619104778	-0.001381699122290525
-4.593241551939924	5.81287044335606	-0.0013844314526639256
-4.568210262828536	5.812524058592315	-0.0013874701844600323
-4.543178973717147	5.812177021984201	-0.0013908498198322294
-4.518147684605758	5.8118293554635265	-0.0013946108911290223
-4.4931163954943685	5.811481143164444	-0.0013987744263562474
-4.468085106382977	5.811132542536205	-0.0014032707141912737
-4.44305381727159	5.810783699896768	-0.0014078260172605273
-4.418022528160201	5.81043449422258	-0.0014119735348572526
-4.392991239048811	5.810084382566959	-0.0014154251415722796
-4.367959949937422	5.8097327884421865	-0.0014184113485010141
-4.342928660826031	5.809379542806001	-0.001421399163170356
-4.317897371714643	5.809024779194791	-0.0014246861221343943
-4.292866082603254	5.808668664850239	-0.0014283546253226476
-4.267834793491865	5.808311297461509	-0.0014323837219196722
-4.2428035043804755	5.807952710710385	-0.0014367268761448226
-4.217772215269086	5.807592900045501	-0.0014413411450206748
-4.192740926157699	5.807231841317764	-0.0014461935799821024
-4.167709637046308	5.806869501056635	-0.0014512604002511198
-4.142678347934918	5.806505841616657	-0.001456524742333154
-4.117647058823529	5.8061408236479295	-0.001461974641755459
-4.09261576971214	5.805774407247739	-0.0014676015408806586
-4.067584480600752	5.805406552475665	-0.001473399254462271
-4.042553191489361	5.805037219564223	-0.0014793632675544899
-4.017521902377972	5.8046663689854	-0.0014854902602688402
-3.9924906132665825	5.8042939614508064	-0.001491777784057624
-3.967459324155193	5.803919957882746	-0.0014982240388569656
-3.9424280350438052	5.80354431937408	-0.0015048277177829306
-3.917396745932415	5.803167007145573	-0.0015115878973291919
-3.8923654568210257	5.802787982504223	-0.0015185039588140326
-3.867334167709638	5.802407206804334	-0.0015255755312194585
-3.8423028785982494	5.802024641411479	-0.0015328024492540226
-3.8172715894868587	5.801640247669505	-0.0015401847220295473
-3.7922403003754686	5.801253986870115	-0.0015477225095965608
-3.7672090112640793	5.800865820224873	-0.0015554161048869641
-3.7421777221526913	5.800475708839111	-0.0015632659199242838
-3.717146433041303	5.800083613687546	-0.0015712724752057206
-3.6921151439299127	5.7996894955913465	-0.001579436391090816
-3.6670838548185225	5.7992933151962145	-0.0015877583811678697
-3.6420525657071328	5.798895032951812	-0.0015962392468571451
-3.617021276595745	5.798494609090742	-0.0016048798729708658
-3.5919899874843564	5.798092003609231	-0.0016136812253502164
-3.566958698372966	5.7976871762490365	-0.0016226443476297092
-3.541927409261576	5.797280086478685	-0.0016317703590127408
-3.5168961201501876	5.796870693475133	-0.0016410604524490502
-3.4918648310387996	5.796458956105983	-0.0016505158935684605
-3.46683354192741	5.796044832911854	-0.0016601380195019333
-3.4418022528160197	5.79562828208885	-0.0016699282381812397
-3.4167709637046295	5.795209261471195	-0.0016798880277328898
-3.391739674593241	5.794787728514014	-0.00169001893625631
-3.366708385481853	5.7943636402760434	-0.001700322581588365
-3.341677096370464	5.7939369534023495	-0.0017108006512796536
-3.3166458072590737	5.793507624107103	-0.0017214549027213533
-3.291614518147683	5.793075608156142	-0.001732287163364099
-3.2665832290362946	5.792640860849626	-0.001743299331088577
-3.2415519399249066	5.792203337004455	-0.001754493374656163
-3.2165206508135173	5.791762990936575	-0.001765871334260205
-3.191489361702127	5.791319776443167	-0.0017774353221766681
-3.166458072590739	5.790873646784622	-0.0017891875234988808
-3.14142678347935	5.79042455466632	-0.0018011301969713123
-3.11639549436796	5.789972452220204	-0.0018132656758890198
-3.091364205256571	5.789517290986099	-0.00182559636909288
-3.0663329161451807	5.789059021892781	-0.0018381247620360974
-3.0413016270337927	5.788597595238746	-0.0018508534179336733
-3.0162703379224034	5.788132960672728	-0.0018637849789939487
-2.991239048811014	5.78766506717383	-0.0018769221677201187
-2.966207759699625	5.787193863031414	-0.0018902677882996488
-2.941176470588234	5.786719295824518	-0.001903824728063247
-2.916145181476846	5.786241312400994	-0.0019175959590305713
-2.891113892365457	5.7857598588562205	-0.001931584539534431
-2.8660826032540676	5.785274880511367	-0.0019457936159230638
-2.8410513141426783	5.784786321891277	-0.001960226424349648
-2.816020025031289	5.784294126701871	-0.001974886292644029
-2.790988735919901	5.783798237807034	-0.0019897766422689034
-2.7659574468085104	5.783298597205096	-0.002004900990367098
-2.740926157697121	5.782795146004695	-0.0020202629518950577
-2.715894868585732	5.782287824400173	-0.0020358662418522855
-2.6908635794743425	5.781776571646345	-0.002051714677602373
-2.6658322903629545	5.78126132603272	-0.002067812181292178
-2.6408010012515644	5.780742024857107	-0.0020841627823687814
-2.615769712140175	5.780218604398538	-0.0021007706202045284
-2.5907384230287853	5.779690999889581	-0.0021176399468245677
-2.565707133917396	5.77915914548795	-0.0021347751297407513
-2.540675844806008	5.778622974247332	-0.0021521806549061884
-2.515644555694618	5.778082418087573	-0.002169861129776851
-2.4906132665832286	5.7775374077640045	-0.002187821286505409
-2.4655819774718406	5.77698787283598	-0.002206065985253969
-2.440550688360452	5.776433741634609	-0.0022246002176269375
-2.4155193992490616	5.775874941229562	-0.002243429110256434
-2.3904881101376714	5.775311397395019	-0.0022625579285061592
-2.365456821026282	5.77474303457465	-0.0022819920803419658
-2.340425531914894	5.774169775845598	-0.0023017371203528647
-2.3153942428035057	5.773591542881542	-0.0023217987538688423
-2.2903629536921155	5.773008255914569	-0.002342182841312379
-2.2653316645807253	5.7724198336960395	-0.0023628954027208326
-2.2403003754693356	5.7718261934563015	-0.002383942622384172
-2.2152690863579476	5.7712272508632525	-0.002405330853766152
-2.190237797246559	5.770622919979696	-0.002427066624469898
-2.165206508135169	5.770013113219273	-0.002449156641322503
-2.140175219023779	5.769397741301255	-0.002471607795956565
-2.1151439299123904	5.768776713203719	-0.0024944271702653786
-2.0901126408010025	5.768149936115225	-0.002517622042742751
-2.0650813516896127	5.76751731538573	-0.0025411998943420944
-2.0400500625782225	5.766878754475345	-0.002565168414818686
-2.0150187734668323	5.766234154901534	-0.0025895355091727357
-1.989987484355444	5.765583416184659	-0.0026143093046135935
-1.9649561952440555	5.764926435791894	-0.0026394981577296805
-1.939924906132667	5.764263109079244	-0.002665110661853265
-1.914893617021277	5.7635933292317745	-0.0026911556547859483
-1.8898623279098858	5.7629169872018196	-0.002717642226836403
-1.8648310387984974	5.762233971645155	-0.0027445797291468788
-1.839799749687109	5.761544168855176	-0.002771977782429713
-1.8147684605757206	5.760847462694689	-0.002799846285974017
-1.7897371714643304	5.76014373452559	-0.002828195427086122
-1.764705882352942	5.759432863136043	-0.0028570356908929895
-1.7396745932415527	5.758714724665234	-0.0028863778705713883
-1.7146433041301625	5.757989192525518	-0.002916233077987246
-1.6896120150187741	5.757256137321879	-0.002946612754792133
-1.664580725907384	5.756515426768599	-0.00297752868399373
-1.6395494367959955	5.755766925602975	-0.0030089930020055777
-1.6145181476846062	5.755010495495979	-0.0030410182112230455
-1.589486858573217	5.754245994959803	-0.0030736171931369793
-1.5644555694618276	5.753473279252004	-0.0031068032220143704
-1.5394242803504374	5.752692200276254	-0.003140589979176045
-1.514392991239049	5.751902606479437	-0.003174991567896829
-1.4893617021276597	5.751104342744998	-0.0032100225289678486
-1.4643304130162704	5.7502972502823555	-0.003245697856943508
-1.4392991239048811	5.7494811665122025	-0.0032820330171174084
-1.4142678347934918	5.748655924947515	-0.003319043963258078
-1.3892365456821025	5.747821355070069	-0.003356747156148171
-1.3642052565707132	5.746977282202298	-0.0033951595829662395
-1.339173967459324	5.746123527374191	-0.003434298777556105
-1.3141426783479346	5.745259907185128	-0.00347418284163159
-1.2891113892365453	5.744386233660341	-0.0035148304669640473
-1.264080100125157	5.74350231410171	-0.003556260958607088
-1.2390488110137667	5.7426079509327685	-0.003598494259214491
-1.2140175219023774	5.741702941537504	-0.003641550974508828
-1.1889862327909881	5.740787078092735	-0.0036854523999667044
-1.1639549436795988	5.739860147393756	-0.003730220548783414
-1.1389236545682104	5.738921930672892	-0.0037758781811934594
-1.1138923654568202	5.737972203410638	-0.003822448835216763
-1.0888610763454318	5.7370107351390605	-0.0038699568589160294
-1.0638297872340434	5.736037289237009	-0.003918427444247641
-1.0387984981226523	5.735051622716788	-0.003967886662599104
-1.013767209011264	5.734053486001828	-0.004018361502108339
-0.9887359198998737	5.733042622694975	-0.004069879906871021
-0.9637046307884853	5.732018769336786	-0.004122470818142654
-0.9386733416770969	5.730981655153499	-0.0041761642176565555
-0.9136420525657085	5.729931001794	-0.004230991173181792
-0.8886107634543183	5.728866523055298	-0.004286983886454293
-0.8635794743429273	5.727787924595888	-0.0043441757436264855
-0.8385481852315388	5.726694903636343	-0.004402601368386008
-0.8135168961201504	5.725587148646554	-0.004462296677910774
-0.788485607008762	5.7244643390187315	-0.00452329894183108
-0.7634543178973718	5.7233261447256005	-0.004585646844390293
-0.7384230287859816	5.722172225962845	-0.004649380550002316
-0.7133917396745932	5.72100223277501	-0.0047145417724226285
-0.6883604505632039	5.7198158046639325	-0.004781173847762027
-0.6633291614518155	5.718612570178728	-0.004849321811592838
-0.6382978723404253	5.717392146486305	-0.0049190324804104235
-0.6132665832290352	5.716154138921319	-0.0049903545377379815
-0.5882352941176467	5.714898140514377	-0.00506333862517977
-0.5632040050062583	5.71362373149727	-0.005138037438752782
-0.5381727158948699	5.712330478783847	-0.005214505830851743
-0.5131414267834788	5.711017935425226	-0.005292800918229465
-0.48811013767208866	5.709685640037671	-0.005372982196403447
-0.46307884856070025	5.708333116201659	-0.00545511166093339
-0.43804755944931184	5.70695987183032	-0.005539253936046318
-0.41301627033792343	5.705565398505423	-0.005625476411127331
-0.38798498122653324	5.704149170778961	-0.005713849385632755
-0.36295369211514483	5.702710645438144	-0.005804446223028059
-0.33792240300375376	5.701249260731612	-0.0058973435144046155
-0.31289111389236535	5.699764435554359	-0.005992621252477279
-0.28785982478097694	5.698255568588816	-0.006090363016731021
-0.26282853566958675	5.696722037399275	-0.006190656170541861
-0.23779724655819834	5.695163197476592	-0.006293592071171972
-0.21276595744680904	5.693578381230026	-0.0063992662936149525
-0.18773466833541974	5.691966896922642	-0.0065077788693487515
-0.16270337922403044	5.690328027546634	-0.006619234541150348
-0.13767209011264026	5.688661029634433	-0.006733743035224754
-0.11264080100125184	5.686965132001321	-0.006851419352012611
-0.08760951188986255	5.6852395344148405	-0.0069723840771653695
-0.06257822277847325	5.683483406185973	-0.007096763714309465
-0.03754693366708395	5.681695884676561	-0.007224691041371523
-0.01251564455569465	5.6798760737171525	-0.0073563054924006555
0.01251564455569465	5.678023041928801	-0.007491753567003476
0.03754693366708395	5.676135820941951	-0.0076311892697109585
0.06257822277847325	5.674213403504941	-0.007774774581815122
0.08760951188986255	5.672254741473942	-0.00792267996845998
0.11264080100125184	5.670258743675541	-0.008075084924045198
0.13767209011264114	5.668224273632439	-0.008232178559300016
0.16270337922403044	5.66615014714179	-0.008394160233724482
0.18773466833541974	5.664035129694877	-0.00856124023746438
0.21276595744680726	5.66187793372584	-0.008733640527108094
0.23779724655819834	5.65967721567592	-0.008911595520351395
0.26282853566958764	5.657431572858635	-0.009095352954999997
0.28785982478097694	5.655139540109841	-0.00928517481835442
0.31289111389236623	5.652799586205111	-0.009481338353673097
0.33792240300375376	5.65041011002538	-0.009684137151134017
0.36295369211514483	5.647969436449729	-0.00989388233153174
0.38798498122653235	5.645475811952382	-0.010110903831861029
0.41301627033792343	5.642927399878613	-0.010335551802970633
0.43804755944931273	5.640322275371757	-0.010568198130631146
0.46307884856070025	5.637658419920817	-0.010809238092670079
0.4881101376720913	5.634933715494956	-0.011059092166311263
0.5131414267834788	5.632145938227778	-0.011318208001526775
0.5381727158948699	5.629292751610441	-0.011587062578115648
0.5632040050062574	5.626371699148236	-0.01186616456637267
0.5882352941176467	5.623380196430524	-0.012156056913671484
0.6132665832290378	5.620315522558476	-0.012457319682073476
0.6382978723404253	5.617174810868861	-0.012770573165264781
0.6633291614518164	5.613955038885466	-0.01309648131676891
0.6883604505632039	5.610653017421784	-0.013435755525550694
0.7133917396745932	5.607265378750046	-0.013789158779920055
0.7384230287859808	5.603788563741741	-0.014157510266141163
0.7634543178973718	5.60021880787365	-0.014541690454492842
0.7884856070087629	5.596552125980729	-0.014942646732837447
0.8135168961201504	5.592784295622872	-0.015361399656210029
0.8385481852315397	5.588910838916192	-0.015799049890741226
0.8635794743429273	5.584927002660821	-0.01625678594160651
0.8886107634543183	5.580827736576039	-0.016735892767937882
0.9136420525657059	5.576607669429059	-0.01723776140309244
0.9386733416770969	5.57226108281606	-0.017763899716743525
0.9637046307884862	5.567781882321913	-0.01831594447644662
0.9887359198998737	5.563163565748153	-0.01889567489123614
1.0137672090112648	5.558399188056326	-0.01950502784915531
1.0387984981226523	5.553481322624558	-0.02014611509529446
1.0638297872340434	5.548402018358352	-0.02082124263799902
1.088861076345431	5.543152752130447	-0.021532932719732348
1.1138923654568202	5.5377243759476995	-0.022283948747267496
1.1389236545682113	5.532107058153257	-0.02307732364545062
1.1639549436795988	5.5262902178672935	-0.02391639218221915
1.18898623279099	5.520262451746778	-0.024804827912958502
1.2140175219023774	5.514011452000197	-0.025746685513511336
1.2390488110137667	5.507523914422926	-0.02674644941806087
1.264080100125156	5.500785435017947	-0.027809089856757646
1.2891113892365453	5.4937803935283505	-0.028940127606087857
1.3141426783479364	5.48649182192529	-0.03014570903230958
1.339173967459324	5.478901255557914	-0.03143269333732025
1.3642052565707132	5.470988564269379	-0.03280875432299586
1.3892365456821025	5.462731760300746	-0.034282499494950144
1.4142678347934918	5.454106779224916	-0.03586360995643445
1.4392991239048811	5.445087229454649	-0.03756300533238782
1.4643304130162704	5.43564410502433	-0.0393930389578995
1.4893617021276597	5.425745455322123	-0.041367729824305685
1.514392991239049	5.41535600420528	-0.04350303937909465
1.5394242803504383	5.40443670941514	-0.04581720332841227
1.5644555694618276	5.392944251355582	-0.048331131235128236
1.589486858573217	5.380830438029067	-0.051068890133023445
1.6145181476846044	5.368041510138969	-0.05405829284993545
1.6395494367959955	5.354517326943496	-0.057331617608182936
1.6645807259073848	5.340190409235966	-0.06092649324509947
1.6896120150187741	5.324984810649225	-0.06488699476155803
1.7146433041301634	5.308814782128707	-0.069265007834365
1.739674593241551	5.291583186652895	-0.07412193979951723
1.764705882352942	5.2731796118576515	-0.0795308804042072
1.7897371714643295	5.253478116932369	-0.08557935119470209
1.8147684605757206	5.23233453691633	-0.09237283193021409
1.83979974968711	5.209583252560202	-0.10003932205088692
1.8648310387984974	5.185033318135941	-0.10873529416857175
1.8898623279098885	5.158463825276897	-0.11865353863804443
1.914893617021276	5.129618373188844	-0.130033604590228
1.939924906132667	5.098198524943092	-0.14317584581086557
1.9649561952440546	5.063856177325807	-0.1584605299138968
1.989987484355444	5.0261849002380306	-0.17637414526060372
2.015018773466835	4.984710595003024	-0.19754606610561357
2.0400500625782225	4.938882446621413	-0.22280030776345985
2.065081351689613	4.888066439265053	-0.253229524592107
2.090112640801001	4.831546349511939	-0.2903021359390643
2.1151439299123904	4.768542529708032	-0.33601916224617273
2.1401752190237784	4.6982698563542336	-0.3931457784695582
2.165206508135169	4.620079038350024	-0.46555405414374346
2.1902377972465596	4.533772762307302	-0.558725450650168
2.2152690863579476	4.4402856580037176	-0.6804615166962511
2.240300375469337	4.343112483999634	-0.841790737038828
2.265331664580725	4.251226617450805	-1.0577821642794345
2.2903629536921155	4.1847133086585675	-1.3470337988462286
2.315394242803503	4.184161722219418	-1.7259936114729446
2.340425531914894	4.320271268067282	-2.1893089530024428
2.3654568210262834	4.6823399280536435	-2.6678188836036734
2.3904881101376714	5.302504726161915	-2.995793460022443
2.415519399249062	6.045557234187985	-2.996262430021506
2.4405506883604495	6.665534124641772	-2.6692114398837004
2.4655819774718406	7.0272010126063	-2.1916016801988496
2.490613266583228	7.1626772222012525	-1.729177325199268
2.515644555694618	7.1612579819622795	-1.351114359167947
2.5406758448060085	7.093644284175784	-1.0627737426269666
2.565707133917396	7.000425475291816	-0.8477117194274636
2.590738423028787	6.901684745400267	-0.6873331556298434
2.6157697121401746	6.8063916175018475	-0.5665717284536609
2.6408010012515644	6.718035633915978	-0.4744019332639938
2.665832290362953	6.637545078889966	-0.40302554688122694
2.6908635794743425	6.564715254488874	-0.34696479663329216
2.7158948685857336	6.498888454893296	-0.30235167415413433
2.740926157697121	6.439270074766862	-0.26642545712614457
2.765957446808511	6.385069852364295	-0.23719000119543354
2.7909887359198997	6.335559732418687	-0.21318223122299396
2.816020025031289	6.290092546501993	-0.19331536207022998
2.841051314142678	6.24810288606756	-0.17677184189710146
2.8660826032540676	6.209100479451896	-0.1629294366309856
2.8911138923654573	6.172660985315433	-0.15130957200827364
2.916145181476846	6.138416469073108	-0.1415407826197936
2.9411764705882355	6.1060465339395815	-0.13333253910993803
2.9662077596996244	6.07527045180902	-0.1264562967991955
2.991239048811014	6.045840345003309	-0.12073163598608341
3.0162703379224016	6.017535340430056	-0.11601604135591037
3.0413016270337927	5.990156568761519	-0.11219731944885739
3.066332916145182	5.963522870461581	-0.10918795798651038
3.091364205256571	5.937467076509538	-0.10692093953510404
3.1163954943679606	5.911832743869471	-0.10534666710357565
3.141426783479348	5.886471238962635	-0.10443076214430999
3.166458072590739	5.861239074205016	-0.10415257019262769
3.1914893617021267	5.835995412029666	-0.1045042656504129
3.2165206508135173	5.810599657327007	-0.10549049172582639
3.241551939924907	5.784909062789541	-0.10712850926261933
3.2665832290362946	5.758776272213822	-0.1094488631179013
3.2916145181476857	5.732046724375455	-0.11249661045933035
3.316645807259073	5.704555834623149	-0.11633319553609037
3.341677096370464	5.676125862830603	-0.12103910444354402
3.366708385481852	5.646562364928006	-0.12671749672508464
3.391739674593241	5.615650111399409	-0.13349909605338744
3.416770963704632	5.583148341185102	-0.14154874085311014
3.4418022528160197	5.548785206377863	-0.15107416411685232
3.4668335419274103	5.512251258362772	-0.16233781486782378
3.4918648310387983	5.4731918427543285	-0.1756728901773138
3.5168961201501876	5.431198334956444	-0.1915052760298742
3.5419274092615756	5.385798312692085	-0.21038389108016187
3.566958698372966	5.336445130164906	-0.23302313647207212
3.591989987484357	5.282508137453315	-0.2603630084791716
3.617021276595745	5.223266394227311	-0.2936552878877096
3.642052565707134	5.157912004755644	-0.33458862100940956
3.667083854818522	5.085575892512747	-0.38547200110186985
3.6921151439299127	5.005402560525653	-0.4495059648063595
3.7171464330413	4.916728731722119	-0.5311838242335787
3.7421777221526913	4.81947950625809	-0.6368777358564015
3.7672090112640806	4.715016490267993	-0.7756583666678042
3.7922403003754686	4.607912176188098	-0.9603071120395351
3.817271589486859	4.509551175324644	-1.2080983072989007
3.8423028785982467	4.444968212980332	-1.5396767830507931
3.867334167709638	4.463739808609899	-1.9710392424482195
3.8923654568210253	4.6489909200679005	-2.488060614060981
3.917396745932415	5.095975634141391	-2.9974031569093262
3.9424280350438057	5.814814886925067	-3.30342696781829
3.967459324155193	6.62351951885966	-3.2328181454992473
3.9924906132665843	7.257496406143353	-2.829111051565745
4.017521902377972	7.604725679335024	-2.2985943367164983
4.042553191489361	7.720943940397175	-1.8053885230096054
4.06758448060075	7.703675984731605	-1.4089016606638631
4.09261576971214	7.6241925164396624	-1.1081867984091007
4.117647058823531	7.522068056760475	-0.8838939391758253
4.142678347934918	7.416517839486418	-0.7161598600879071
4.167709637046308	7.315966683681223	-0.5893105371117412
4.192740926157697	7.223576873155225	-0.49197878344616097
4.217772215269086	7.140072446600375	-0.4161439891063281
4.2428035043804755	7.065113012536089	-0.3561690245893009
4.267834793491865	6.9979452985106985	-0.30806539529051113
4.292866082603254	6.937704523992517	-0.2689785110386907
4.317897371714643	6.883547716466819	-0.23683765474483914
4.342928660826033	6.834707043851587	-0.21011954752159478
4.367959949937422	6.790505721408235	-0.18768802005468221
4.392991239048811	6.750357076224952	-0.16868430168633503
4.418022528160199	6.713756687321686	-0.15245107590707513
4.44305381727159	6.680272310203483	-0.13847924504681786
4.468085106382979	6.649533741273814	-0.12637013202419597
4.4931163954943685	6.6212235296648405	-0.11580830106835281
4.518147684605758	6.595068843010374	-0.10654177330465014
4.543178973717145	6.570834514234152	-0.0983674553960808
4.568210262828536	6.5483171762863925	-0.09112028736113595
4.593241551939924	6.527340349398266	-0.08466507457836406
4.618272841051315	6.507750339765678	-0.07889027853799732
4.643304130162704	6.489412819047445	-0.0737032520615415
4.668335419274092	6.4722099705343314	-0.06902655024871808
4.693366708385483	6.4560381054331675	-0.064795049414654
4.71839799749687	6.440805668711749	-0.06095367610164662
4.7434292866082615	6.42643156491245	-0.057455595663519723
4.768460575719649	6.412843733612643	-0.05426074639295127
4.793491864831038	6.399977897017093	-0.05133465958656078
4.818523153942429	6.387776459225908	-0.04864758442869434
4.843554443053817	6.376187674212082	-0.046173870117368135
4.868585732165208	6.36516507203037	-0.04389135476833145
4.8936170212765955	6.354666876867221	-0.0417807146950428
4.918648310387985	6.344655382276719	-0.03982497192224632
4.943679599499372	6.33509642240975	-0.038009165280006335
4.968710888610763	6.3259589559132205	-0.036320089182111645
4.9937421777221545	6.317214720708008	-0.03474606309648873
5.018773466833542	6.308837934718556	-0.03327672899920431
5.043804755944931	6.300805032846365	-0.031902876746311176
5.068836045056319	6.293094435295692	-0.030616294864703547
5.09386733416771	6.28568634345305	-0.02940964327051318
5.118898623279097	6.278562559901908	-0.028276344508943202
5.1439299123904885	6.271706329493205	-0.027210490550797828
5.168961201501878	6.265102198752117	-0.02620676266321066
5.193992490613265	6.258735891252362	-0.025260362299515976
5.219023779724656	6.252594196909936	-0.024366951309179236
5.244055068836044	6.2466648734302135	-0.023522600059606644
5.269086357947435	6.240936558386306	-0.022723742298573615
5.2941176470588225	6.235398690615581	-0.021967135779405497
5.319148936170212	6.230041439799501	-0.021249827829535328
5.344180225281603	6.224855643244119	-0.020569125173605374
5.36921151439299	6.219832749008152	-0.019922567430290028
5.3942428035043815	6.2149647646362	-0.019307903791847145
5.419274092615769	6.2102442108493126	-0.018723072470488947
5.444305381727158	6.205664079625921	-0.01816618255875259
5.469336670838548	6.201217796175375	-0.017635498004413927
5.494367959949937	6.196899184365635	-0.017129423445926745
5.519399249061328	6.19270243521747	-0.01664649169345532
5.5444305381727155	6.188622078120725	-0.016185352674559894
5.569461827284105	6.184652954465523	-0.015744763693664537
5.594493116395494	6.180790193412754	-0.015323580881571292
5.619524405506883	6.177029189555121	-0.014920751736377663
5.644555694618273	6.173365582243935	-0.014535308680873549
5.669586983729662	6.169795236377645	-0.01416636358373477
5.694618272841051	6.166314224469258	-0.013813103210229744
5.719649561952441	6.1629188098285255	-0.013474785574069323
5.74468085106383	6.159605430693249	-0.013150737135433521
5.769712140175219	6.156370685036894	-0.012840350722456456
5.7947434292866085	6.153211315378433	-0.012543084135346327
5.819774718397996	6.150124192493754	-0.012258460381145878
5.844806007509387	6.147106298671472	-0.011986072133618506
5.869837296620776	6.144154714603701	-0.01172559006426066
5.894868585732166	6.14126660900963	-0.011476769397710487
5.919899874843555	6.138439223820175	-0.011239456161686506
5.9449311639549425	6.1356698551999	-0.011013600237511537
5.9699624530663336	6.132955834257865	-0.01079927672566594
5.994993742177721	6.130294507665855	-0.01059671568587986
6.020025031289112	6.127683217263749	-0.010406343043849853
6.0450563204005014	6.125119278647276	-0.010228837829400456
6.07008760951189	6.12259995999903	-0.010065213360796937
6.09511889862328	6.120122464404709	-0.009916933676706388
6.120150187734667	6.117683922775707	-0.00978608230942811
6.145181476846059	6.115281412395721	-0.009675609427158269
6.170212765957445	6.112912032282234	-0.009589696745311141
6.195244055068836	6.110573099874504	-0.009534298313737644
6.2202753441802265	6.108262602565005	-0.009517936948265748
6.245306633291613	6.105980180255419	-0.009552844896729445
6.270337922403005	6.103729203972428	-0.009656471225033575
6.295369211514392	6.101521060977069	-0.009853029870534172
6.320400500625783	6.099383581280099	-0.010173515888298568
6.3454317897371695	6.097375793370142	-0.01064897915936315
6.37046307884856	6.095606135170902	-0.011283997911956611
6.395494367959952	6.094227145762124	-0.011992580716235754
6.420525657071338	6.093335625524325	-0.012524636022930122
6.445556946182729	6.092772733631093	-0.012549012917293614
6.470588235294116	6.092123823870452	-0.011973537588951713
6.495619524405506	6.091082145753857	-0.01105902709276127
6.520650813516895	6.089647568992596	-0.010121879584952892
6.545682102628285	6.087967621310552	-0.009320028262775365
6.570713391739676	6.086176016359146	-0.008680938458894644
6.5957446808510625	6.084353273689177	-0.008180653985845165
6.620775969962453	6.0825398714960865	-0.007786452377355993
6.645807259073841	6.080753786965392	-0.00747066078876131
6.670838548185231	6.079001704829367	-0.007212802357741743
6.695869837296622	6.077284952850192	-0.006998445988541463
6.720901126408009	6.075602428001348	-0.006817614630704474
6.745932415519399	6.0739519902649395	-0.006663490010054465
6.770963704630788	6.072331106972365	-0.006531499770688967
6.795994993742178	6.070737135982984	-0.0064187171920981195
6.821026282853566	6.069167437090302	-0.0063234923845476715
6.8460575719649555	6.067619405574258	-0.006245256361450305
6.871088861076346	6.066090478490676	-0.006184465291123847
6.896120150187734	6.064578148903223	-0.006142675795934069
6.921151439299124	6.063080027161896	-0.006122764316198834
6.946182728410513	6.061594013513632	-0.006129325780309558
6.971214017521902	6.060118706004528	-0.006169306888118592
6.996245306633291	6.0586542918763815	-0.006252932478330184
7.0212765957446805	6.057204420175724	-0.006394917290723348
7.046307884856071	6.055780039855428	-0.006615634684441957
7.071339173967459	6.05440693572554	-0.006940700830049773
7.0963704630788484	6.053138621434626	-0.00739386654639923
7.121401752190238	6.052070385513387	-0.007971273428851317
7.146433041301627	6.051326954757551	-0.008584392333519028
7.171464330413016	6.050963667404726	-0.009009208909923988
7.196495619524406	6.05080808062089	-0.008990216663161271
7.221526908635795	6.050515502940204	-0.00850561745799952
7.246558197747184	6.049878107512512	-0.007794789345452829
7.2715894868585735	6.04892831876093	-0.007098238035800217
7.296620775969963	6.047789900995243	-0.006522194993816663
7.321652065081352	6.046564474515976	-0.006078789770793208
7.3466833541927405	6.045311314081671	-0.005746507856356553
7.371714643304131	6.0440600616774045	-0.0054992575590866455
7.39674593241552	6.042823372445604	-0.005314846461126552
7.421777221526909	6.04160380975172	-0.005176972761718815
7.446808510638299	6.04039864519618	-0.005076554719080806
7.471839799749687	6.039204655464933	-0.005010929122858054
7.496871088861077	6.038020172412156	-0.004981024061317216
7.521902377972466	6.03684470601701	-0.004990065664676094
7.546933667083856	6.035679095579855	-0.005044191894567715
7.571964956195245	6.034527296290171	-0.0051534904939953136
7.5969962453066335	6.033400248594892	-0.005332379763428749
7.622027534418024	6.032322756223309	-0.005597282001446394
7.647058823529412	6.03134286760934	-0.005956044756465037
7.672090112640802	6.0305337756878625	-0.0063798775442961
7.697121401752189	6.029956192622768	-0.006763495140661574
7.72215269086358	6.029561631328022	-0.006943254663578147
7.74718397997497	6.029157315897037	-0.006844965314679388
7.772215269086359	6.028568267277726	-0.006584102069290998
7.797246558197749	6.0277787065451784	-0.006342026155502389
7.8222778473091354	6.026881342279892	-0.0062314280365576985
7.8473091364205265	6.025994856208552	-0.006283868308979493
7.872340425531913	6.025237442773804	-0.006464174766483088
7.897371714643305	6.024698350349218	-0.0066553353144148675
7.922403003754695	6.024353460489417	-0.006675784329516085
7.947434292866082	6.024022363226827	-0.006419093034546214
7.972465581977473	6.023518133184213	-0.005968240410470588
7.99749687108886	6.022800565249502	-0.005485819135853817
8.022528160200253	6.021932646213341	-0.0050720840552657825
8.047559449311638	6.020986071602758	-0.004752789949562797
8.072590738423028	6.020006916364477	-0.004519231613607816
8.09762202753442	6.019018458750764	-0.004355078660882347
8.122653316645806	6.018030407015112	-0.004246260706526325
8.147684605757199	6.017045426669637	-0.0041831228052083835
8.172715894868585	6.016062716447068	-0.00416023496011797
8.197747183979974	6.015079819044552	-0.004175860390093766
8.222778473091363	6.014093570068507	-0.00423168339556837
8.247809762202753	6.013100742465229	-0.004332957326483644
8.272841051314145	6.012098795129504	-0.004489131226712753
8.297872340425531	6.011087187146641	-0.004714980238768179
8.32290362953692	6.010069979126088	-0.005032114071048324
8.34793491864831	6.009060865378141	-0.005470148892987345
8.3729662077597	6.008091841559235	-0.006065234683078194
8.397997496871088	6.007224451446731	-0.006851159536812229
8.423028785982478	6.006556367958449	-0.007839704689627414
8.448060075093867	6.0062183073987745	-0.008997090207361155
8.473091364205256	6.006372406639985	-0.010205136896578232
8.498122653316646	6.007144873694843	-0.011165051735688158
8.523153942428035	6.008366195862085	-0.011422808891461647
8.548185231539424	6.0094646536970595	-0.010786659219095385
8.573216520650814	6.009940166662366	-0.009600562987512787
8.598247809762203	6.009745938751002	-0.008363775816114472
8.623279098873592	6.009101433415666	-0.0073576637887455
8.648310387984981	6.0082289221282945	-0.006653588447232128
8.67334167709637	6.007277791780172	-0.006235659392114498
8.69837296620776	6.006347808900869	-0.006071190877116189
8.72340425531915	6.005527713620829	-0.0061238755704475095
8.748435544430539	6.004916516449435	-0.0063262270166688644
8.773466833541928	6.004591511407081	-0.006531171939972935
8.798498122653317	6.004501535311783	-0.006526476639597059
8.823529411764707	6.0044224115810385	-0.006200453013507204
8.848560700876096	6.004139495304594	-0.005662055157776916
8.873591989987485	6.003613879797574	-0.005101012314722347
8.898623279098874	6.002920824991959	-0.0046296709540254305
8.92365456821026	6.002141982171004	-0.004276155387734432
8.948685857321653	6.001329206382852	-0.004031653455942044
8.973717146433042	6.000509260656643	-0.003880778820739894
8.998748435544432	5.999695233527527	-0.0038128556256023932
9.023779724655821	5.998895394418403	-0.0038247092263368476
9.048811013767207	5.9981199476938745	-0.003920555188135708
9.0738423028786	5.997387798794833	-0.004110204112856106
9.098873591989985	5.996735457943216	-0.004403607032009316
9.123904881101378	5.996227502655732	-0.004793691215928694
9.148936170212767	5.995949793482387	-0.005215641461173454
9.173967459324153	5.995939315467226	-0.005509156713352031
9.198998748435546	5.996070804079454	-0.0054931147272162945
9.224030037546932	5.996098381454688	-0.0051545030297458355
9.249061326658325	5.995875788715689	-0.004664913338631602
9.27409261576971	5.995426999941541	-0.004195015384815107
9.2991239048811	5.994839471373307	-0.0038203452801783694
9.324155193992492	5.9941843365875345	-0.0035509503435874473
9.349186483103878	5.993502730400468	-0.003374707202066937
9.374217772215271	5.992815484547992	-0.0032785944131450695
9.399249061326657	5.992133677760204	-0.0032555696819566993
9.424280350438046	5.991466475794068	-0.003305982388271858
9.449311639549435	5.990828150274823	-0.0034368566246066323
9.474342928660825	5.990246610370922	-0.0036579432888516616
9.499374217772218	5.989773058554021	-0.0039686971353214
9.524405506883603	5.989480861119324	-0.004327378462504777
9.549436795994993	5.989419869085037	-0.004613826869006105
9.574468085106382	5.989519188180047	-0.0046639875579676665
9.599499374217771	5.989578443282713	-0.004423612540011251
9.62453066332916	5.98944118738524	-0.0040139777165142665
9.64956195244055	5.989100987371667	-0.0035914301070215787
9.67459324155194	5.988628261042415	-0.0032369109677655855
9.699624530663328	5.988088844053035	-0.002966170161062598
9.724655819774718	5.987522641105422	-0.002768767810126499
9.749687108886107	5.986949581902796	-0.002629846001904454
9.774718397997496	5.9863783088289475	-0.0025374455402514817
9.799749687108886	5.985811873758135	-0.0024839196465913094
9.824780976220275	5.985250919810095	-0.0024657427247585517
9.849812265331664	5.984695581222836	-0.0024832256714699547
9.874843554443054	5.984147084711264	-0.0025405390197996564
9.899874843554443	5.9836099282342206	-0.0026459668945411213
9.924906132665832	5.983095687370072	-0.0028117177183427794
9.949937421777221	5.982629586880157	-0.003051078302576102
9.97496871088861	5.982259015981085	-0.0033672668948767914
10.0	5.982053196546243	-0.003725535889777476
