-10.0	0.023254691589579046	-0.0001856374524534382
-9.97496871088861	0.02320813189852622	-0.00018643036445477323
-9.949937421777221	0.023161373143969932	-0.00018722847038114832
-9.924906132665832	0.023114414020704466	-0.00018803181680934755
-9.899874843554443	0.02306725321181169	-0.0001888404508613717
-9.874843554443054	0.023019889388515402	-0.0001896544202131395
-9.849812265331664	0.022972321210055213	-0.00019047377310328628
-9.824780976220275	0.022924547323529332	-0.0001912985583422122
-9.799749687108886	0.022876566363772888	-0.00019212882532167186
-9.774718397997496	0.022828376953174967	-0.0001929646240239058
-9.749687108886107	0.02277997770156226	-0.00019380600503191014
-9.724655819774718	0.022731367206046293	-0.00019465301953981717
-9.699624530663328	0.02268254405085024	-0.00019550571936277628
-9.67459324155194	0.02263350680716414	-0.00019636415694856968
-9.64956195244055	0.022584254032983253	-0.00019722838538817344
-9.62453066332916	0.02253478427295086	-0.00019809845842809481
-9.599499374217771	0.022485096058195708	-0.00019897443048222385
-9.574468085106382	0.022435187906146403	-0.00019985635664408752
-9.549436795994993	0.02238505832038218	-0.0002007442927003389
-9.524405506883603	0.02233470579044372	-0.00020163829514444065
-9.499374217772216	0.022284128791650204	-0.000202538421190529
-9.474342928660825	0.022233325784964286	-0.00020344472878905395
-9.449311639549435	0.022182295216725656	-0.00020435727664161463
-9.424280350438046	0.022131035518531128	-0.0002052761242180151
-9.399249061326657	0.0220795451070126	-0.00020620133177369493
-9.37421777221527	0.0220278223836452	-0.0002071329603680061
-9.349186483103878	0.021975865734550126	-0.00020807107188343388
-9.32415519399249	0.02192367353027258	-0.00020901572904702403
-9.2991239048811	0.0218712441255855	-0.0002099669954519906
-9.274092615769712	0.021818575859255063	-0.00021092493558179382
-9.249061326658325	0.021765667053844417	-0.0002118896148355226
-9.224030037546934	0.021712516015462313	-0.0002128610995555391
-9.198998748435546	0.021659121033525963	-0.00021383945705732987
-9.173967459324155	0.021605480380522124	-0.000214824755661841
-9.148936170212767	0.0215515923117664	-0.00021581706473101925
-9.123904881101378	0.02149745506512879	-0.00021681645470682243
-9.098873591989987	0.021443066860762805	-0.00021782299715387976
-9.0738423028786	0.021388425900837227	-0.00021883676480713432
-9.048811013767208	0.021333530369237685	-0.00021985783162435657
-9.023779724655821	0.021278378431255796	-0.00022088627284562456
-8.998748435544432	0.02122296823329428	-0.0002219221650594655
-8.973717146433042	0.021167297902493054	-0.00022296558627732388
-8.948685857321653	0.02111136554642723	-0.0002240166160192708
-8.923654568210262	0.021055169252691464	-0.00022507533541062108
-8.898623279098874	0.02099870708853402	-0.00022614182729324694
-8.873591989987485	0.020941977100429554	-0.0002272161763540309
-8.848560700876096	0.020884977313625264	-0.00022829846927346908
-8.823529411764707	0.020827705731669255	-0.0002293887948987966
-8.798498122653317	0.020770160335879417	-0.00023048724444754698
-8.773466833541928	0.020712339084787423	-0.00023159391174980282
-8.748435544430539	0.020654239913515227	-0.00023270889353554924
-8.72340425531915	0.020595860733110705	-0.00023383228977580384
-8.69837296620776	0.02053719942978649	-0.0002349642040928579
-8.67334167709637	0.02047825386411173	-0.0002361047442639569
-8.648310387984981	0.020419021870110576	-0.00023725402282734342
-8.623279098873592	0.020359501254242574	-0.00023841215780306957
-8.598247809762203	0.020299689794289755	-0.00023957927355382214
-8.573216520650814	0.020239585238031488	-0.0002407555018291152
-8.548185231539424	0.02017918530176832	-0.00024194098310192924
-8.523153942428035	0.0201184876687579	-0.00024313586818400235
-8.498122653316646	0.020057489987487465	-0.00024434031959610913
-8.473091364205256	0.019996189868167313	-0.0002455545127488107
-8.448060075093867	0.019934584876453165	-0.0002467786398099997
-8.423028785982478	0.0198726725284617	-0.00024801291930048874
-8.397997496871088	0.01981045029204065	-0.00024925760588483115
-8.3729662077597	0.019747915586909137	-0.0002505129944484902
-8.34793491864831	0.01968506577729645	-0.0002517794263203199
-8.32290362953692	0.019621898162260898	-0.000253057303798071
-8.297872340425531	0.01955840996721747	-0.0002543471117446988
-8.272841051314144	0.019494598335962898	-0.0002556494465290604
-8.247809762202753	0.019430460322868548	-0.0002569650557916886
-8.222778473091363	0.019365992886315908	-0.0002582948946977526
-8.197747183979974	0.019301192886985064	-0.00025964020698096557
-8.172715894868585	0.019236057097798742	-0.00026100264322680145
-8.147684605757197	0.01917058224040069	-0.00026238443517530297
-8.122653316645806	0.019104765078425068	-0.00026378865376353033
-8.097622027534417	0.01903860263017343	-0.000265219589140539
-8.072590738423028	0.018972092630585635	-0.0002666832958008042
-8.047559449311638	0.018905234507825774	-0.00026818831682999533
-8.02252816020025	0.018838031397959476	-0.00026974644243307755
-7.9974968710888605	0.018770494117375414	-0.00027137278417370403
-7.972465581977473	0.018702648172687297	-0.00027308275617143885
-7.947434292866082	0.018634542651415842	-0.0002748798361186522
-7.922403003754694	0.01856624873697932	-0.000276725351654461
-7.897371714643305	0.018497814091280596	-0.000278501887112384
-7.872340425531914	0.01842916621899171	-0.0002800480186686827
-7.8473091364205265	0.018360104102649544	-0.0002813112113566191
-7.8222778473091354	0.018290470599784392	-0.00028241280151360126
-7.797246558197748	0.018220257481798896	-0.000283508364076146
-7.772215269086359	0.018149532614517128	-0.00028467822769545625
-7.7471839799749675	0.018078359192404747	-0.00028593773798286926
-7.72215269086358	0.018006774626748268	-0.0002872759326358332
-7.697121401752189	0.017934796479157633	-0.00028867704226186175
-7.672090112640801	0.017862431061110406	-0.00029012759177668435
-7.647058823529412	0.0177896790044203	-0.00029161756706770625
-7.622027534418023	0.017716538220802214	-0.00029313988158438664
-7.596996245306634	0.0176430053680674	-0.0002946896051284481
-7.571964956195245	0.01756907656406348	-0.0002962633222509531
-7.546933667083856	0.017494747724319915	-0.0002978586598808286
-7.5219023779724665	0.017420014712476117	-0.00029947396028735807
-7.496871088861077	0.017344873401033745	-0.0003011080586321213
-7.471839799749688	0.017269319688103302	-0.00030276013432152526
-7.446808510638299	0.0171933494971519	-0.00030442961338092434
-7.421777221526909	0.017116958771756785	-0.0003061161021952613
-7.39674593241552	0.017040143468385338	-0.0003078193407791002
-7.371714643304131	0.01696289954846275	-0.0003095391692954502
-7.346683354192741	0.016885222970543623	-0.0003112755039086229
-7.321652065081352	0.016807109683094623	-0.00031302831924773233
-7.296620775969963	0.016728555618054308	-0.0003147976355582366
-7.2715894868585735	0.016649556685194078	-0.00031658350919958056
-7.246558197747184	0.016570108767211877	-0.00031838602555891993
-7.221526908635795	0.016490207715461835	-0.0003202052937315847
-7.196495619524406	0.01640984934626033	-0.00032204144247842403
-7.171464330413016	0.01632902943761927	-0.0003238946171055246
-7.146433041301627	0.016247743726344854	-0.0003257649770587179
-7.121401752190238	0.016165987905417012	-0.0003276526940753227
-7.0963704630788484	0.01608375762161307	-0.0003295579507536367
-7.071339173967459	0.016001048473357482	-0.00033148093943867474
-7.04630788485607	0.015917856008701214	-0.00033342186135310037
-7.0212765957446805	0.015834175723438815	-0.00033538092592132196
-6.996245306633291	0.015750003059324946	-0.0003373583502484512
-6.971214017521902	0.015665333402357984	-0.00033935435872115005
-6.946182728410513	0.015580162081127558	-0.0003413691827099802
-6.921151439299123	0.015494484365202954	-0.0003434030603529509
-6.896120150187734	0.015408295463540611	-0.0003454562364075958
-6.871088861076345	0.015321590522926254	-0.00034752896216176665
-6.8460575719649555	0.015234364626424579	-0.0003496214953949278
-6.821026282853566	0.015146612791815617	-0.0003517341003851926
-6.795994993742177	0.015058329970059958	-0.00035386704795876966
-6.770963704630788	0.014969511043772865	-0.000356020615576616
-6.745932415519399	0.01488015082571792	-0.0003581950874427947
-6.720901126408009	0.01479024405739171	-0.0003603907545828844
-6.69586983729662	0.014699785407696453	-0.00036260791474276854
-6.670838548185231	0.014608769471538885	-0.00036484687177955333
-6.645807259073841	0.014517190767544541	-0.00036710793430726196
-6.620775969962453	0.014425043733308218	-0.0003693914149868055
-6.595744680851063	0.014332322719988522	-0.0003716976343325351
-6.570713391739676	0.014239021993291079	-0.00037402692732295406
-6.545682102628285	0.014145135739174641	-0.0003763796425815258
-6.520650813516897	0.014050658062823462	-0.00037875613607962766
-6.495619524405506	0.013955582982635217	-0.000381156769078711
-6.470588235294117	0.013859904425648217	-0.00038358190976926776
-6.445556946182729	0.013763616225069608	-0.00038603193499585353
-6.420525657071338	0.013666712118211244	-0.0003885072312601462
-6.395494367959951	0.013569185744371826	-0.0003910081953465566
-6.37046307884856	0.013471030642529858	-0.00039353523479791763
-6.34543178973717	0.013372240248787914	-0.0003960887683416986
-6.320400500625783	0.013272807893665917	-0.0003986692263504982
-6.295369211514392	0.013172726799222989	-0.000401277051354898
-6.270337922403004	0.0130719900759666	-0.00040391269862362356
-6.245306633291613	0.0129705907196902	-0.00040657663681531453
-6.2202753441802265	0.012868521608069283	-0.00040926934868960874
-6.195244055068836	0.012765775497191711	-0.00041199133187624914
-6.170212765957448	0.012662345017780297	-0.0004147430997110124
-6.145181476846059	0.012558222671300356	-0.00041752518214761836
-6.120150187734667	0.012453400825775063	-0.00042033812675490445
-6.09511889862328	0.012347871711396063	-0.0004231824998103956
-6.070087609511891	0.012241627415865874	-0.00042605888750221754
-6.0450563204005014	0.012134659879421417	-0.0004289678972553279
-6.020025031289112	0.012026960889584881	-0.0004319101591989116
-5.994993742177721	0.011918522075557103	-0.0004348863277972709
-5.9699624530663336	0.011809334902281865	-0.0004378970836670937
-5.9449311639549425	0.011699390664205112	-0.0004409431355982818
-5.919899874843555	0.01158868047867223	-0.00044402522275882594
-5.894868585732166	0.011477195279253394	-0.0004471441169451307
-5.869837296620776	0.01136492580876336	-0.000450300624416769
-5.844806007509387	0.011251862611530328	-0.00045349558636985365
-5.819774718397998	0.011137996022057006	-0.0004567298776944201
-5.7947434292866085	0.011023316146511863	-0.00046000440869908843
-5.769712140175219	0.010907812843341969	-0.00046332013890576507
-5.74468085106383	0.010791475718204602	-0.0004666780952751748
-5.719649561952441	0.010674294124529915	-0.0004700793762949518
-5.694618272841051	0.010556257153812254	-0.0004735251498112214
-5.669586983729662	0.010437353619478618	-0.0004770166526855968
-5.644555694618273	0.010317572034521216	-0.0004805551935371244
-5.619524405506883	0.010196900586736835	-0.00048414216239899
-5.594493116395494	0.010075327115794508	-0.00048777904389683824
-5.569461827284105	0.009952839090344945	-0.0004914674306036038
-5.5444305381727155	0.009829423582794483	-0.0004952090367356249
-5.519399249061326	0.009705067240714182	-0.0004990057132436138
-5.494367959949937	0.009579756254509242	-0.0005028594650941937
-5.469336670838549	0.009453476320932186	-0.0005067724713280763
-5.444305381727158	0.009326212601889594	-0.000510747108461232
-5.419274092615769	0.009197949677868689	-0.0005147859778777408
-5.3942428035043815	0.009068671495148006	-0.0005188919379604251
-5.36921151439299	0.008938361305694364	-0.000523068141863689
-5.344180225281603	0.008807001598193143	-0.0005273180822336354
-5.319148936170212	0.008674574018840087	-0.0005316456450171758
-5.2941176470588225	0.008541059281119256	-0.0005360551746115133
-5.269086357947435	0.008406437063356531	-0.0005405515510326503
-5.244055068836044	0.00827068588940838	-0.0005451402811718492
-5.219023779724656	0.00813378298852685	-0.0005498276099088761
-5.193992490613266	0.007995704132237602	-0.0005546206567161455
-5.168961201501876	0.007856423444353666	-0.0005595275831404289
-5.1439299123904885	0.0077159131782695844	-0.0005645577987412331
-5.1188986232791	0.007574143454521121	-0.0005697222162465987
-5.09386733416771	0.007431081950512564	-0.0005750335700303033
-5.06883604505632	0.007286693532618127	-0.0005805068163152877
-5.043804755944931	0.0071409398185906525	-0.0005861596396996016
-5.018773466833542	0.00699377865544859	-0.0005920130992226463
-4.993742177722154	0.0068451634953268226	-0.0005980924591908465
-4.968710888610763	0.0066950426481824366	-0.0006044282668837692
-4.943679599499373	0.0065433583869616285	-0.0006110577633824388
-4.918648310387985	0.006390045878133854	-0.0006180267485161317
-4.893617021276597	0.006235031909568534	-0.0006253920715862948
-4.868585732165207	0.006078233391898724	-0.0006332249942127
-4.843554443053817	0.005919555624389616	-0.0006416157829900043
-4.818523153942427	0.005758890353205537	-0.0006506800574918592
-4.793491864831038	0.00559611373214608	-0.000660567674726581
-4.768460575719651	0.005431084468604297	-0.0006714753234900034
-4.7434292866082615	0.005263642792955547	-0.000683664607157311
-4.71839799749687	0.005093611614769955	-0.0006974883246509134
-4.69336670838548	0.00492080271104367	-0.000713429070446317
-4.668335419274092	0.004745033834065104	-0.0007321563212058513
-4.643304130162704	0.004566168915530522	-0.0007546108180299105
-4.618272841051315	0.004384206572733973	-0.00078212730823915
-4.593241551939924	0.004199468837993159	-0.0008166041684296993
-4.568210262828536	0.004012994514878798	-0.0008607054880757498
-4.543178973717147	0.0038273319218431467	-0.0009179890180957828
-4.518147684605758	0.003648018403232811	-0.000992560022662431
-4.4931163954943685	0.003485822459899257	-0.0010871078383807714
-4.468085106382977	0.0033581195453002977	-0.0011971048680605306
-4.44305381727159	0.0032827979157223908	-0.0013007554979972275
-4.418022528160201	0.0032567116934369977	-0.0013574482405670774
-4.392991239048811	0.003238365950149813	-0.0013376870183544193
-4.367959949937422	0.0031775966179115045	-0.001257475386699125
-4.342928660826031	0.003058588210348212	-0.0011586703292162381
-4.317897371714643	0.002895249322127036	-0.001070428606342419
-4.292866082603254	0.002706489638521603	-0.0010019081177051053
-4.267834793491865	0.002505307646985422	-0.0009519384688700394
-4.2428035043804755	0.0022987205501685537	-0.0009165386819328658
-4.217772215269086	0.002090068076017637	-0.0008918865064049819
-4.192740926157699	0.0018807746943281245	-0.0008750251871577769
-4.167709637046308	0.0016713390969842479	-0.0008638242928109136
-4.142678347934918	0.0014618328596185393	-0.0008567811293557492
-4.117647058823529	0.001252139654394302	-0.0008528376090224804
-4.09261576971214	0.0010420699094706443	-0.0008512469935804123
-4.067584480600752	0.0008314188740055073	-0.0008514793187149872
-4.042553191489361	0.0006199923231644533	-0.0008531518066953875
-4.017521902377972	0.0004076130932038069	-0.0008559818956431348
-3.9924906132665825	0.0001941211956233424	-0.0008597578656560773
-3.967459324155193	-2.0627221370528304e-5	-0.0008643195137745252
-3.9424280350438052	-0.00023676135796613096	-0.000869544560188576
-3.917396745932415	-0.0004543975448081383	-0.0008753388696850217
-3.8923654568210257	-0.0006736410913399382	-0.0008816293875099357
-3.867334167709638	-0.0008945880280735174	-0.0008883590133748065
-3.8423028785982494	-0.0011173266610726706	-0.0008954828539453619
-3.8172715894868587	-0.0013419389174993412	-0.0009029654575185009
-3.7922403003754686	-0.0015685014915804985	-0.0009107787531621031
-3.7672090112640793	-0.0017970868128047712	-0.0009189004997512962
-3.7421777221526913	-0.0020277638615939786	-0.0009273131078514352
-3.717146433041303	-0.0022605988565049806	-0.0009360027371390356
-3.6921151439299127	-0.002495655834656496	-0.0009449585996679499
-3.6670838548185225	-0.00273299714375419	-0.0009541724186763467
-3.6420525657071328	-0.002972683861090175	-0.000963638006418438
-3.617021276595745	-0.003214776152114407	-0.0009733509345001418
-3.5919899874843564	-0.0034593335784256496	-0.000983308277624162
-3.566958698372966	-0.003706415362422444	-0.00099350841739973
-3.541927409261576	-0.0039560806124820935	-0.0010039508975222128
-3.5168961201501876	-0.004208388507905614	-0.0010146363254368018
-3.4918648310387996	-0.004463398434665589	-0.0010255663179908059
-3.46683354192741	-0.0047211700477203244	-0.0010367434864469033
-3.4418022528160197	-0.004981763208541601	-0.0010481714389515562
-3.4167709637046295	-0.005245237708732198	-0.0010598547151561416
-3.391739674593241	-0.00551165269365983	-0.0010717983885817073
-3.366708385481853	-0.005781065991531609	-0.0010840067262977565
-3.341677096370464	-0.0060535347086170255	-0.0010964802759882847
-3.3166458072590737	-0.006329119896036239	-0.0011092131953474027
-3.291614518147683	-0.00660789390560268	-0.0011221973403523627
-3.2665832290362946	-0.006889939358282859	-0.001135432921318888
-3.2415519399249066	-0.007175339075971898	-0.001148931300160791
-3.2165206508135173	-0.007464170795846048	-0.001162709515037122
-3.191489361702127	-0.007756506707347732	-0.001176785090571425
-3.166458072590739	-0.008052416152229736	-0.0011911717156111862
-3.14142678347935	-0.008351970175808354	-0.0012058787663570547
-3.11639549436796	-0.008655243746666486	-0.0012209136125798936
-3.091364205256571	-0.008962315724547754	-0.0012362834734791495
-3.0663329161451807	-0.009273268281568825	-0.00125199617471497
-3.0413016270337927	-0.009588186491463535	-0.0012680603196489337
-3.0162703379224034	-0.009907158148274586	-0.0012844852670291507
-2.991239048811014	-0.010230273733513151	-0.0013012810735174712
-2.966207759699625	-0.010557626464334113	-0.0013184584472580863
-2.941176470588234	-0.0108893123845073	-0.0013360287202782983
-2.916145181476846	-0.011225430478919218	-0.0013540038372560348
-2.891113892365457	-0.011566082802441535	-0.0013723963566951297
-2.8660826032540676	-0.011911374618971848	-0.0013912194612550471
-2.8410513141426783	-0.012261414548875749	-0.0014104869749532317
-2.816020025031289	-0.012616314724264832	-0.0014302133857481553
-2.790988735919901	-0.012976190952131539	-0.001450413872560924
-2.7659574468085104	-0.013341162885649016	-0.0014711043361727572
-2.740926157697121	-0.013711354204180015	-0.0014923014336814255
-2.715894868585732	-0.014086892802535722	-0.0015140226163721793
-2.6908635794743425	-0.01446791099018263	-0.0015362861709759812
-2.6658322903629545	-0.014854545701134647	-0.001559111264372165
-2.6408010012515644	-0.015246938715280933	-0.0015825179918581428
-2.615769712140175	-0.015645236892045666	-0.0016065274291593434
-2.5907384230287853	-0.016049592417206604	-0.001631161688398483
-2.565707133917396	-0.016460163063895195	-0.0016564439782828788
-2.540675844806008	-0.016877112468814737	-0.0016823986688060677
-2.515644555694618	-0.01730061042475395	-0.0017090513608008923
-2.4906132665832286	-0.017730833190636286	-0.0017364289607179062
-2.4655819774718406	-0.018167963820415967	-0.0017645597610479596
-2.440550688360452	-0.01861219251214763	-0.001793473526848971
-2.4155193992490616	-0.019063716978884315	-0.0018232015888895309
-2.3904881101376714	-0.01952274284293276	-0.0018537769439711388
-2.365456821026282	-0.019989484055326745	-0.0018852343630520046
-2.340425531914894	-0.020464163342404085	-0.001917610507858783
-2.3153942428035057	-0.02094701268169885	-0.0019509440567426484
-2.2903629536921155	-0.021438273809360364	-0.0019852758406186527
-2.2653316645807253	-0.02193819876165115	-0.0020206489899102648
-2.2403003754693356	-0.022447050453257678	-0.0020571090935252584
-2.2152690863579476	-0.02296510329541146	-0.00209470437099403
-2.190237797246559	-0.023492643857116136	-0.0021334858590255634
-2.165206508135169	-0.024029971572994135	-0.002173507613875872
-2.140175219023779	-0.02457739950175908	-0.00221482693107479
-2.1151439299123904	-0.0251352551395998	-0.0022575045842327807
-2.0901126408010025	-0.025703881293148267	-0.00230160508484388
-2.0650813516896127	-0.026283637017309402	-0.0023471969652203856
-2.0400500625782225	-0.026874898623674426	-0.00239435308694487
-2.0150187734668323	-0.027478060765754986	-0.0024431509775030974
-1.989987484355444	-0.028093537608074648	-0.002493673198083496
-1.9649561952440555	-0.028721764086752977	-0.0025460077458842045
-1.939924906132667	-0.02936319727015224	-0.002600248494683821
-1.914893617021277	-0.030018317828953478	-0.002656495677893292
-1.8898623279098858	-0.03068763162609578	-0.0027148564188401586
-1.8648310387984974	-0.03137167143824682	-0.00277544531364296
-1.839799749687109	-0.0320709988216179	-0.002838385072724617
-1.8147684605757206	-0.03278620613655381	-0.0029038072278113614
-1.7897371714643304	-0.03351791874685883	-0.002971852912173348
-1.764705882352942	-0.0342667974117461	-0.003042673722914835
-1.7396745932415527	-0.035033540890414994	-0.003116432675327019
-1.7146433041301625	-0.03581888878164907	-0.003193305260717455
-1.6896120150187741	-0.0366236246235383	-0.0032734806207410233
-1.664580725907384	-0.037448579281545324	-0.0033571628531336994
-1.6395494367959955	-0.038294634656737436	-0.0034445724659249444
-1.6145181476846062	-0.039162727749894266	-0.0035359479997430776
-1.589486858573217	-0.04005385512203574	-0.0036315478407846213
-1.5644555694618276	-0.04096907779708214	-0.0037316522504879657
-1.5394242803504374	-0.04190952665848435	-0.003836565642012138
-1.514392991239049	-0.04287640839881535	-0.003946619138405841
-1.4893617021276597	-0.04387101208920274	-0.0040621734529885795
-1.4643304130162704	-0.04489471644512788	-0.004183622139135451
-1.4392991239048811	-0.04594899787583717	-0.004311395264562604
-1.4142678347934918	-0.04703543941722366	-0.004445963574616213
-1.3892365456821025	-0.048155740662974456	-0.004587843220287269
-1.3642052565707132	-0.049311728825616186	-0.004737601140095138
-1.339173967459324	-0.05050537107963127	-0.004895861201104801
-1.3141426783479346	-0.051738788361921806	-0.0050633112237470634
-1.2891113892365453	-0.05301427083306809	-0.005240711038577331
-1.264080100125157	-0.05433429523519884	-0.005428901751562312
-1.2390488110137667	-0.055701544421186355	-0.005628816429131905
-1.2140175219023774	-0.057118929375552074	-0.005841492456577141
-1.1889862327909881	-0.05858961410199015	-0.006068085875332918
-1.1639549436795988	-0.06011704381748206	-0.006309888068707775
-1.1389236545682104	-0.06170497697042787	-0.006568345244850823
-1.1138923654568202	-0.0633575216935105	-0.006845081264235178
-1.0888610763454318	-0.06507917741390479	-0.00714192448194291
-1.0638297872340434	-0.06687488247852302	-0.007460939429410965
-1.0387984981226523	-0.06875006881535128	-0.00780446435503121
-1.013767209011264	-0.0707107248502119	-0.008175155889949368
-0.9887359198998737	-0.07276346813928658	-0.008576042420311375
-0.9637046307884853	-0.07491562947206054	-0.009010588151102283
-0.9386733416770969	-0.07717535055890368	-0.009482770367892468
-0.9136420525657085	-0.0795516978584816	-0.009997173079577856
-0.8886107634543183	-0.08205479564151918	-0.010559101109865979
-0.8635794743429273	-0.08469598205299533	-0.01117471986972915
-0.8385481852315388	-0.08748799275328434	-0.011851227586992502
-0.8135168961201504	-0.0904451777252322	-0.012597068831974048
-0.788485607008762	-0.09358375806754582	-0.01342220095603093
-0.7634543178973718	-0.09692213110084458	-0.014338428832445821
-0.7384230287859816	-0.10048123393426112	-0.015359828457517447
-0.7133917396745932	-0.10428497781270263	-0.016503287115846837
-0.6883604505632039	-0.10836076809237971	-0.017789197789776737
-0.6633291614518155	-0.11274012750721019	-0.019242359559766956
-0.6382978723404253	-0.1174594432729168	-0.020893155786017525
-0.6132665832290352	-0.12256086099950858	-0.022779110731948257
-0.5882352941176467	-0.12809334920299698	-0.02494696734012815
-0.5632040050062583	-0.1341139550723689	-0.0274554908157721
-0.5381727158948699	-0.1406892603378851	-0.030379294965007714
-0.5131414267834788	-0.14789701622197438	-0.03381412726575925
-0.48811013767208866	-0.15582786990806907	-0.037884260223412236
-0.46307884856070025	-0.16458695457098393	-0.04275296123111608
-0.43804755944931184	-0.17429482595636214	-0.04863751381256737
-0.41301627033792343	-0.1850866384467733	-0.0558310339255981
-0.38798498122653324	-0.1971072485858283	-0.06473449484324277
-0.36295369211514483	-0.21049746033989924	-0.07590407776605433
-0.33792240300375376	-0.22536151526924275	-0.0901211886763244
-0.31289111389236535	-0.24169534029913953	-0.10849447684250547
-0.28785982478097694	-0.25923332313088876	-0.13260150558524142
-0.26282853566958675	-0.27712848930668077	-0.16466003884179659
-0.23779724655819834	-0.29330612615231066	-0.20764637585005236
-0.21276595744680904	-0.3032489811438097	-0.2650445628601146
-0.18773466833541974	-0.29811837692101895	-0.33930779755719
-0.16270337922403044	-0.2634371540441043	-0.42718457139761606
-0.13767209011264026	-0.18362995791655035	-0.511265498083905
-0.11264080100125184	-0.05960656377551965	-0.5576029317392999
-0.08760951188986255	0.07512447178378334	-0.5394547799285477
-0.06257822277847325	0.17711081668237938	-0.4680383230917078
-0.03754693366708395	0.23085798559212112	-0.3786819437089628
-0.01251564455569465	0.24731893275530092	-0.29725994734930516
0.01251564455569465	0.24272500506170624	-0.23237525588050442
0.03754693366708395	0.22849218301804974	-0.18333527948617787
0.06257822277847325	0.2108547547369919	-0.1467995463229584
0.08760951188986255	0.1928095612019165	-0.11948276304269043
0.11264080100125184	0.17565624221401244	-0.09882487903840931
0.13767209011264114	0.15987129015866897	-0.0829773408368096
0.16270337922403044	0.14555160825962066	-0.07063733835073474
0.18773466833541974	0.13262962178334847	-0.06088900735268904
0.21276595744680726	0.12097507984755618	-0.05308379145869273
0.23779724655819834	0.11044199795974308	-0.04675701502195262
0.26282853566958764	0.10088929085692344	-0.04157122855481696
0.28785982478097694	0.09218889711329492	-0.03727794012728741
0.31289111389236623	0.08422806537583494	-0.03369164785683673
0.33792240300375376	0.07690902782807685	-0.030672053558499682
0.36295369211514483	0.07014761382590784	-0.028111737529337516
0.38798498122653235	0.06387153921979216	-0.02592750992966003
0.41301627033792343	0.05801870616025573	-0.02405426454385419
0.43804755944931273	0.052535652492108564	-0.022440556374593953
0.46307884856070025	0.04737619578309804	-0.021045381677499198
0.4881101376720913	0.042500273495682084	-0.019835807372358946
0.5131414267834788	0.03787296227654391	-0.018785208029801312
0.5381727158948699	0.03346365297423315	-0.01787194300491224
0.5632040050062574	0.029245357335070388	-0.017078356617379484
0.5882352941176467	0.025194124130677675	-0.01639001879617634
0.6132665832290378	0.021288545140571102	-0.015795147649950755
0.6382978723404253	0.017509334194212745	-0.015284172496779935
0.6633291614518164	0.013838965044546292	-0.0148494083388815
0.6883604505632039	0.010261356098444363	-0.01448482222708286
0.7133917396745932	0.0067615919970833716	-0.014185879619165814
0.7384230287859808	0.0033256738446620915	-0.013949465657518714
0.7634543178973718	-5.970823145595716e-5	-0.01377388317102897
0.7884856070087629	-0.003407384098949251	-0.0136589371343325
0.8135168961201504	-0.00672989436707061	-0.01360612556612062
0.8385481852315397	-0.01003965628246073	-0.013618971213558886
0.8635794743429273	-0.013349085283037354	-0.013703549489083824
0.8886107634543183	-0.016670627098574364	-0.013869299808880173
0.9136420525657059	-0.020016603511724185	-0.014130254724982277
0.9386733416770969	-0.023398668938014122	-0.01450688862759951
0.9637046307884862	-0.026826456211953342	-0.015028871865068447
0.9887359198998737	-0.030304537227436423	-0.01573907748033522
1.0137672090112648	-0.033825899383562064	-0.016699058656126975
1.0387984981226523	-0.037358343515456305	-0.017995314330935208
1.0638297872340434	-0.040817230502494084	-0.01974220170345363
1.088861076345431	-0.04401554499657401	-0.022066663256205543
1.1138923654568202	-0.04659245918178723	-0.025034134431700522
1.1389236545682113	-0.047987369839967986	-0.028444145398248355
1.1639549436795988	-0.04769288823529916	-0.03151584606340946
1.18898623279099	-0.045981774747464677	-0.03295139325691772
1.2140175219023774	-0.044290892904268464	-0.03200668736751808
1.2390488110137667	-0.04408528236569298	-0.029384395827947038
1.264080100125156	-0.04567895966928326	-0.026388622748650822
1.2891113892365453	-0.04857799378722305	-0.023826181293879298
1.3141426783479364	-0.05221780624865069	-0.02191490127196488
1.339173967459324	-0.05623145802411278	-0.02059712803516449
1.3642052565707132	-0.060427906930122344	-0.019749731376058705
1.3892365456821025	-0.0647196595841244	-0.019261259216744597
1.4142678347934918	-0.0690708762812191	-0.0190474166110053
1.4392991239048811	-0.07346889541871082	-0.019045640537087405
1.4643304130162704	-0.07791337185799652	-0.01920407380703852
1.4893617021276597	-0.08242003228327821	-0.01947558621261196
1.514392991239049	-0.08702549274331428	-0.01982836848228066
1.5394242803504383	-0.09177122178362174	-0.020259157043658854
1.5644555694618276	-0.09668290117646627	-0.02078142334939269
1.589486858573217	-0.10177305961485317	-0.021406031240411155
1.6145181476846044	-0.1070528913190536	-0.02213734730708042
1.6395494367959955	-0.11253747558163463	-0.022977414321081885
1.6645807259073848	-0.11824601208805685	-0.02392920457510156
1.6896120150187741	-0.12420103094969948	-0.024997882877253505
1.7146433041301634	-0.13042790922608116	-0.02619113986687807
1.739674593241551	-0.13695479300398938	-0.027519287068206263
1.764705882352942	-0.1438127971942338	-0.028995379307294858
1.7897371714643295	-0.15103638515772655	-0.030635446853940054
1.8147684605757206	-0.15866388096643602	-0.032458863575173746
1.83979974968711	-0.1667381004031787	-0.03448886832319921
1.8648310387984974	-0.1753071061516227	-0.03675326339118343
1.8898623279098885	-0.18442510465431639	-0.03928532649645773
1.914893617021276	-0.19415351101735112	-0.042124989544126815
1.939924906132667	-0.20456221632089333	-0.045320359366352425
1.9649561952440546	-0.2157310997987416	-0.04892968510857826
1.989987484355444	-0.22775183689530998	-0.05302391761555468
2.015018773466835	-0.24073006284365484	-0.05769006348570972
2.0400500625782225	-0.25478795880954985	-0.06303561852319613
2.065081351689613	-0.2700673307499257	-0.06919448442733002
2.090112640801001	-0.28673324352602547	-0.0763349476321688
2.1151439299123904	-0.3049782415660234	-0.084670559627904
2.1401752190237784	-0.32502710676093116	-0.09447514988446878
2.165206508135169	-0.3471419232224724	-0.10610379808600486
2.1902377972465596	-0.3716268351735157	-0.12002250564089927
2.2152690863579476	-0.39883109373353376	-0.13685071432895518
2.240300375469337	-0.42914737412344905	-0.1574229887524181
2.265331664580725	-0.4629990493651084	-0.18287947830935458
2.2903629536921155	-0.5008033455795813	-0.2147996079035427
2.315394242803503	-0.5428833425388935	-0.2553998599309475
2.340425531914894	-0.5892728521917272	-0.3078226732208985
2.3654568210262834	-0.639298702519675	-0.3765405477990956
2.3904881101376714	-0.6907068181272336	-0.46785531043878076
2.415519399249062	-0.7378883989266618	-0.5902848406824439
2.4405506883604495	-0.7685110441094452	-0.7540134115821746
2.4655819774718406	-0.758149236801545	-0.9669485950827732
2.490613266583228	-0.6658290271393632	-1.22218129508996
2.515644555694618	-0.4445323249286086	-1.4737848050239777
2.5406758448060085	-0.08908912808207559	-1.6253282192456076
2.565707133917396	0.3109347988182778	-1.5911592009322866
2.590738423028787	0.6249571025599101	-1.3924772147085567
2.6157697121401746	0.7974837125661725	-1.1309884021516279
2.6408010012515644	0.8558909964615058	-0.8877740870686026
2.665832290362953	0.8482979292381305	-0.6922434563825592
2.6908635794743425	0.8099049382640047	-0.5439709656912057
2.7158948685857336	0.7602668891228546	-0.4334189455220103
2.740926157697121	0.7088815766497132	-0.3507854087112784
2.765957446808511	0.6599149021325474	-0.28833310716317995
2.7909887359198997	0.6149319311103083	-0.24045024263435721
2.816020025031289	0.5742925070261218	-0.20317714886310462
2.841051314142678	0.5378301761003654	-0.17373097433957221
2.8660826032540676	0.5051741950834656	-0.15014288985941512
2.8911138923654573	0.47589848731472717	-0.13100393634675833
2.916145181476846	0.4495875458325824	-0.11529218812803105
2.9411764705882355	0.4258628075788522	-0.102256007814721
2.9662077596996244	0.4043905300867294	-0.09133488238970239
2.991239048811014	0.38488134239710137	-0.08210525439669078
3.0162703379224016	0.3670863715862538	-0.07424302683934778
3.0413016270337927	0.3507922720666641	-0.06749728157949755
3.066332916145182	0.33581622301067604	-0.06167162019961067
3.091364205256571	0.3220013425839099	-0.05661074818561379
3.1163954943679606	0.30921267063653435	-0.05219071043512977
3.141426783479348	0.29733373336588453	-0.048311700802836643
3.166458072590739	0.28626364404990934	-0.0448927080987189
3.1914893617021267	0.2759146729621902	-0.041867487553220034
3.2165206508135173	0.2662102167127802	-0.03918149962055362
3.241551939924907	0.25708310233011655	-0.036789562285816646
3.2665832290362946	0.24847416937646294	-0.03465403500994926
3.2916145181476857	0.24033108186875562	-0.03274340266083642
3.316645807259073	0.23260732968735276	-0.031031163193341565
3.341677096370464	0.22526138609207003	-0.029494948079248184
3.366708385481852	0.2182559938441857	-0.028115822656734513
3.391739674593241	0.21155755731675896	-0.026877726777680133
3.416770963704632	0.20513562198066637	-0.025767025827552914
3.4418022528160197	0.19896242591228575	-0.02477214938048561
3.4668335419274103	0.19301251060311309	-0.023883300134606156
3.4918648310387983	0.18726238047085442	-0.023092219847879736
3.5168961201501876	0.1816902021675606	-0.0223920021193878
3.5419274092615756	0.17627553612790337	-0.021776944294601197
3.566958698372966	0.17099909386053103	-0.021242432708022452
3.591989987484357	0.1658425153070695	-0.020784857058417927
3.617021276595745	0.16078816121671835	-0.02040155105666186
3.642052565707134	0.15581891594473696	-0.02009075769146529
3.667083854818522	0.1509179964182561	-0.019851618612737543
3.6921151439299127	0.14606876327089324	-0.019684188325949536
3.7171464330413	0.14125453041704628	-0.019589475216616914
3.7421777221526913	0.13645836978438908	-0.019569512975446846
3.7672090112640806	0.13166290890367538	-0.019627467811214716
3.7922403003754686	0.12685012129322626	-0.019767788716863022
3.817271589486859	0.12200111446154693	-0.01999640890717891
3.8423028785982467	0.11709592997541662	-0.020321002453483672
3.867334167709638	0.1121133845990423	-0.02075127921492248
3.8923654568210253	0.10703098346603035	-0.021299234574884807
3.917396745932415	0.10182483042330848	-0.021979125327607374
3.9424280350438057	0.09646897940681143	-0.022806875296470075
3.967459324155193	0.09093283534601504	-0.023799568061435572
3.9924906132665843	0.08517662231494327	-0.024978352347637234
4.017521902377972	0.07915080441187827	-0.026376132953852327
4.042553191489361	0.07280214314463418	-0.028041482108669413
4.06758448060075	0.06607605437325548	-0.030035619580471185
4.09261576971214	0.058912134471885924	-0.03243234402323791
4.117647058823531	0.05123972939696131	-0.0353240061165816
4.142678347934918	0.042975835176008115	-0.03883053408670545
4.167709637046308	0.03402428436218763	-0.04311097342370318
4.192740926157697	0.024276011560172783	-0.04837928101090716
4.217772215269086	0.013611638833880058	-0.05492709002122331
4.2428035043804755	0.0019093720486131893	-0.06315721733099156
4.267834793491865	-0.010935611881616403	-0.07363327370237993
4.292866082603254	-0.024967557760967374	-0.08715258061516695
4.317897371714643	-0.04007603186487607	-0.10485002640439445
4.342928660826033	-0.05579773570422253	-0.12833322664203273
4.367959949937422	-0.07090974193120836	-0.15981371989769877
4.392991239048811	-0.0826363363440219	-0.20207458364783215
4.418022528160199	-0.08528976108000519	-0.257760504984977
4.44305381727159	-0.06871889235754214	-0.3267526697762074
4.468085106382979	-0.019327873392193773	-0.40016860184135106
4.4931163954943685	0.0698752097109483	-0.4544796632898985
4.518147684605758	0.1818766575330022	-0.46141140541277553
4.543178973717145	0.27959304167700383	-0.4166357249054743
4.568210262828536	0.3390510110299325	-0.34516772142568725
4.593241551939924	0.3627345674333937	-0.2736879679747627
4.618272841051315	0.3640540804867376	-0.2144426633444202
4.643304130162704	0.35437361083260654	-0.16900710928880336
4.668335419274092	0.3403725451379489	-0.13499617072992998
4.693366708385483	0.3253342391179239	-0.10949174503181339
4.71839799749687	0.31068420682082953	-0.09014628518983181
4.7434292866082615	0.2969936871670589	-0.07528618967897616
4.768460575719649	0.2844610030876238	-0.06372698053148035
4.793491864831038	0.27310461596326707	-0.05461618088475556
4.818523153942429	0.26285506764273237	-0.04733783260619562
4.843554443053817	0.25360708885580596	-0.041446647264386294
4.868585732165208	0.24524755223348116	-0.03661907602492859
4.8936170212765955	0.23766867638628142	-0.032617774638300095
4.918648310387985	0.23077326230348483	-0.02926655383455884
4.943679599499372	0.2244760186707202	-0.02643295684370922
4.968710888610763	0.21870312431276062	-0.024016148676738958
4.9937421777221545	0.21339109416615276	-0.021938442337966713
5.018773466833542	0.20848545504241578	-0.02013931073820674
5.043804755944931	0.20393945898465127	-0.018571107967598033
5.068836045056319	0.19971292741812618	-0.017195978173244503
5.09386733416771	0.19577125730692568	-0.01598359962614554
5.118898623279097	0.19208459617449947	-0.014909522467694836
5.1439299123904885	0.18862718967033487	-0.013953926721770399
5.168961201501878	0.18537691341127882	-0.013100654324110728
5.193992490613265	0.182314996086836	-0.012336339036539717
5.219023779724656	0.17942582877336744	-0.01164936057311014
5.244055068836044	0.17669632066725516	-0.011028380263862908
5.269086357947435	0.17411374060879936	-0.010461215494723564
5.2941176470588225	0.17166280202981632	-0.009936686060929484
5.319148936170212	0.1693268947253843	-0.009448967274391346
5.344180225281603	0.1670932933794429	-0.008997342678924464
5.36921151439299	0.16495431959520523	-0.008581481486250486
5.3942428035043815	0.1629045225480379	-0.008199292360001248
5.419274092615769	0.16093874757435245	-0.007847641645369025
5.444305381727158	0.15905177353397626	-0.007523294172484901
5.469336670838548	0.15723846767855676	-0.007223323603743087
5.494367959949937	0.1554939439260572	-0.006945196741706822
5.519399249061328	0.15381363905772183	-0.006686742583419697
5.5444305381727155	0.1521933311460657	-0.006446097029697284
5.569461827284105	0.15062912872339052	-0.006221651646534099
5.594493116395494	0.14911744769559476	-0.006012012538073042
5.619524405506883	0.14765498459506166	-0.005815969030210005
5.644555694618273	0.14623869034059478	-0.005632470708016674
5.669586983729662	0.14486574675592045	-0.005460611647837649
5.694618272841051	0.14353354770326732	-0.005299621241485891
5.719649561952441	0.14223968748174176	-0.005148861320784362
5.74468085106383	0.1409819611739831	-0.005007828686714053
5.769712140175219	0.13975838474417568	-0.004876159364883767
5.7947434292866085	0.138567246397308	-0.004753624789180316
5.819774718397996	0.13740720927347994	-0.004640096624776172
5.844806007509387	0.13627749623166885	-0.0045353975116999845
5.869837296620776	0.13517805865251198	-0.004438801469926243
5.894868585732166	0.13410909978360053	-0.004348054290456108
5.919899874843555	0.13306907920624234	-0.004259050460375141
5.9449311639549425	0.13205283659256484	-0.00416848785787477
5.9699624530663336	0.1310540999729639	-0.004077378817658836
5.994993742177721	0.13006978880388864	-0.00398953079464355
6.020025031289112	0.1290998750195529	-0.003907734962903475
6.0450563204005014	0.12814497677377457	-0.0038328536744367953
6.07008760951189	0.12720519064799252	-0.0037647187094778795
6.09511889862328	0.1262800324411817	-0.0037028955441264777
6.120150187734667	0.12536865537424546	-0.003647003736899329
6.145181476846059	0.12447002904490034	-0.003596792907048743
6.170212765957445	0.1235830304708081	-0.0035521340586498057
6.195244055068836	0.12270647843233551	-0.003513002179587013
6.2202753441802265	0.12183914406274532	-0.0034794662806361953
6.245306633291613	0.12097975059020527	-0.003451685256841558
6.270337922403005	0.12012696622794561	-0.0034299085952555486
6.295369211514392	0.11927939218711536	-0.003414481939345834
6.320400500625783	0.118435546860991	-0.0034058576617456426
6.3454317897371695	0.11759384650749372	-0.0034046108132186476
6.37046307884856	0.11675258225253593	-0.003411461213102346
6.395494367959952	0.11590989289176257	-0.0034273029735934213
6.420525657071338	0.11506373270763604	-0.0034532434163005443
6.445556946182729	0.11421183329558193	-0.003490654210707711
6.470588235294116	0.11335165818965187	-0.003541238752550524
6.495619524405506	0.11248034890937042	-0.003607121472735675
6.520650813516895	0.11159466096687698	-0.003690967174218046
6.545682102628285	0.11069088850024311	-0.003796142015769985
6.570713391739676	0.1097647767832699	-0.003926932987704912
6.5957446808510625	0.10881142340880068	-0.0040888505798449964
6.620775969962453	0.1078251724643362	-0.004289051268121971
6.645807259073841	0.10679951349399452	-0.004536934680662366
6.670838548185231	0.10572701240041482	-0.004844998410321794
6.695869837296622	0.10459933286058032	-0.00523007685258535
6.720901126408009	0.10340747107806791	-0.005715156557105069
6.745932415519399	0.10214245834295088	-0.006332057851584194
6.770963704630788	0.10079705751836165	-0.007125403384964327
6.795994993742178	0.09936954251292995	-0.008158426859367865
6.821026282853566	0.09787180936973705	-0.009521147407728511
6.8460575719649555	0.09634638165644027	-0.011340649589093477
6.871088861076346	0.09490105373126845	-0.013789742052384063
6.896120150187734	0.09377526834659289	-0.0170786782560651
6.921151439299124	0.09344855924285866	-0.021383172737644632
6.946182728410513	0.09474200844506164	-0.026605321880292743
6.971214017521902	0.09864882685614607	-0.031886016940280995
6.996245306633291	0.10541423733164823	-0.03529329972161099
7.0212765957446805	0.1133542433893977	-0.03493067602931563
7.046307884856071	0.1197206036638141	-0.031009095949937435
7.071339173967459	0.12316842896188529	-0.025583978364984813
7.0963704630788484	0.12416280003864788	-0.02043425081713511
7.121401752190238	0.12370725047399489	-0.016255528514196357
7.146433041301627	0.12256563332432169	-0.013073606160547674
7.171464330413016	0.12116957546105578	-0.010697138561901659
7.196495619524406	0.11973108808691091	-0.008920147700004016
7.221526908635795	0.11834481583692913	-0.007577951562468252
7.246558197747184	0.11704835127930213	-0.006550151779429747
7.2715894868585735	0.11585288605758493	-0.005750075678821895
7.296620775969963	0.1147564313029159	-0.005113851837335384
7.321652065081352	0.11374813325173605	-0.004594669175333119
7.3466833541927405	0.1128128095452885	-0.004162129655483807
7.371714643304131	0.11193806913730864	-0.0037987926846075326
7.39674593241552	0.1111165882359808	-0.003492892492181321
7.421777221526909	0.11034353756538007	-0.0032343050330079226
7.446808510638299	0.10961457947993924	-0.0030141650423583383
7.471839799749687	0.10892545800946785	-0.0028251492881826157
7.496871088861077	0.10827213549326675	-0.0026614325541593487
7.521902377972466	0.10765093087554423	-0.0025184407927756197
7.546933667083856	0.10705857029657029	-0.0023925794611003165
7.571964956195245	0.10649217883910289	-0.0022810043888666504
7.5969962453066335	0.10594924549488649	-0.0021814448948960785
7.622027534418024	0.10542757981639905	-0.0020920711459516683
7.647058823529412	0.10492526893616816	-0.0020113952109088173
7.672090112640802	0.10444063844417428	-0.001938196911245249
7.697121401752189	0.1039722181660645	-0.0018714677901803672
7.72215269086358	0.10351871282133462	-0.0018103683624737937
7.74718397997497	0.10307897710578917	-0.001754195170759698
7.772215269086359	0.10265199462544494	-0.0017023551574635865
7.797246558197749	0.10223686009787336	-0.00165434552504376
7.8222778473091354	0.10183276426090426	-0.0016097377860275486
7.8473091364205265	0.10143898105449534	-0.0015681650744137077
7.872340425531913	0.10105485672523873	-0.001529311989119042
7.897371714643305	0.10067980053373482	-0.001492906411494882
7.922403003754695	0.1003132767912227	-0.0014587128868124438
7.947434292866082	0.09995479800154872	-0.001426527264173083
7.972465581977473	0.09960391892379761	-0.0013961723650430663
7.99749687108886	0.0992602314022264	-0.0013674945098448993
8.022528160200253	0.09892335983516887	-0.001340360781041966
8.047559449311638	0.0985929571757973	-0.0013146569445480066
8.072590738423028	0.0982687013766732	-0.0012902859933133226
8.09762202753442	0.09795029220865992	-0.0012671673229728148
8.122653316645806	0.09763744840858024	-0.0012452366054857278
8.147684605757199	0.09732990514524786	-0.0012244465008267036
8.172715894868585	0.09702741185322772	-0.001204768452398669
8.197747183979974	0.09672973059731227	-0.0011861959681100792
8.222778473091363	0.09643663535395319	-0.0011687500221874841
8.247809762202753	0.0961479130476608	-0.0011524875526751077
8.272841051314145	0.09586336810683527	-0.0011375144865333475
8.297872340425531	0.0955828342177174	-0.0011240051955908742
8.32290362953692	0.09530620089786623	-0.0011122302357604724
8.34793491864831	0.09503347038939403	-0.0011025916587670825
8.3729662077597	0.09476487469278894	-0.0010956536721576232
8.397997496871088	0.09450110135084522	-0.001092117638885684
8.423028785982478	0.09424366633307457	-0.0010925841797478214
8.448060075093867	0.09399527809474861	-0.0010967489390957125
8.473091364205256	0.09375931162127671	-0.001101726624631122
8.498122653316646	0.09353670905843181	-0.0011008711059716098
8.523153942428035	0.09332176376237733	-0.0010874021772625392
8.548185231539424	0.09310477247447402	-0.001061708276250184
8.573216520650814	0.09288068460130994	-0.0010308464218485303
8.598247809762203	0.09265088300182711	-0.0010011480418764401
8.623279098873592	0.09241879989529522	-0.0009751671405746759
8.648310387984981	0.09218709391059043	-0.0009530531856283275
8.67334167709637	0.09195728066527664	-0.0009341547929947458
8.69837296620776	0.09173012962349958	-0.0009177339025015774
8.72340425531915	0.09150601643633927	-0.0009031272641513155
8.748435544430539	0.09128505916979357	-0.0008897187695517395
8.773466833541928	0.09106709814397895	-0.0008769860958130621
8.798498122653317	0.09085178649431036	-0.0008646823471986642
8.823529411764707	0.0906388675114318	-0.0008528412753536496
8.848560700876096	0.09042828006091419	-0.0008415470725527119
8.873591989987485	0.0902200443491612	-0.0008308043835962703
8.898623279098874	0.09001416827544162	-0.0008205599000266489
8.92365456821026	0.08981062973568221	-0.0008107465344311254
8.948685857321653	0.08960938676875685	-0.0008013041633669754
8.973717146433042	0.08941038837076754	-0.0007921843120980016
8.998748435544432	0.08921358092193898	-0.0007833490430783768
9.023779724655821	0.08901891133278106	-0.0007747686445190582
9.048811013767207	0.08882632839651983	-0.000766419540598598
9.0738423028786	0.08863578326552712	-0.0007582826940739501
9.098873591989985	0.08844722952571082	-0.0007503424482783322
9.123904881101378	0.08826062309872817	-0.0007425856989358298
9.148936170212767	0.08807592207991277	-0.0007350012999541716
9.173967459324153	0.08789308656134232	-0.0007275796324727468
9.198998748435546	0.08771207846155349	-0.0007203122871941858
9.224030037546932	0.08753286136932559	-0.0007131918250821573
9.249061326658325	0.08735540040111545	-0.0007062115927814888
9.27409261576971	0.08717966206646643	-0.0006993655807299992
9.2991239048811	0.08700561414332242	-0.0006926483266167655
9.324155193992492	0.08683322558693796	-0.0006860548558390578
9.349186483103878	0.0866624664729514	-0.0006795806162761264
9.374217772215271	0.0864933079309278	-0.0006732214000317316
9.399249061326657	0.0863257220631155	-0.0006669732866401573
9.424280350438046	0.08615968187359968	-0.0006608326101637668
9.449311639549435	0.085995161212022	-0.0006547959345526294
9.474342928660825	0.08583213472590323	-0.0006488600310811943
9.499374217772218	0.08567057781767673	-0.0006430218577509889
9.524405506883603	0.0855104666051929	-0.000637278541110689
9.549436795994993	0.08535177788550286	-0.0006316273604654726
9.574468085106382	0.08519448910131189	-0.000626065734205844
9.599499374217771	0.08503857831012773	-0.0006205912079392112
9.62453066332916	0.08488402415581042	-0.0006152014441411779
9.64956195244055	0.08473080584214898	-0.000609894213093154
9.67459324155194	0.084578903108385	-0.000604667384917601
9.699624530663328	0.08442829620649306	-0.0005995189225604797
9.724655819774718	0.08427896588006156	-0.0005944468756100274
9.749687108886107	0.08413089334474222	-0.0005894493748886953
9.774718397997496	0.08398406027042604	-0.000584524627702046
9.799749687108886	0.0838384487655297	-0.0005796709132065841
9.824780976220275	0.08369404136344194	-0.0005748865765616701
9.849812265331664	0.08355082100991851	-0.0005701700193070092
9.874843554443054	0.08340877104502731	-0.0005655196834758319
9.899874843554443	0.08326787516656609	-0.0005609340387937589
9.924906132665832	0.0831281173835503	-0.0005564116059719043
9.949937421777221	0.08298948202072332	-0.0005519510125146787
9.97496871088861	0.08285195377532695	-0.0005475509929671607
10.0	0.08271551772669383	-0.000543210332041702
