-10.0	5.782044679327351	-0.01916226075103962
-9.97496871088861	5.7779846204055225	-0.021781870988656388
-9.949937421777221	5.773574804605115	-0.025171229514907772
-9.924906132665832	5.768805419261884	-0.02959483757376627
-9.899874843554443	5.763725930098099	-0.03543156249504521
-9.874843554443054	5.758518101409221	-0.04321764678560891
-9.849812265331664	5.753644638753228	-0.05368178345577254
-9.824780976220275	5.750133064890104	-0.06770512002689938
-9.799749687108886	5.750034966057937	-0.08600320759025694
-9.774718397997496	5.756836114932398	-0.10808886916507841
-9.749687108886107	5.7746652552814	-0.1302039943422434
-9.724655819774718	5.804312560436095	-0.14413594092018295
-9.699624530663328	5.838418171565106	-0.14214241262116648
-9.67459324155194	5.865529263095974	-0.1255067311501864
-9.64956195244055	5.880348034427493	-0.1029400333471554
-9.62453066332916	5.885003510363985	-0.08172530762933698
-9.599499374217771	5.883687521944045	-0.06462487338401557
-9.574468085106382	5.879535800641122	-0.051685667632704047
-9.549436795994993	5.874305046632934	-0.042095676434639864
-9.524405506883603	5.86885054432183	-0.034998355355340835
-9.499374217772216	5.8635463106747014	-0.029713598086587717
-9.474342928660825	5.858530468530109	-0.025748395645282834
-9.449311639549435	5.853831063031032	-0.022756612257843298
-9.424280350438046	5.849427284754466	-0.02049746435758197
-9.399249061326657	5.845278433299082	-0.018803703985445674
-9.37421777221527	5.841337206933645	-0.017559443770778324
-9.349186483103878	5.837555443962605	-0.01668530658378921
-9.32415519399249	5.8338862445931845	-0.01612872834678035
-9.2991239048811	5.83028437247971	-0.015857844920852904
-9.274092615769712	5.826705861169781	-0.01585794971641938
-9.249061326658325	5.823107290440523	-0.016129938857569956
-9.224030037546934	5.819445000831768	-0.016690497621724767
-9.198998748435546	5.815674482259778	-0.01757407237141516
-9.173967459324155	5.811750273198248	-0.01883695364044162
-9.148936170212767	5.807626967683774	-0.020564141803894723
-9.123904881101378	5.803262542919686	-0.02288014437876075
-9.098873591989987	5.798626548820909	-0.025965399371825654
-9.0738423028786	5.793718414406063	-0.030080411359272446
-9.048811013767208	5.788606667215403	-0.035598977717109404
-9.023779724655821	5.783510668745187	-0.04304662839105128
-8.998748435544432	5.778964557491994	-0.05311999551413303
-8.973717146433042	5.776118867643495	-0.06659933014960075
-8.948685857321653	5.777177821115732	-0.08391142899256232
-8.923654568210262	5.78558389082783	-0.1039059828670367
-8.898623279098874	5.804551516340629	-0.12192080796995661
-8.873591989987485	5.832668075550211	-0.13001260210645615
-8.848560700876096	5.8613101313751805	-0.12336261199720874
-8.823529411764707	5.881358416359138	-0.10602331476950906
-8.798498122653317	5.890678292627104	-0.08601463186425627
-8.773466833541928	5.8922591199164955	-0.06842175589215944
-8.748435544430539	5.889630578104276	-0.054661466610441065
-8.72340425531915	5.885122265554237	-0.044397465602675865
-8.69837296620776	5.8799665164590245	-0.036862184024089514
-8.67334167709637	5.874738795462369	-0.031351815290922444
-8.648310387984981	5.869675497464186	-0.02733624755397994
-8.623279098873592	5.864850510703592	-0.024446517839234183
-8.598247809762203	5.860264196009474	-0.022437758582855336
-8.573216520650814	5.855886419032013	-0.021157669112254
-8.548185231539424	5.851678730792978	-0.020526407017095544
-8.523153942428035	5.8476093538931355	-0.020526662182184463
-8.498122653316646	5.843669844752837	-0.021201748957746167
-8.473091364205256	5.83990285773694	-0.022658217010841405
-8.448060075093867	5.8364544760916495	-0.0250627539487622
-8.423028785982478	5.833666734780005	-0.028601849188989698
-8.397997496871088	5.832198945059451	-0.03332399235600371
-8.3729662077597	5.833025698767875	-0.038743080051240344
-8.34793491864831	5.836865933004818	-0.04332509609097178
-8.32290362953692	5.842877576103676	-0.04486149602668622
-8.297872340425531	5.848394284190579	-0.04250025806673122
-8.272841051314144	5.851186922964496	-0.03780719932954979
-8.247809762202753	5.851051582991223	-0.03296431464414802
-8.222778473091363	5.848906789932426	-0.029178971227409867
-8.197747183979974	5.845651250080137	-0.02676288760170417
-8.172715894868585	5.841841256050286	-0.02567261523411006
-8.147684605757197	5.837772303102742	-0.025830755790642743
-8.122653316645806	5.833619167657562	-0.02724761004507731
-8.097622027534417	5.829557922198982	-0.030058207679429752
-8.072590738423028	5.8258929695809645	-0.034522864649183416
-8.047559449311638	5.823233029548976	-0.04096858757327042
-8.02252816020025	5.822728178689013	-0.049547536412500134
-7.9974968710888605	5.826156765337573	-0.05957589859413635
-7.972465581977473	5.8351019403641535	-0.06852999133310349
-7.947434292866082	5.848628618738609	-0.07229408982727105
-7.922403003754694	5.862142882222777	-0.06860291242945933
-7.897371714643305	5.87106966601386	-0.05978080172388324
-7.872340425531914	5.874505367517884	-0.049979812434814974
-7.8473091364205265	5.874060069584179	-0.04176160690728763
-7.8222778473091354	5.871556315845042	-0.03586881287594994
-7.797246558197748	5.868234180999735	-0.03222564742844934
-7.772215269086359	5.86487580989382	-0.030587464409158438
-7.7471839799749675	5.862112301157357	-0.030731708740220923
-7.72215269086358	5.860667277827423	-0.03234176924095743
-7.697121401752189	5.861353326686471	-0.03463872470934688
-7.672090112640801	5.864476929654962	-0.03606627498086133
-7.647058823529412	5.8688961201519705	-0.034975821863192355
-7.622027534418023	5.872465716453258	-0.031246659032302143
-7.596996245306634	5.873956960336107	-0.02633959397457128
-7.571964956195245	5.873603772622801	-0.02166941586997123
-7.546933667083856	5.872161497112366	-0.01782657509768057
-7.5219023779724665	5.8702346842362925	-0.01484542523160498
-7.496871088861077	5.868168128865011	-0.012569874616642274
-7.471839799749688	5.866128437614999	-0.01082645993419401
-7.446808510638299	5.864185835556272	-0.00947446291462807
-7.421777221526909	5.862363453909386	-0.008410251298387822
-7.39674593241552	5.860662842599142	-0.007559861477619195
-7.371714643304131	5.859076395367368	-0.0068707733550808225
-7.346683354192741	5.857593206599539	-0.006305454047394854
-7.321652065081352	5.856201742151846	-0.005836777271760088
-7.296620775969963	5.854890986434444	-0.005444885300465288
-7.2715894868585735	5.853650868957054	-0.0051150586655032
-7.246558197747184	5.852472357058498	-0.004836266579068174
-7.221526908635795	5.851347400723351	-0.004600173428277871
-7.196495619524406	5.850268818192742	-0.004400452191191714
-7.171464330413016	5.849230163757835	-0.0042323068874553504
-7.146433041301627	5.848225596002527	-0.004092139997369043
-7.121401752190238	5.847249753481648	-0.00397732299164498
-7.0963704630788484	5.846297639376775	-0.003886042865447012
-7.071339173967459	5.84536451411228	-0.0038172076480711276
-7.04630788485607	5.844445793788641	-0.00377040111310456
-7.0212765957446805	5.843536951898625	-0.0037458826139664947
-6.996245306633291	5.842633421845204	-0.003744633070144429
-6.971214017521902	5.841730498251004	-0.0037684534652174806
-6.946182728410513	5.84082323616134	-0.0038201286787361566
-6.921151439299123	5.839906349577363	-0.0039036781900976814
-6.896120150187734	5.838974115532413	-0.00402472776737739
-6.871088861076345	5.83802029962445	-0.0041910550787157
-6.8460575719649555	5.837038138578252	-0.0044133908071242595
-6.821026282853566	5.836020455377091	-0.004706600368086636
-6.795994993742177	5.8349600642392545	-0.005091435784317047
-6.770963704630788	5.833850791114976	-0.005597135879709655
-6.745932415519399	5.832689784154673	-0.006265250324189689
-6.720901126408009	5.831482508585921	-0.00715508038361963
-6.69586983729662	5.830253269676839	-0.008350728195653384
-6.670838548185231	5.829066795581885	-0.00996781507465086
-6.645807259073841	5.828070224737034	-0.012151235443973618
-6.620775969962453	5.8275645898578965	-0.015036372804991857
-6.595744680851063	5.828084358341166	-0.018608177903280024
-6.570713391739676	5.830335478569513	-0.022384351519910473
-6.545682102628285	5.834654357095651	-0.025120428482715465
-6.520650813516897	5.84011033718677	-0.0253637041784099
-6.495619524405506	5.8447706286404815	-0.02294579125082913
-6.470588235294117	5.8474340739414155	-0.019192392018552815
-6.445556946182729	5.848261712542331	-0.015469924298287419
-6.420525657071338	5.847951422070372	-0.012391095929180765
-6.395494367959951	5.847083662678822	-0.010028496824045538
-6.37046307884856	5.845998207850878	-0.008259261058748718
-6.34543178973717	5.844864883230575	-0.006935170114154676
-6.320400500625783	5.84376018339511	-0.0059341442770447644
-6.295369211514392	5.842714303425508	-0.005166325772992697
-6.270337922403004	5.841735710340274	-0.00456803229518693
-6.245306633291613	5.840823209489391	-0.004094511135609616
-6.2202753441802265	5.83997170113827	-0.0037141655296726306
-6.195244055068836	5.839174863472416	-0.0034044488996862465
-6.170212765957448	5.838426357487609	-0.0031490590318135475
-6.145181476846059	5.837720326549526	-0.002936041963544009
-6.120150187734667	5.837051563945219	-0.0027565083637048626
-6.09511889862328	5.83641552897492	-0.0026037575414016023
-6.070087609511891	5.835808298735452	-0.0024726729867844133
-6.0450563204005014	5.835226497200039	-0.0023593000726963714
-6.020025031289112	5.834667220884478	-0.0022605472128488235
-5.994993742177721	5.834127969466054	-0.0021739716716523555
-5.9699624530663336	5.833606584431624	-0.002097624131919412
-5.9449311639549425	5.833101196341397	-0.002029934551301321
-5.919899874843555	5.832610180194162	-0.001969627383867384
-5.894868585732166	5.832132117961432	-0.0019156579316123856
-5.869837296620776	5.831665767264648	-0.0018671640712493165
-5.844806007509387	5.831210035222641	-0.0018234292889673376
-5.819774718397998	5.8307639566071705	-0.0017838541166562555
-5.7947434292866085	5.830326675568669	-0.0017479338705916614
-5.769712140175219	5.829897430313913	-0.0017152411613815255
-5.74468085106383	5.829475540223023	-0.0016854120473890621
-5.719649561952441	5.82906039498407	-0.0016581349933471046
-5.694618272841051	5.828651445399284	-0.0016331420056143742
-5.669586983729662	5.8282481955792935	-0.0016102014688662292
-5.644555694618273	5.827850196293133	-0.0015891123221076636
-5.619524405506883	5.827457039283289	-0.001569699295994681
-5.594493116395494	5.827068352389336	-0.001551808996498108
-5.569461827284105	5.826683795350817	-0.0015353066675519167
-5.5444305381727155	5.826303056182967	-0.0015200735015544198
-5.519399249061326	5.825925848036949	-0.0015060043943348478
-5.494367959949937	5.825551906471099	-0.0014930060625909375
-5.469336670838549	5.8251809870722155	-0.001480995458404022
-5.444305381727158	5.824812863375652	-0.0014698984283972039
-5.419274092615769	5.824447325041496	-0.001459648575273087
-5.3942428035043815	5.824084176250615	-0.0014501862875006266
-5.36921151439299	5.823723234290308	-0.0014414579092945218
-5.344180225281603	5.823364328303794	-0.0014334150281168356
-5.319148936170212	5.823007298181608	-0.0014260138609992756
-5.2941176470588225	5.822651993576437	-0.0014192147242769737
-5.269086357947435	5.822298273025414	-0.001412981573968644
-5.244055068836044	5.821946003166385	-0.0014072816062018628
-5.219023779724656	5.821595058036347	-0.0014020849088414306
-5.193992490613266	5.821245318442176	-0.0013973641569126616
-5.168961201501876	5.820896671394835	-0.0013930943456077483
-5.1439299123904885	5.820549009599687	-0.0013892525556322283
-5.1188986232791	5.820202230996316	-0.0013858177464607796
-5.09386733416771	5.8198562383422505	-0.0013827705737482071
-5.06883604505632	5.81951093883567	-0.0013800932276985811
-5.043804755944931	5.819166243772792	-0.0013777692896656396
-5.018773466833542	5.818822068236092	-0.0013757836046547345
-4.993742177722154	5.818478330810247	-0.0013741221677258664
-4.968710888610763	5.818134953322639	-0.001372772022575991
-4.943679599499373	5.817791860606083	-0.001371721170819462
-4.918648310387985	5.8174489802814024	-0.0013709584906843875
-4.893617021276597	5.817106242557879	-0.0013704736640134385
-4.868585732165207	5.816763580049845	-0.0013702571106063433
-4.843554443053817	5.816420927607755	-0.0013702999290651774
-4.818523153942427	5.816078222162462	-0.001370593843407042
-4.793491864831038	5.815735402581335	-0.0013711311548109395
-4.768460575719651	5.815392409535195	-0.001371904697927473
-4.7434292866082615	5.81504918537504	-0.0013729078012753304
-4.71839799749687	5.814705674017638	-0.0013741342512763877
-4.69336670838548	5.814361820839243	-0.0013755782595600285
-4.668335419274092	5.814017572576697	-0.0013772344331925979
-4.643304130162704	5.8136728772352635	-0.0013790977475396093
-4.618272841051315	5.813327684002616	-0.0013811635214960871
-4.593241551939924	5.812981943168442	-0.0013834273948530318
-4.568210262828536	5.812635606049254	-0.0013858853075865707
-4.543178973717147	5.812288624917852	-0.0013885334808916294
-4.518147684605758	5.811940952937176	-0.0013913683997933413
-4.4931163954943685	5.811592544098139	-0.0013943867971898671
-4.468085106382977	5.811243353161104	-0.001397585639191179
-4.44305381727159	5.810893335600709	-0.001400962111640175
-4.418022528160201	5.810542447553869	-0.0014045136077095177
-4.392991239048811	5.810190645770522	-0.0014082377164813809
-4.367959949937422	5.809837887567164	-0.0014121322124183155
-4.342928660826031	5.809484130782649	-0.0014161950456580696
-4.317897371714643	5.809129333736349	-0.0014204243330550592
-4.292866082603254	5.808773455188388	-0.0014248183499074307
-4.267834793491865	5.808416454301699	-0.0014293755223209192
-4.2428035043804755	5.808058290605951	-0.0014340944201475803
-4.217772215269086	5.8076989239631125	-0.0014389737504598155
-4.192740926157699	5.807338314534432	-0.001444012351519669
-4.167709637046308	5.8069764227489555	-0.001449209187194267
-4.142678347934918	5.806613209273265	-0.0014545633417942239
-4.117647058823529	5.806248634982408	-0.0014600740153138392
-4.09261576971214	5.805882660932003	-0.0014657405190077744
-4.067584480600752	5.8055152483312975	-0.001471562271318727
-4.042553191489361	5.805146358517283	-0.0014775387940847429
-4.017521902377972	5.804775952929564	-0.0014836697090924722
-3.9924906132665825	5.80440399308608	-0.0014899547348681264
-3.967459324155193	5.804030440559659	-0.0014963936836845937
-3.9424280350438052	5.803655256955201	-0.0015029864588325115
-3.917396745932415	5.803278403887427	-0.0015097330521286478
-3.8923654568210257	5.802899842959299	-0.0015166335416554322
-3.867334167709638	5.802519535740959	-0.0015236880896056793
-3.8423028785982494	5.802137443749198	-0.0015308969403577954
-3.8172715894868587	5.801753528427321	-0.0015382604185978366
-3.7922403003754686	5.801367751125316	-0.0015457789279180734
-3.7672090112640793	5.800980073080576	-0.0015534529495431215
-3.7421777221526913	5.800590455399051	-0.0015612830406812606
-3.717146433041303	5.800198859036237	-0.0015692698331930544
-3.6921151439299127	5.799805244778857	-0.0015774140330750974
-3.6670838548185225	5.799409573227035	-0.0015857164192776274
-3.6420525657071328	5.79901180477549	-0.0015941778425365705
-3.617021276595745	5.798611899595778	-0.0016027992255938095
-3.5919899874843564	5.798209817619265	-0.0016115815622221863
-3.566958698372966	5.797805518519313	-0.0016205259165165131
-3.541927409261576	5.797398961693638	-0.0016296334225696096
-3.5168961201501876	5.796990106247059	-0.0016389052845093843
-3.4918648310387996	5.7965789109740555	-0.0016483427760860536
-3.46683354192741	5.796165334341553	-0.0016579472406548224
-3.4418022528160197	5.795749334471504	-0.0016677200911440204
-3.4167709637046295	5.795330869123727	-0.0016776628102441737
-3.391739674593241	5.794909895678357	-0.0016877769504630713
-3.366708385481853	5.794486371118597	-0.0016980641344956915
-3.341677096370464	5.794060252013148	-0.001708526055514581
-3.3166458072590737	5.793631494498662	-0.0017191644775982895
-3.291614518147683	5.793200054261966	-0.001729981236222089
-3.2665832290362946	5.792765886522302	-0.0017409782388582151
-3.2415519399249066	5.79232894601329	-0.0017521574656194083
-3.2165206508135173	5.791889186964777	-0.0017635209700054832
-3.191489361702127	5.791446563084415	-0.0017750708796925863
-3.166458072590739	5.791001027539178	-0.0017868093974460764
-3.14142678347935	5.790552532936476	-0.0017987388020749562
-3.11639549436796	5.790101031305111	-0.0018108614494755648
-3.091364205256571	5.7896464740759885	-0.001823179773758593
-3.0663329161451807	5.789188812062445	-0.0018356962884445438
-3.0413016270337927	5.788727995440337	-0.0018484135877458174
-3.0162703379224034	5.788263973727787	-0.0018613343479296218
-2.991239048811014	5.787796695764577	-0.0018744613287580703
-2.966207759699625	5.787326109691161	-0.001887797375015432
-2.941176470588234	5.78685216292731	-0.0019013454181183442
-2.916145181476846	5.786374802150313	-0.0019151084778121497
-2.891113892365457	5.785893973272799	-0.0019290896639575783
-2.8660826032540676	5.785409621420015	-0.0019432921784033885
-2.8410513141426783	5.784921690906744	-0.0019577193169569296
-2.816020025031289	5.784430125213619	-0.001972374471443744
-2.790988735919901	5.783934866962946	-0.0019872611318687283
-2.7659574468085104	5.783435857894007	-0.0020023828886746864
-2.740926157697121	5.782933038837753	-0.0020177434351074663
-2.715894868585732	5.782426349690912	-0.0020333465696810993
-2.6908635794743425	5.781915729389464	-0.002049196198758596
-2.6658322903629545	5.781401115881467	-0.0020652963392438495
-2.6408010012515644	5.780882446099192	-0.0020816511213869737
-2.615769712140175	5.780359655930552	-0.002098264791716986
-2.5907384230287853	5.779832680189799	-0.0021151417160940045
-2.565707133917396	5.779301452587406	-0.0021322863828924232
-2.540675844806008	5.778765905699206	-0.0021497034063269194
-2.515644555694618	5.778225970934622	-0.002167397529897641
-2.4906132665832286	5.77768157850408	-0.002185373630006038
-2.4655819774718406	5.777132657385452	-0.002203636719707136
-2.440550688360452	5.776579135289611	-0.00222219195261264
-2.4155193992490616	5.776020938624941	-0.002241044626960287
-2.3904881101376714	5.775457992460833	-0.0022602001898882618
-2.365456821026282	5.774890220490118	-0.0022796642418165813
-2.340425531914894	5.774317544990364	-0.0022994425410987063
-2.3153942428035057	5.773739886784049	-0.002319541008768633
-2.2903629536921155	5.773157165197429	-0.002339965733531013
-2.2653316645807253	5.772569298018203	-0.002360722977021945
-2.2403003754693356	5.771976201451967	-0.002381819179441358
-2.2152690863579476	5.771377790077237	-0.002403260964786824
-2.190237797246559	5.770773976798682	-0.0024250551467588366
-2.165206508135169	5.770164672799282	-0.002447208735206985
-2.140175219023779	5.769549787490906	-0.002469728942503524
-2.1151439299123904	5.768929228463218	-0.0024926231899606854
-2.0901126408010025	5.768302901430651	-0.0025158991152618437
-2.0650813516896127	5.767670710178098	-0.002539564579436937
-2.0400500625782225	5.767032556504378	-0.002563627674319502
-2.0150187734668323	5.766388340163872	-0.0025880967306217695
-1.989987484355444	5.765737958806133	-0.0026129803261683016
-1.9649561952440555	5.7650813079135705	-0.0026382872946173475
-1.939924906132667	5.764418280736723	-0.00266402673433902
-1.914893617021277	5.763748768227452	-0.0026902080178995424
-1.8898623279098858	5.763072658969602	-0.002716840801890885
-1.8648310387984974	5.762389839107299	-0.0027439350372211457
-1.839799749687109	5.761700192270526	-0.0027715009798550683
-1.8147684605757206	5.761003599498087	-0.0027995492020643775
-1.7897371714643304	5.760299939157675	-0.0028280906041952547
-1.764705882352942	5.75958908686295	-0.0028571364269767696
-1.7396745932415527	5.758870915387556	-0.0028866982644209227
-1.7146433041301625	5.758145294575808	-0.0029167880773083854
-1.6896120150187741	5.7574120912500675	-0.002947418207336794
-1.664580725907384	5.756671169114453	-0.002978601391940894
-1.6395494367959955	5.75592238865481	-0.0030103507798175666
-1.6145181476846062	5.755165607034858	-0.003042679947226873
-1.589486858573217	5.7544006779880394	-0.003075602915073611
-1.5644555694618276	5.753627451705262	-0.003109134166848576
-1.5394242803504374	5.752845774717919	-0.0031432886674554184
-1.514392991239049	5.752055489776289	-0.0031780818829898194
-1.4893617021276597	5.751256435722844	-0.003213529801518872
-1.4643304130162704	5.750448447360364	-0.003249648954927825
-1.4392991239048811	5.7496313553145	-0.0032864564418864095
-1.4142678347934918	5.748804985890606	-0.0033239699520230537
-1.3892365456821025	5.747969160924304	-0.003362207791356764
-1.3642052565707132	5.747123697625829	-0.003401188909085029
-1.339173967459324	5.746268408417445	-0.0034409329258014987
-1.3141426783479346	5.745403100763829	-0.0034814601632373876
-1.2891113892365453	5.744527576994905	-0.0035227916756238042
-1.264080100125157	5.74364163412077	-0.00356494928277859
-1.2390488110137667	5.742745063638242	-0.0036079556050307715
-1.2140175219023774	5.74183765132865	-0.0036518341001023635
-1.1889862327909881	5.740919177046264	-0.0036966091020795566
-1.1639549436795988	5.739989414496894	-0.003742305862608819
-1.1389236545682104	5.73904813100609	-0.003788950594475343
-1.1138923654568202	5.738095087276379	-0.003836570517719573
-1.0888610763454318	5.737130037132854	-0.003885193908472112
-1.0638297872340434	5.7361527272564	-0.003934850150694141
-1.0387984981226523	5.735162896903933	-0.003985569791031332
-1.013767209011264	5.734160277614741	-0.00403738459699636
-0.9887359198998737	5.733144592902249	-0.004090327618729614
-0.9637046307884853	5.732115557930091	-0.004144433254588076
-0.9386733416770969	5.73107287917175	-0.004199737320852742
-0.9136420525657085	5.730016254052583	-0.004256277125853858
-0.8886107634543183	5.728945370573166	-0.004314091548850318
-0.8635794743429273	5.72785990691281	-0.004373221124022983
-0.8385481852315388	5.72675953101186	-0.004433708129973929
-0.8135168961201504	5.725643900131521	-0.00449559668516078
-0.788485607008762	5.7245126603896095	-0.004558932849730912
-0.7634543178973718	5.723365446270675	-0.004623764734265054
-0.7384230287859816	5.722201880108837	-0.004690142615985465
-0.7133917396745932	5.721021571541255	-0.004758119063033139
-0.6883604505632039	5.719824116930477	-0.004827749067482151
-0.6633291614518155	5.718609098753261	-0.004899090187813274
-0.6382978723404253	5.717376084953649	-0.004972202701647513
-0.6132665832290352	5.716124628257592	-0.005047149769609363
-0.5882352941176467	5.714854265446522	-0.0051239976112855135
-0.5632040050062583	5.713564516586655	-0.005202815694329357
-0.5381727158948699	5.712254884210866	-0.005283676937876958
-0.5131414267834788	5.710924852449585	-0.005366657931553873
-0.48811013767208866	5.709573886106691	-0.005451839171486089
-0.46307884856070025	5.708201429676314	-0.0055393053148763
-0.43804755944931184	5.706806906295828	-0.00562914545487056
-0.41301627033792343	5.705389716630041	-0.005721453417626976
-0.38798498122653324	5.703949237681	-0.0058163280837058295
-0.36295369211514483	5.702484821517459	-0.005913873736130185
-0.33792240300375376	5.700995793917274	-0.0060142004377344155
-0.31289111389236535	5.699481452915589	-0.006117424440705857
-0.28785982478097694	5.697941067250699	-0.006223668631563234
-0.26282853566958675	5.696373874698961	-0.0063330630151899325
-0.23779724655819834	5.6947790802889395	-0.006445745241963063
-0.21276595744680904	5.693155854384307	-0.006561861182506096
-0.18773466833541974	5.691503330623572	-0.006681565555133787
-0.16270337922403044	5.689820603703832	-0.006805022611686085
-0.13767209011264026	5.688106726993988	-0.006932406888151221
-0.11264080100125184	5.686360709961667	-0.0070639040272875014
-0.08760951188986255	5.684581515396026	-0.007199711681376189
-0.06257822277847325	5.682768056406914	-0.007340040504295334
-0.03754693366708395	5.6809191931784735	-0.007485115243315049
-0.01251564455569465	5.679033729452776	-0.007635175942407854
0.01251564455569465	5.677110408716363	-0.007790479270472148
0.03754693366708395	5.675147910059229	-0.007951299989718413
0.06257822277847325	5.673144843672178	-0.008117932581604925
0.08760951188986255	5.671099745944359	-0.008290693050191547
0.11264080100125184	5.669011074118012	-0.008469920925659888
0.13767209011264114	5.666877200452117	-0.008655981494099102
0.16270337922403044	5.6646964058403935	-0.008849268283566039
0.18773466833541974	5.662466872822138	-0.009050205841007339
0.21276595744680726	5.660186677916105	-0.009259252839986076
0.23779724655819834	5.65785378319847	-0.009476905565465349
0.26282853566958764	5.655466027035007	-0.009703701829328032
0.28785982478097694	5.653021113865239	-0.009940225379090395
0.31289111389236623	5.650516602921844	-0.010187110872675154
0.33792240300375376	5.647949895751914	-0.010445049504476264
0.36295369211514483	5.645318222387172	-0.010714795382691725
0.38798498122653235	5.642618625987462	-0.010997172775534692
0.41301627033792343	5.639847945755467	-0.011293084365088135
0.43804755944931273	5.637002797889192	-0.011603520673032608
0.46307884856070025	5.634079554302449	-0.01192957085323898
0.4881101376720913	5.631074318800268	-0.012272435083502078
0.5131414267834788	5.627982900345322	-0.012633438834066105
0.5381727158948699	5.62480078299116	-0.01301404934600156
0.5632040050062574	5.621523091986214	-0.013415894720456026
0.5882352941176467	5.618144555467303	-0.013840786103475361
0.6132665832290378	5.6146594610592695	-0.01429074355458708
0.6382978723404253	5.611061606574998	-0.014768026315896701
0.6633291614518164	5.607344243863315	-0.015275168358906743
0.6883604505632039	5.603500014674815	-0.015815020287506504
0.7133917396745932	5.599520877201781	-0.016390798929256198
0.7384230287859808	5.595398021688334	-0.01700614626854073
0.7634543178973718	5.591121773191388	-0.017665199784783592
0.7884856070087629	5.586681479187732	-0.01837267678385654
0.8135168961201504	5.582065379251933	-0.01913397598766574
0.8385481852315397	5.577260453453055	-0.019955300525066583
0.8635794743429273	5.572252245410162	-0.02084380761421413
0.8886107634543183	5.567024655076656	-0.021807791734805695
0.9136420525657059	5.561559695253123	-0.022856910086691162
0.9386733416770969	5.555837204512988	-0.02400246179810986
0.9637046307884862	5.5498345076116	-0.025257735934540546
0.9887359198998737	5.5435260124788766	-0.026638448226276118
1.0137672090112648	5.536882730508005	-0.028163293093337913
1.0387984981226523	5.529871704000028	-0.029854646744770813
1.0638297872340434	5.522455321292031	-0.03173946995469348
1.088861076345431	5.514590496359565	-0.03385047717925757
1.1138923654568202	5.5062276858015835	-0.036227664380657484
1.1389236545682113	5.497309712729079	-0.03892032489478711
1.1639549436795988	5.487770365585929	-0.041989736452240384
1.18898623279099	5.4775327432201175	-0.04551278156516936
1.2140175219023774	5.466507331405282	-0.04958688118511728
1.2390488110137667	5.4545898320392805	-0.05433679859642404
1.264080100125156	5.44165884735494	-0.059924139638200896
1.2891113892365453	5.427573693392681	-0.06656078796849102
1.3141426783479364	5.412172971642398	-0.07452815015856051
1.339173967459324	5.395275252069995	-0.08420506538856735
1.3642052565707132	5.37668469931532	-0.09610872600728274
1.3892365456821025	5.356207506834015	-0.11095514354544876
1.4142678347934918	5.333691265978271	-0.12974860960136586
1.4392991239048811	5.309112373635262	-0.15391244513223934
1.4643304130162704	5.282763283641389	-0.18547219933903467
1.4893617021276597	5.255644495478965	-0.22728312657001468
1.514392991239049	5.23026100819637	-0.28321076322430516
1.5394242803504383	5.21213871499821	-0.3578995566563222
1.5644555694618276	5.2122582659428005	-0.4550337982249263
1.589486858573217	5.249147339631053	-0.5717420801440223
1.6145181476846044	5.344386547678351	-0.687630695551754
1.6395494367959955	5.501181758780187	-0.759075292729749
1.6645807259073848	5.679670476009192	-0.746224127347785
1.6896120150187741	5.819960058879413	-0.657395918572043
1.7146433041301634	5.895556690196569	-0.5387319454788206
1.739674593241551	5.918362911349048	-0.4278311541836764
1.764705882352942	5.910380147893634	-0.3386181755812301
1.7897371714643295	5.887869147417326	-0.2710975175440317
1.8147684605757206	5.859899663016661	-0.22095131909109025
1.83979974968711	5.830883906566509	-0.1836885770134361
1.8648310387984974	5.8027573440216305	-0.1557527909874635
1.8898623279098885	5.7762452352968605	-0.1345622362904816
1.914893617021276	5.751511002714697	-0.11829563106326402
1.939924906132667	5.728471863618418	-0.10567410227202587
1.9649561952440546	5.706948579545104	-0.09579420204253508
1.989987484355444	5.686734743021056	-0.08801079709808501
2.015018773466835	5.66762743702604	-0.0818574100756905
2.0400500625782225	5.649439500518458	-0.07699242716078189
2.065081351689613	5.632003176193369	-0.07316264473656539
2.090112640801001	5.615169868068021	-0.07017835080798016
2.1151439299123904	5.598808286629092	-0.06789610262119483
2.1401752190237784	5.582802062731234	-0.06620668210081468
2.165206508135169	5.5670473248006935	-0.0650265736021246
2.1902377972465596	5.55145044698868	-0.06429186806041454
2.2152690863579476	5.535926037449796	-0.06395386117095037
2.240300375469337	5.520395171215407	-0.06397585106634468
2.265331664580725	5.504783843933833	-0.06433079808157371
2.2903629536921155	5.489021612329172	-0.06499961421413136
2.315394242803503	5.473040385143548	-0.06596992099672638
2.340425531914894	5.456773329816899	-0.06723516336041235
2.3654568210262834	5.440153862861681	-0.06879400121000967
2.3904881101376714	5.423114694651517	-0.07064992479226273
2.415519399249062	5.405586901624721	-0.07281105778997488
2.4405506883604495	5.387499000458726	-0.07529012564088988
2.4655819774718406	5.368775999500672	-0.07810457741585142
2.490613266583228	5.349338402584112	-0.08127685882234514
2.515644555694618	5.329101139278203	-0.08483484241203654
2.5406758448060085	5.307972393539162	-0.08881242960963842
2.565707133917396	5.285852299566772	-0.09325034846182939
2.590738423028787	5.262631469272645	-0.09819718178894743
2.6157697121401746	5.2381893099536345	-0.103710673609748
2.6408010012515644	5.212392083291135	-0.10985937844107121
2.665832290362953	5.185090647371327	-0.11672473987364729
2.6908635794743425	5.156117811706432	-0.12440371378954757
2.7158948685857336	5.125285220886819	-0.1330120906717529
2.740926157697121	5.092379665232091	-0.14268872489545828
2.765957446808511	5.057158696593781	-0.1536009528289392
2.7909887359198997	5.019345404835159	-0.16595158503350727
2.816020025031289	4.978622187302421	-0.17998800422097394
2.841051314142678	4.934623324342915	-0.19601410990832246
2.8660826032540676	4.886926168731645	-0.21440615292487575
2.8911138923654573	4.835040787230556	-0.23563394297462323
2.916145181476846	4.778398003060797	-0.2602895562080851
2.9411764705882355	4.716336070114417	-0.28912660868453566
2.9662077596996244	4.648086846057115	-0.32311450436354394
2.991239048811014	4.572763669345743	-0.3635138782094029
3.0162703379224016	4.489355750881052	-0.4119815353549914
3.0413016270337927	4.396738237302877	-0.4707144742305365
3.066332916145182	4.293711392403296	-0.5426404335596557
3.091364205256571	4.179075151373025	-0.6316568047179553
3.1163954943679606	4.051702975449155	-0.7429451084256123
3.141426783479348	3.9105668155798643	-0.8835679011942876
3.166458072590739	3.755072559002322	-1.0638140705796548
3.1914893617021267	3.5868012910101097	-1.2992044853757734
3.2165206508135173	3.413290387478057	-1.6120952002610753
3.241551939924907	3.2543086304214714	-2.032330739880983
3.2665832290362946	3.153173715667789	-2.5949701472975817
3.2916145181476857	3.1950264003694246	-3.326408753893833
3.316645807259073	3.521517346857734	-4.200541385396539
3.341677096370464	4.292332995084386	-5.055445194294616
3.366708385481852	5.517884958213983	-5.558194016730148
3.391739674593241	6.883445630168502	-5.422480350421538
3.416770963704632	7.945173068977358	-4.73209146241375
3.4418022528160197	8.523006239769101	-3.836914996319762
3.4668335419274103	8.715323657995636	-3.009217708948746
3.4918648310387983	8.68623296979265	-2.345429304820794
3.5168961201501876	8.554419876296894	-1.842478042593772
3.5419274092615756	8.385493295714808	-1.4674776210503762
3.566958698372966	8.21122623349711	-1.1870689569082937
3.591989987484357	8.045511690340723	-0.9750187512891013
3.617021276595745	7.8935355207079665	-0.8123245168593507
3.642052565707134	7.756454399712489	-0.6855824900852748
3.667083854818522	7.633669470403261	-0.5853715116568299
3.6921151439299127	7.5239040413264116	-0.5050241847129172
3.7171464330413	7.425701673959699	-0.4397671671194914
3.7421777221526913	7.337646156848126	-0.3861367640652316
3.7672090112640806	7.258449154746194	-0.3415841777755662
3.7922403003754686	7.18697598172557	-0.30420777365440915
3.817271589486859	7.122243569950245	-0.27256982277576286
3.8423028785982467	7.063407048175939	-0.24556960663944638
3.867334167709638	7.009742718160322	-0.22235443731251708
3.8923654568210253	6.9606309889455	-0.20225645900732353
3.917396745932415	6.915540763068876	-0.18474718998033623
3.9424280350438057	6.8740157743056525	-0.169404422379705
3.967459324155193	6.8356629147746695	-0.15588783658916597
3.9924906132665843	6.800142391299898	-0.14392083461572372
4.017521902377972	6.7671594816780685	-0.13327686306500264
4.042553191489361	6.736457652876501	-0.12376901312264593
4.06758448060075	6.707812821032471	-0.11524203772161616
4.09261576971214	6.681028560587114	-0.10756616955719571
4.117647058823531	6.655932098924627	-0.10063229352603864
4.142678347934918	6.632370959927526	-0.09434814701014181
4.167709637046308	6.6102101435645295	-0.08863530682714796
4.192740926157697	6.5893297487333715	-0.08342678312539345
4.217772215269086	6.569622963311147	-0.0786650851468358
4.2428035043804755	6.550994359128233	-0.07430065650541516
4.267834793491865	6.533358440830636	-0.0702906018218955
4.292866082603254	6.516638406756217	-0.06659764458975449
4.317897371714643	6.500765087399718	-0.06318926969397662
4.342928660826033	6.485676033098768	-0.06003701425783774
4.367959949937422	6.47131472750252	-0.05711587830819388
4.392991239048811	6.457629907402113	-0.054403832747611236
4.418022528160199	6.4445749727841655	-0.05188140675456841
4.44305381727159	6.432107473654334	-0.049531340333692137
4.468085106382979	6.420188662383817	-0.04733829055326967
4.4931163954943685	6.4087831021457475	-0.045288582220796555
4.518147684605758	6.3978583235070445	-0.043369995497339775
4.543178973717145	6.387384522481064	-0.04157158434213973
4.568210262828536	6.377334294375936	-0.03988352078956822
4.593241551939924	6.367682398630981	-0.038296960951876236
4.618272841051315	6.358405550549243	-0.03680392935971105
4.643304130162704	6.349482236434049	-0.03539721883426368
4.668335419274092	6.3408925491409285	-0.034070303558070184
4.693366708385483	6.332618041480578	-0.032817263397862104
4.71839799749687	6.3246415952667725	-0.03163271784959433
4.7434292866082615	6.316947304106364	-0.030511768236408776
4.768460575719649	6.309520368286411	-0.029449947005572963
4.793491864831038	6.30234700033254	-0.028443173148862022
4.818523153942429	6.295414339999772	-0.02748771291927138
4.843554443053817	6.288710377617284	-0.02658014514082528
4.868585732165208	6.282223884845509	-0.02571733051197235
4.8936170212765955	6.2759443520222735	-0.024896384390220988
4.918648310387985	6.2698619313757895	-0.024114652619138158
4.943679599499372	6.263967385470209	-0.02336969002098961
4.968710888610763	6.2582520403249084	-0.022659241231075974
4.9937421777221545	6.252707742714406	-0.02198122359479758
5.018773466833542	6.247326821212381	-0.02133371188700392
5.043804755944931	6.242102050592527	-0.020714924646340463
5.068836045056319	6.237026619241883	-0.02012321194605564
5.09386733416771	6.232094099279007	-0.019557044447850627
5.118898623279097	6.2272984191017215	-0.0190150036075854
5.1439299123904885	6.222633838116671	-0.01849577292161443
5.168961201501878	6.218094923426798	-0.017998130120844336
5.193992490613265	6.213676528273085	-0.01752094023688809
5.219023779724656	6.209373772043964	-0.017063149481592904
5.244055068836044	6.205182021679732	-0.016623779898502514
5.269086357947435	6.201096874310645	-0.016201924763384903
5.2941176470588225	6.197114140975592	-0.01579674473200468
5.319148936170212	6.193229831274077	-0.01540746475843642
5.344180225281603	6.189440138807239	-0.015033371838610352
5.36921151439299	6.185741427264153	-0.014673813674630637
5.3942428035043815	6.182130217008261	-0.01432819841030758
5.419274092615769	6.1786031720156815	-0.013995995664139074
5.444305381727158	6.175157087015334	-0.013676739192923323
5.469336670838548	6.17178887468337	-0.013370031672914603
5.494367959949937	6.16849555276045	-0.013075552309991162
5.519399249061328	6.165274231006336	-0.012793068323083731
5.5444305381727155	6.162122098015235	-0.012522451844691529
5.569461827284105	6.159036408153511	-0.012263704540880521
5.594493116395494	6.156014469379293	-0.012016993415596006
5.619524405506883	6.153053633726088	-0.01178270305537893
5.644555694618273	6.150151294315718	-0.011561512328228302
5.669586983729662	6.147304897016772	-0.011354507739670894
5.694618272841051	6.144511983585261	-0.01116335176818159
5.719649561952441	6.141770301134662	-0.01099053255556208
5.74468085106383	6.139078050100647	-0.010839728818027444
5.769712140175219	6.1364344195515805	-0.0107163189849587
5.7947434292866085	6.133840710474559	-0.01062800395952726
5.819774718397996	6.131302615067857	-0.010585264105401532
5.844806007509387	6.128834526865607	-0.010600562053521626
5.869837296620776	6.126466312951932	-0.0106830871125526
5.894868585732166	6.124248508810037	-0.010822424436135278
5.919899874843555	6.122237528700229	-0.01095802569130351
5.9449311639549425	6.120433709645443	-0.010967608113876995
5.9699624530663336	6.118718773273068	-0.010748705070097411
5.994993742177721	6.116930716066925	-0.010334892667976922
6.020025031289112	6.115005566451236	-0.009853973118715137
6.0450563204005014	6.112979336377251	-0.009403512553486176
6.07008760951189	6.110910549101421	-0.009017326053028504
6.09511889862328	6.108840884193521	-0.008693716088151726
6.120150187734667	6.106792849077657	-0.008420511085066917
6.145181476846059	6.104776816053714	-0.008185494692961148
6.170212765957445	6.102796772957129	-0.007979071680522587
6.195244055068836	6.100853614748976	-0.00779427829392941
6.2202753441802265	6.0989468184809645	-0.0076261847278094735
6.245306633291613	6.0970752556485	-0.007471309793379552
6.270337922403005	6.09523757579206	-0.00732717743681606
6.295369211514392	6.093432382293059	-0.0071920072171501315
6.320400500625783	6.091658308370367	-0.007064504531014024
6.3454317897371695	6.089914045470923	-0.0069437196454009975
6.37046307884856	6.088198349242278	-0.00682895300957416
6.395494367959952	6.086510035227802	-0.0067196916239081195
6.420525657071338	6.084847970083278	-0.006615566496634431
6.445556946182729	6.083211061006361	-0.006516324768842119
6.470588235294116	6.08159824453816	-0.006421812452052131
6.495619524405506	6.080008475140199	-0.0063319653230096695
6.520650813516895	6.078440713583957	-0.0062468066583264426
6.545682102628285	6.076893915031317	-0.006166451379549076
6.570713391739676	6.075367016657836	-0.0060911169765223705
6.5957446808510625	6.073858924773473	-0.006021142420450112
6.620775969962453	6.072368501694411	-0.005957017305923129
6.645807259073841	6.070894553292592	-0.005899424826099772
6.670838548185231	6.069435819577247	-0.005849304036802949
6.695869837296622	6.067990973618262	-0.0058079392249943546
6.720901126408009	6.066558640053263	-0.005777086486301153
6.745932415519399	6.065137455496451	-0.005759147190154856
6.770963704630788	6.063726209934389	-0.005757386528736655
6.795994993742178	6.062324116151068	-0.005776154716200993
6.821026282853566	6.060931181589501	-0.005820996181100366
6.8460575719649555	6.059548369306182	-0.005898621315881453
6.871088861076346	6.058177125028011	-0.006017607694814464
6.896120150187734	6.056819959471595	-0.006191728425510509
6.921151439299124	6.055486868699383	-0.006444090343991668
6.946182728410513	6.054207921156097	-0.006804848456495108
6.971214017521902	6.053047602607732	-0.00729770285994788
6.996245306633291	6.052114742620686	-0.007906192643782659
7.0212765957446805	6.051534614383549	-0.008510746013007386
7.046307884856071	6.051323700989106	-0.008857591352493102
7.071339173967459	6.05124851820191	-0.008717919177394076
7.0963704630788484	6.050963117344357	-0.008143335793985698
7.121401752190238	6.050317107631863	-0.007401384162320779
7.146433041301627	6.049380626185624	-0.00670783518795065
7.171464330413016	6.04828046869376	-0.006141782992495473
7.196495619524406	6.047109774647627	-0.005702661920753568
7.221526908635795	6.0459202119084114	-0.005365381549395559
7.246558197747184	6.044736682715392	-0.005104019251612066
7.2715894868585735	6.0435698720049364	-0.004898101960688225
7.296620775969963	6.042423516601515	-0.00473280366925094
7.321652065081352	6.041298121425311	-0.0045977015739022825
7.3466833541927405	6.040192765804968	-0.004485519766897872
7.371714643304131	6.039105957851122	-0.004391170271276404
7.39674593241552	6.038036026873823	-0.004311082955155976
7.421777221526909	6.036981293644485	-0.004242752268388009
7.446808510638299	6.0359401339787775	-0.004184433777129931
7.471839799749687	6.034910989902715	-0.004134941706012724
7.496871088861077	6.033892353142512	-0.004093517722569828
7.521902377972466	6.03288273804603	-0.004059755730946482
7.546933667083856	6.031880660692353	-0.0040335637616811665
7.571964956195245	6.030884619464431	-0.004015140290923716
7.5969962453066335	6.0298930619451685	-0.004004969029359387
7.622027534418024	6.028904344254457	-0.0040038452270662606
7.647058823529412	6.027916691870858	-0.004012933482836878
7.672090112640802	6.026928162209236	-0.004033858785475353
7.697121401752189	6.025936609162499	-0.0040688416285317025
7.72215269086358	6.02493965476686	-0.004120896272640451
7.74718397997497	6.023934681250924	-0.004194121295945569
7.772215269086359	6.022918872058107	-0.004294126469973167
7.797246558197749	6.021889361708658	-0.004428661368103812
7.8222778473091354	6.020843619034639	-0.004608537799010104
7.8473091364205265	6.019780321767208	-0.004848957738770213
7.872340425531913	6.018701250283381	-0.005171318558011645
7.897371714643305	6.017615238623814	-0.00560528895106302
7.922403003754695	6.01654600345229	-0.006189898013223671
7.947434292866082	6.015546000518661	-0.006969271866875529
7.972465581977473	6.014714269179487	-0.007972030231650523
7.99749687108886	6.014196269158929	-0.009160007492732172
8.022528160200253	6.014110647611197	-0.010371734727791695
8.047559449311638	6.014413896083648	-0.011390557270784488
8.072590738423028	6.014948989824184	-0.012156061812827093
8.09762202753442	6.015719280428963	-0.01272188757991731
8.122653316645806	6.016836947023473	-0.012917279635645998
8.147684605757199	6.018096623048411	-0.012392208904865254
8.172715894868585	6.018969039191175	-0.011135540103610772
8.197747183979974	6.019144891642031	-0.009572093374242183
8.222778473091363	6.018723182627572	-0.008113352494346124
8.247809762202753	6.017947441147777	-0.006927062653158525
8.272841051314145	6.017009394315189	-0.006015932715771111
8.297872340425531	6.016018501640609	-0.005327273355577103
8.32290362953692	6.015028166657585	-0.004804892920030057
8.34793491864831	6.014061450830074	-0.004403807656325767
8.3729662077597	6.013126527335768	-0.004091158947355636
8.397997496871088	6.012224687187566	-0.003843673458732419
8.423028785982478	6.011354250146522	-0.0036449722638456084
8.448060075093867	6.010512422027452	-0.003483483808369464
8.473091364205256	6.009696159831295	-0.003350965829902866
8.498122653316646	6.008902564627856	-0.003241474267651853
8.523153942428035	6.008129029160722	-0.003150610781157151
8.548185231539424	6.0073731752585555	-0.003074950812225849
8.573216520650814	6.006632566963371	-0.0030117613608311306
8.598247809762203	6.0059045312971	-0.002959195601148698
8.623279098873592	6.005186537580885	-0.0029164922476449667
8.648310387984981	6.004476589865783	-0.0028835807240533973
8.67334167709637	6.003773053035798	-0.0028606361516641116
8.69837296620776	6.003074334892756	-0.0028480482590418077
8.72340425531915	6.002378746223767	-0.0028465806833174873
8.748435544430539	6.001684474425721	-0.0028575386014318
8.773466833541928	6.00098958767703	-0.0028829483653266402
8.798498122653317	6.000292056832642	-0.0029258002557742413
8.823529411764707	5.999589823077689	-0.0029904086638963823
8.848560700876096	5.998880974799969	-0.003082954308438038
8.873591989987485	5.998164160917616	-0.0032122938709238935
8.898623279098874	5.997439500590413	-0.0033911390349719156
8.92365456821026	5.996710521820025	-0.0036376677320607287
8.948685857321653	5.995988191215207	-0.003977362276651394
8.973717146433042	5.995298974365082	-0.004443842092051134
8.998748435544432	5.994699578607811	-0.005074289869054324
9.023779724655821	5.994297957637416	-0.005887446381242223
9.048811013767207	5.994260597211057	-0.006823159015585445
9.0738423028786	5.994737045944629	-0.0076501011490712895
9.098873591989985	5.995645623891668	-0.007986550728458067
9.123904881101378	5.996563791918496	-0.007617021633307908
9.148936170212767	5.997065134304232	-0.006750870576477649
9.173967459324153	5.997062347337618	-0.005770297829179399
9.198998748435546	5.996703278801291	-0.004909815484138866
9.224030037546932	5.996155186746419	-0.004231522850778463
9.249061326658325	5.9955271231481735	-0.0037172329542071586
9.27409261576971	5.994876584138547	-0.003329689226453561
9.2991239048811	5.994230546599685	-0.003035014090606719
9.324155193992492	5.993600339511674	-0.0028074389093939722
9.349186483103878	5.992989794898812	-0.0026285065436846833
9.374217772215271	5.9923993287094355	-0.0024852298633399883
9.399249061326657	5.991827907363801	-0.002368467222571183
9.424280350438046	5.9912739735972504	-0.0022717281690670388
9.449311639549435	5.9907358698258575	-0.0021903478498123685
9.474342928660825	5.990212020919456	-0.002120927778105547
9.499374217772218	5.989701002911411	-0.002060958010926095
9.524405506883603	5.989201558808483	-0.002008560418974903
9.549436795994993	5.9887125910684045	-0.001962312540719921
9.574468085106382	5.988233144945387	-0.0019211253427327685
9.599499374217771	5.987762389374398	-0.001884157367655695
9.62453066332916	5.987299598316289	-0.0018507537041338173
9.64956195244055	5.986844133533965	-0.001820402183534714
9.67459324155194	5.986395428947028	-0.0017927021787216696
9.699624530663328	5.985952977252824	-0.0017673431839205084
9.724655819774718	5.985516319656782	-0.0017440898128742721
9.749687108886107	5.9850850370579805	-0.0017227703187954607
9.774718397997496	5.984658740986085	-0.0017032691270735117
9.799749687108886	5.9842370651042724	-0.00168552411664126
9.824780976220275	5.9838196579161425	-0.0016695281137795864
9.849812265331664	5.983406176498586	-0.0016553346250288842
9.874843554443054	5.982996281283268	-0.0016430688625039963
9.899874843554443	5.982589632550788	-0.0016329460156249698
9.924906132665832	5.982185890327876	-0.0016252998698559201
9.949937421777221	5.981784721333289	-0.0016206265665514863
9.97496871088861	5.981385820597198	-0.0016196506942350447
10.0	5.980988963598949	-0.0016234237932766238
