-10.0	0.014782838469722392	-0.0019444237293333166
-9.97496871088861	0.014308052425015205	-0.002024539719624907
-9.949937421777221	0.013818767901753404	-0.002121046389745765
-9.924906132665832	0.013313733976890951	-0.0022392847019322565
-9.899874843554443	0.012792141880187735	-0.002386777254668959
-9.874843554443054	0.012254397830009367	-0.0025742104783619962
-9.849812265331664	0.011703763106964082	-0.002816765826293449
-9.824780976220275	0.011149754084859076	-0.00313561131898403
-9.799749687108886	0.010614919621091623	-0.0035584761661414804
-9.774718397997496	0.010147143415779603	-0.00411551738867752
-9.749687108886107	0.009836769787987087	-0.004820278430387584
-9.724655819774718	0.009820821241867783	-0.005618605493259141
-9.699624530663328	0.010216085553740761	-0.0063142032676856
-9.67459324155194	0.010941510369985252	-0.0065958975304092615
-9.64956195244055	0.011644163621317816	-0.006304579575212105
-9.62453066332916	0.011988035524301388	-0.0056257243388541656
-9.599499374217771	0.011916688982450907	-0.004868086636571942
-9.574468085106382	0.011554519456431933	-0.004213729451450682
-9.549436795994993	0.011035459749307641	-0.0037079480683426397
-9.524405506883603	0.010445426852291106	-0.003334383330786575
-9.499374217772216	0.009829316321411596	-0.0030627630363162933
-9.474342928660825	0.009207996750494551	-0.002866000452644693
-9.449311639549435	0.008590060988998616	-0.002723634720862414
-9.424280350438046	0.00797821972693935	-0.0026210870972015604
-9.399249061326657	0.007372491550402316	-0.0025481648697880804
-9.37421777221527	0.006771735644881538	-0.0024977637005415693
-9.349186483103878	0.00617436950573147	-0.0024649206434765036
-9.32415519399249	0.005578692773615224	-0.0024461637555679705
-9.2991239048811	0.004983021822857481	-0.0024390757729831902
-9.274092615769712	0.004385733811251846	-0.0024420044735913166
-9.249061326658325	0.003785267728925845	-0.0024538724672287654
-9.224030037546934	0.003180105209059647	-0.002474055273646081
-9.198998748435546	0.0025687417792781275	-0.002502307973435619
-9.173967459324155	0.0019496532987686166	-0.0025387286064657844
-9.148936170212767	0.0013212594268221522	-0.002583752107231982
-9.123904881101378	0.0006818846322991234	-0.002638172927096935
-9.098873591989987	2.9716833140014387e-5	-0.0027031984116324265
-9.0738423028786	-0.0006372359211184175	-0.0027805392031751835
-9.048811013767208	-0.001321189038761439	-0.0028725482064848318
-9.023779724655821	-0.00202462065623088	-0.002982426988335826
-8.998748435544432	-0.002750295936826852	-0.003114529286790013
-8.973717146433042	-0.0035012533602465368	-0.0032748076007449167
-8.948685857321653	-0.004280704685134751	-0.0034714733211044096
-8.923654568210262	-0.005091748385533279	-0.0037159763245728783
-8.898623279098874	-0.005936689177979737	-0.004024455916622149
-8.873591989987485	-0.006815534200529605	-0.004419855331532926
-8.848560700876096	-0.007722780802568607	-0.004934853035249306
-8.823529411764707	-0.008640713786946641	-0.005615384002222404
-8.798498122653317	-0.009525874271240298	-0.006522980310011084
-8.773466833541928	-0.010283708444186246	-0.007729215205241391
-8.748435544430539	-0.010729718327653792	-0.009282884056622004
-8.72340425531915	-0.010563771597777105	-0.01111158899990529
-8.69837296620776	-0.009469344562849535	-0.012847199242496457
-8.67334167709637	-0.007481701531808049	-0.0137868702225767
-8.648310387984981	-0.005305951177963841	-0.01339698976590642
-8.623279098873592	-0.0038270310505925664	-0.011930798545002383
-8.598247809762203	-0.0033434782281700492	-0.010116502456101711
-8.573216520650814	-0.003621812559774007	-0.008475076844892224
-8.548185231539424	-0.004330088934616505	-0.007175281033875172
-8.523153942428035	-0.0052373298570334015	-0.006199939382903585
-8.498122653316646	-0.0062180519361767495	-0.005480009259038451
-8.473091364205256	-0.007212187119086444	-0.004948361684400479
-8.448060075093867	-0.00819385876863521	-0.004552871767227587
-8.423028785982478	-0.00915374943297298	-0.004255953534101881
-8.397997496871088	-0.010090170060943038	-0.004031134590972596
-8.3729662077597	-0.011004732963261432	-0.003859814133407566
-8.34793491864831	-0.011900305819707135	-0.003728829065960282
-8.32290362953692	-0.012780069706661124	-0.003628759142395188
-8.297872340425531	-0.013647106567901801	-0.0035527767794916038
-8.272841051314144	-0.01450423840837356	-0.003495870566265949
-8.247809762202753	-0.015353984012262956	-0.003454318811358173
-8.222778473091363	-0.016198568312846717	-0.003425329527816226
-8.197747183979974	-0.017039953220335136	-0.003406791722408431
-8.172715894868585	-0.017879875182112315	-0.003397101873538505
-8.147684605757197	-0.018719882830648515	-0.00339504190306239
-8.122653316645806	-0.019561372029098578	-0.003399693026138517
-8.097622027534417	-0.020405617535812937	-0.0034103751514320962
-8.072590738423028	-0.021253801404678363	-0.003426605018223519
-8.047559449311638	-0.02210703863256569	-0.003448068654003239
-8.02252816020025	-0.022966400713194446	-0.0034746054442163776
-7.9974968710888605	-0.023832937782221286	-0.003506202414466267
-7.972465581977473	-0.024707699993353316	-0.003542998446263948
-7.947434292866082	-0.025591758653734864	-0.0035852992575427928
-7.922403003754694	-0.026486227429700193	-0.003633605257633274
-7.897371714643305	-0.0273922835075453	-0.0036886560505239446
-7.872340425531914	-0.028311187744558985	-0.0037514977101932023
-7.8473091364205265	-0.029244301136695405	-0.0038235824298332305
-7.8222778473091354	-0.030193091480350986	-0.003906915412480422
-7.797246558197748	-0.031159117110336254	-0.00400427186934714
-7.772215269086359	-0.032143960314467535	-0.004119518905010028
-7.7471839799749675	-0.03314905364218479	-0.004258093729650594
-7.72215269086358	-0.034175281503171284	-0.0044277090343660536
-7.697121401752189	-0.035222113710614344	-0.004639364786816938
-7.672090112640801	-0.036285772866746946	-0.004908689004452363
-7.647058823529412	-0.037355455438614626	-0.005257326851639932
-7.622027534418023	-0.03840589217817225	-0.0057130083131619325
-7.596996245306634	-0.03938427685018464	-0.006303732876175153
-7.571964956195245	-0.040193939200430684	-0.007034565608380727
-7.546933667083856	-0.04069820492781151	-0.007831045718802165
-7.5219023779724665	-0.040807379085563866	-0.008472695794047747
-7.496871088861077	-0.04065721015149304	-0.00866279385266247
-7.471839799749688	-0.04061568119514192	-0.008312646214049271
-7.446808510638299	-0.04096101501084792	-0.007651240961286873
-7.421777221526909	-0.04169714813218839	-0.006962988118976721
-7.39674593241552	-0.04269248709685236	-0.006391890972512929
-7.371714643304131	-0.04382618141269479	-0.00596398128734367
-7.346683354192741	-0.04502489388444619	-0.005658244226520434
-7.321652065081352	-0.046251387892421114	-0.005445378049176289
-7.296620775969963	-0.04748877390906525	-0.00530045319214692
-7.2715894868585735	-0.04873037987375106	-0.00520492615135397
-7.246558197747184	-0.049974371820382224	-0.005145621771186132
-7.221526908635795	-0.05122109450074319	-0.00511329224409543
-7.196495619524406	-0.052471798083454146	-0.005101429968214444
-7.171464330413016	-0.05372804241582507	-0.005105413805001541
-7.146433041301627	-0.0549914275961112	-0.005121923421183477
-7.121401752190238	-0.0562634804816331	-0.005148543275138029
-7.0963704630788484	-0.057545614831050695	-0.0051834947763522154
-7.071339173967459	-0.05883912528316193	-0.005225453815863063
-7.04630788485607	-0.060145195948088315	-0.005273425127868159
-7.0212765957446805	-0.06146491440917856	-0.00532665472554851
-6.996245306633291	-0.06279928684226066	-0.005384568097380221
-6.971214017521902	-0.06414925236308777	-0.005446726034858795
-6.946182728410513	-0.06551569588133743	-0.005512792676350922
-6.921151439299123	-0.06689945929256957	-0.005582512120512001
-6.896120150187734	-0.06830135108746349	-0.0056556911251817304
-6.871088861076345	-0.06972215455535302	-0.005732186179517873
-6.8460575719649555	-0.07116263478478846	-0.005811893755292688
-6.821026282853566	-0.07262354465661103	-0.005894742895114269
-6.795994993742177	-0.07410563000468251	-0.0059806895369656915
-6.770963704630788	-0.07560963409507249	-0.006069712142260139
-6.745932415519399	-0.07713630155125006	-0.0061618083124225925
-6.720901126408009	-0.07868638183137344	-0.006256992162600145
-6.69586983729662	-0.08026063234608838	-0.006355292281010394
-6.670838548185231	-0.0818598212898154	-0.00645675014580685
-6.645807259073841	-0.08348473024634595	-0.006561418903017743
-6.620775969962453	-0.08513615661925078	-0.006669362432485976
-6.595744680851063	-0.08681491592955215	-0.0067806546461118
-6.570713391739676	-0.08852184401638796	-0.006895378975751251
-6.545682102628285	-0.09025779917127608	-0.007013628017994045
-6.520650813516897	-0.09202366423229646	-0.007135503310590513
-6.495619524405506	-0.09382034866102451	-0.007261115221107922
-6.470588235294117	-0.09564879062282783	-0.007390582932916681
-6.445556946182729	-0.09750995908867433	-0.007524034517162909
-6.420525657071338	-0.09940485597523097	-0.007661607082206617
-6.395494367959951	-0.10133451833914409	-0.007803446994277111
-6.37046307884856	-0.10330002064000299	-0.007949710164955853
-6.34543178973717	-0.10530247708665152	-0.008100562402634348
-6.320400500625783	-0.10734304408076056	-0.008256179826402088
-6.295369211514392	-0.10942292277182908	-0.008416749341944932
-6.270337922403004	-0.11154336173783141	-0.008582469180034441
-6.245306633291613	-0.11370565980615943	-0.008753549499095778
-6.2202753441802265	-0.11591116903004917	-0.008930213054191755
-6.195244055068836	-0.11816129783631357	-0.009112695935573512
-6.170212765957448	-0.12045751436132601	-0.009301248380752733
-6.145181476846059	-0.12280134999292835	-0.009496135664857755
-6.120150187734667	-0.1251944031375487	-0.00969763907487442
-6.09511889862328	-0.1276383432330115	-0.009906056974246319
-6.070087609511891	-0.1301349150292097	-0.010121705965246988
-6.0450563204005014	-0.13268594316083426	-0.010344922157546288
-6.020025031289112	-0.13529333703821989	-0.010576062552495227
-5.994993742177721	-0.1379590960849435	-0.010815506553868606
-5.9699624530663336	-0.1406853153533434	-0.011063657617148795
-5.9449311639549425	-0.14347419155217445	-0.011320945050933076
-5.919899874843555	-0.14632802952395885	-0.011587825985723416
-5.894868585732166	-0.14924924921326532	-0.011864787527243986
-5.869837296620776	-0.1522403931714904	-0.01215234911355495
-5.844806007509387	-0.15530413464821935	-0.01245106509763573
-5.819774718397998	-0.15844328632481952	-0.012761527579833024
-5.7947434292866085	-0.1616608097515262	-0.013084369517667241
-5.769712140175219	-0.16495982555623456	-0.013420268144013772
-5.74468085106383	-0.16834362450061624	-0.013769948728705253
-5.719649561952441	-0.17181567946761467	-0.014134188723200672
-5.694618272841051	-0.17537965847410097	-0.014513822333249757
-5.669586983729662	-0.1790394388131067	-0.01490974557054181
-5.644555694618273	-0.1827991224424821	-0.015322921841310316
-5.619524405506883	-0.18666305275061967	-0.01575438813791291
-5.594493116395494	-0.19063583284570518	-0.01620526190871764
-5.569461827284105	-0.19472234553298762	-0.016676748692408247
-5.5444305381727155	-0.19892777516495164	-0.01717015061533965
-5.519399249061326	-0.20325763157272103	-0.017686875865152912
-5.494367959949937	-0.20771777631384047	-0.01822844927084838
-5.469336670838549	-0.21231445150217665	-0.018796524139398224
-5.444305381727158	-0.2170543115209509	-0.019392895522272885
-5.419274092615769	-0.22194445796056517	-0.020019515112640385
-5.3942428035043815	-0.22699247816949608	-0.020678508006253732
-5.36921151439299	-0.23220648786073372	-0.021372191597159126
-5.344180225281603	-0.2375951782788417	-0.022103096924516952
-5.319148936170212	-0.24316786850530736	-0.022873992840479723
-5.2941176470588225	-0.24893456356456056	-0.023687913433017196
-5.269086357947435	-0.2549060190916399	-0.02454818921401726
-5.244055068836044	-0.26109381343768634	-0.025458482674652505
-5.219023779724656	-0.267510428224893	-0.026422828920304148
-5.193992490613266	-0.2741693385210473	-0.027445682230474486
-5.168961201501876	-0.28108511399114633	-0.028531969550461583
-5.1439299123904885	-0.2882735326043777	-0.02968715211773286
-5.1188986232791	-0.29575170873668766	-0.03091729666541705
-5.09386733416771	-0.3035382378199487	-0.032229157938798964
-5.06883604505632	-0.3116533600590796	-0.033630274621839124
-5.043804755944931	-0.320119146180625	-0.03512908121703148
-5.018773466833542	-0.32895970870655233	-0.03673503897592606
-4.993742177722154	-0.3382014428830411	-0.03845878966850386
-4.968710888610763	-0.34787330216170975	-0.04031233684535232
-4.943679599499373	-0.35800711405745655	-0.042309260336905866
-4.918648310387985	-0.3686379433308917	-0.04446497111438656
-4.893617021276597	-0.3798045108091621	-0.046797015394254904
-4.868585732165207	-0.3915496778237264	-0.04932543911758441
-4.843554443053817	-0.4039210082778384	-0.05207322683308381
-4.818523153942427	-0.41697142284816824	-0.05506683276734442
-4.793491864831038	-0.4307599628824481	-0.058336826763952465
-4.768460575719651	-0.44535268531327343	-0.061918684206365815
-4.7434292866082615	-0.46082371452974025	-0.06585375754970253
-4.71839799749687	-0.4772564828317645	-0.07019047842934681
-4.69336670838548	-0.49474519806677275	-0.07498585455160987
-4.668335419274092	-0.5133965855758102	-0.08030734621040624
-4.643304130162704	-0.5333319619260011	-0.08623523547143983
-4.618272841051315	-0.5546897103135326	-0.09286563994055595
-4.593241551939924	-0.5776282420874717	-0.10031437713954165
-4.568210262828536	-0.6023295453365209	-0.10872196156781862
-4.543178973717147	-0.6290034389352881	-0.11826012454490992
-4.518147684605758	-0.6578926663983915	-0.1291404019894658
-4.4931163954943685	-0.6892789728744986	-0.14162556035866364
-4.468085106382977	-0.7234902992585162	-0.15604496136323665
-4.44305381727159	-0.7609091767599523	-0.1728154566192285
-4.418022528160201	-0.8019822676431878	-0.19247013990645434
-4.392991239048811	-0.8472306825545877	-0.21569840216556058
-4.367959949937422	-0.8972600312647621	-0.24340244520898616
-4.342928660826031	-0.9527677693061993	-0.27677804572158893
-4.317897371714643	-1.0145425525636336	-0.31743142480680103
-4.292866082603254	-1.083444495634037	-0.3675502851503048
-4.267834793491865	-1.1603433124815146	-0.43015627307288884
-4.2428035043804755	-1.245966740450549	-0.5094786922222849
-4.217772215269086	-1.3405607276994962	-0.6115027885397144
-4.192740926157699	-1.4431578057895713	-0.744746834868136
-4.167709637046308	-1.5500391416994619	-0.921259699745509
-4.142678347934918	-1.6515876011715784	-1.157538490315726
-4.117647058823529	-1.7261946814014353	-1.4740654558835504
-4.09261576971214	-1.730015606497723	-1.8893693509268672
-4.067584480600752	-1.5861180827280972	-2.399085190251105
-4.042553191489361	-1.1955665453757547	-2.930279270369968
-4.017521902377972	-0.5180853123826465	-3.3030743626733523
-3.9924906132665825	0.30427254578906915	-3.3184086919864
-3.967459324155193	0.9996525794971021	-2.966991548754311
-3.9424280350438052	1.4110596705468774	-2.4408993458169874
-3.917396745932415	1.5690945066144515	-1.926764979314612
-3.8923654568210257	1.5722463305922618	-1.504729405350351
-3.867334167709638	1.499971832485635	-1.1823423827948398
-3.8423028785982494	1.3982331046687784	-0.9417798309079816
-3.8172715894868587	1.2898664100519774	-0.7623932427693223
-3.7922403003754686	1.1851105701832123	-0.6273482572182059
-3.7672090112640793	1.087977835709026	-0.52429909843933
-3.7421777221526913	0.9995651455151657	-0.44450810182720274
-3.717146433041303	0.9196766933354397	-0.381837595291006
-3.6921151439299127	0.8475970383221103	-0.33195483986078583
-3.6670838548185225	0.7824508822699427	-0.2917686687128275
-3.6420525657071328	0.7233641516251144	-0.2590449771205684
-3.617021276595745	0.6695303041309932	-0.23214695298698654
-3.5919899874843564	0.6202320637742167	-0.20985919744502213
-3.566958698372966	0.5748428636243879	-0.1912676692366786
-3.541927409261576	0.5328197115334641	-0.17567682997155398
-3.5168961201501876	0.4936930639355892	-0.1625517651378064
-3.4918648310387996	0.4570562890636354	-0.15147725026472136
-3.46683354192741	0.42255583045828704	-0.14212845313784123
-3.4418022528160197	0.38988246983193564	-0.13424972949305275
-3.4167709637046295	0.35876375350434975	-0.12763912332402305
-3.391739674593241	0.328957498695714	-0.1221369434657277
-3.366708385481853	0.300246239520797	-0.11761729512208499
-3.341677096370464	0.2724324594648837	-0.11398178730743284
-3.3166458072590737	0.2453344632222434	-0.11115487158452346
-3.291614518147683	0.21878275397238944	-0.10908043069538048
-3.2665832290362946	0.1926167965736605	-0.10771935169687999
-3.2415519399249066	0.16668206001268704	-0.10704790300812513
-3.2165206508135173	0.1408272425588617	-0.10705679926122282
-3.191489361702127	0.11490158997723254	-0.1077508897707086
-3.166458072590739	0.08875222071781952	-0.10914945166615048
-3.14142678347935	0.0622213722262237	-0.11128711216294299
-3.11639549436796	0.03514347946574281	-0.11421547073154649
-3.091364205256571	0.007341990545908228	-0.11800554616330607
-3.0663329161451807	-0.02137418463739449	-0.12275124203749883
-3.0413016270337927	-0.05121470779180992	-0.12857411541607972
-3.0162703379224034	-0.08241245370063233	-0.13562985996605625
-2.991239048811014	-0.11522889285197513	-0.14411709427731284
-2.966207759699625	-0.1499603429945826	-0.15428930642447547
-2.941176470588234	-0.1869451829741644	-0.16647118921516346
-2.916145181476846	-0.2265720253010084	-0.18108117314656508
-2.891113892365457	-0.2692886183436314	-0.1986628295820736
-2.8660826032540676	-0.3156107633022427	-0.2199291382744184
-2.8410513141426783	-0.36612952180021274	-0.2458256464187356
-2.816020025031289	-0.4215129241479567	-0.2776216818874572
-2.790988735919901	-0.48249417494184454	-0.3170435881552558
-2.7659574468085104	-0.5498297310451976	-0.36647113501563044
-2.740926157697121	-0.6241928727880195	-0.42922833419695766
-2.715894868585732	-0.7059316266464752	-0.510011645883505
-2.6908635794743425	-0.7945438804378941	-0.6155037446925609
-2.6658322903629545	-0.8875684808331736	-0.7551869763834147
-2.6408010012515644	-0.9782994323884502	-0.9421879527247787
-2.615769712140175	-1.0512851895583948	-1.1933277909119422
-2.5907384230287853	-1.0744143264597898	-1.5256251189644128
-2.565707133917396	-0.988998411010678	-1.9422960379569851
-2.540675844806008	-0.7119711806871107	-2.398523431659396
-2.515644555694618	-0.18831076431860172	-2.7609813138799084
-2.4906132665832286	0.5006911490956623	-2.8494531404372356
-2.4655819774718406	1.1322209035197979	-2.6090548439313137
-2.440550688360452	1.5368399241284307	-2.178054862288683
-2.4155193992490616	1.7116100565301218	-1.729311285702545
-2.3904881101376714	1.7364418524708534	-1.3506789216303072
-2.365456821026282	1.6849993839518684	-1.0581915206162986
-2.340425531914894	1.602120639617165	-0.8391511796926715
-2.3153942428035057	1.5106855527340792	-0.675758758566293
-2.2903629536921155	1.4211888579822443	-0.5528500617477102
-2.2653316645807253	1.3379057171945057	-0.4591357388300712
-2.2403003754693356	1.2621679917827497	-0.3865875284369786
-2.2152690863579476	1.1939844431002726	-0.3295635263435446
-2.190237797246559	1.132816730445129	-0.2840866965957548
-2.165206508135169	1.0779426839750599	-0.24732579694503806
-2.140175219023779	1.0286208045534162	-0.21723924257014487
-2.1151439299123904	0.9841597737542997	-0.19233427509134055
-2.0901126408010025	0.9439431086031478	-0.1715040706294547
-2.0650813516896127	0.9074332044525488	-0.15391675990771414
-2.0400500625782225	0.8741664776442892	-0.13893900373201865
-2.0150187734668323	0.8437452147674231	-0.1260827163117989
-1.989987484355444	0.8158287457700824	-0.11496744760112491
-1.9649561952440555	0.7901250937116386	-0.10529348096835561
-1.939924906132667	0.7663835427906163	-0.09682235301975592
-1.914893617021277	0.7443882293453035	-0.0893625780761481
-1.8898623279098858	0.7239527094555709	-0.08275906673333244
-1.8648310387984974	0.7049153971789237	-0.07688519727687321
-1.839799749687109	0.6871357517881926	-0.07163681377560072
-1.8147684605757206	0.6704910967243571	-0.06692763857640417
-1.7897371714643304	0.6548739654206424	-0.06268573379932373
-1.764705882352942	0.640189883900729	-0.05885074841600382
-1.7396745932415527	0.6263555144285564	-0.05537175907779149
-1.7146433041301625	0.6132970973820715	-0.052205563631698385
-1.6896120150187741	0.6009491396031712	-0.04931532263654262
-1.664580725907384	0.5892533067655599	-0.046669470502207336
-1.6395494367959955	0.5781574849792133	-0.0442408370818656
-1.6145181476846062	0.5676149831404644	-0.04200593469164714
-1.589486858573217	0.5575838526664474	-0.03994437603627174
-1.5644555694618276	0.5480263054261689	-0.038038396382190864
-1.5394242803504374	0.5389082140735848	-0.03627245925074288
-1.514392991239049	0.5301986817482067	-0.03463292941010816
-1.4893617021276597	0.5218696703568693	-0.03310780039247198
-1.4643304130162704	0.5138956784843329	-0.031686466418001796
-1.4392991239048811	0.5062534614806702	-0.030359530665146905
-1.4142678347934918	0.4989217875029297	-0.02911864343138061
-1.3892365456821025	0.4918812242995978	-0.027956364986971308
-1.3642052565707132	0.4851139523596686	-0.02686604891680501
-1.339173967459324	0.4786036007370731	-0.025841742532109524
-1.3141426783479346	0.4723351024325524	-0.024878101560922933
-1.2891113892365453	0.466294566690002	-0.02397031682820519
-1.264080100125157	0.4604691659606881	-0.023114051040414224
-1.2390488110137667	0.4548470356200669	-0.0223053841157817
-1.2140175219023774	0.44941718480004855	-0.021540765766462452
-1.1889862327909881	0.4441694169334287	-0.020816974254651094
-1.1639549436795988	0.43909425880461406	-0.02013108042145309
-1.1389236545682104	0.4341828970676267	-0.019480416232434974
-1.1138923654568202	0.42942712133402905	-0.018862547203440924
-1.0888610763454318	0.4248192730538167	-0.018275248169289854
-1.0638297872340434	0.4203521995150403	-0.017716481940171655
-1.0387984981226523	0.41601921237559836	-0.017184380459065465
-1.013767209011264	0.411814050215916	-0.016677228130737784
-0.9887359198998737	0.40773084466580345	-0.016193447040875233
-0.9637046307884853	0.4037640897143868	-0.015731583824260723
-0.9386733416770969	0.39990861385989795	-0.015290297974935932
-0.9136420525657085	0.39615955479783915	-0.01486835142007746
-0.8886107634543183	0.39251233638165806	-0.014464599203720258
-0.8635794743429273	0.38896264762155486	-0.014077981147219878
-0.8385481852315388	0.3855064235141792	-0.013707514371035248
-0.8135168961201504	0.3821398275195178	-0.013352286577530514
-0.788485607008762	0.37885923552216516	-0.013011450007451505
-0.7634543178973718	0.3756612211321668	-0.012684215993846296
-0.7384230287859816	0.37254254219653093	-0.012369850046774433
-0.7133917396745932	0.36950012840658175	-0.012067667410400648
-0.6883604505632039	0.3665310698984219	-0.011777029041203826
-0.6633291614518155	0.3636326067546989	-0.011497337962210974
-0.6382978723404253	0.36080211932556683	-0.011228035953528462
-0.6132665832290352	0.3580371192949108	-0.010968600544107282
-0.5882352941176467	0.35533524142563966	-0.0107185422737395
-0.5632040050062583	0.3526942359244152	-0.010477402197833371
-0.5381727158948699	0.3501119613721011	-0.010244749610611864
-0.5131414267834788	0.34758637817138327	-0.010020179965099879
-0.48811013767208866	0.345115542467997	-0.009803312970647418
-0.46307884856070025	0.3426976005057156	-0.009593790850831924
-0.43804755944931184	0.34033078337949263	-0.009391276746429367
-0.41301627033792343	0.3380134021541359	-0.00919545324976935
-0.38798498122653324	0.33574384331901275	-0.00900602105822794
-0.36295369211514483	0.33352056455202916	-0.008822697735882401
-0.33792240300375376	0.3313420907685334	-0.008645216573479206
-0.31289111389236535	0.32920701043283884	-0.008473325537864645
-0.28785982478097694	0.32711397211217275	-0.008306786302917368
-0.26282853566958675	0.32506168125458856	-0.008145373354808
-0.23779724655819834	0.3230488971739307	-0.00798887316512073
-0.21276595744680904	0.32107443022641036	-0.007837083425993069
-0.18773466833541974	0.3191371391646971	-0.007689812341994895
-0.16270337922403044	0.31723592865645456	-0.007546877973967747
-0.13767209011264026	0.315369746955644	-0.007408107630495653
-0.11264080100125184	0.31353758371545526	-0.007273337303078428
-0.08760951188986255	0.31173846793303817	-0.007142411141444108
-0.06257822277847325	0.30997146601664927	-0.007015180965757886
-0.03754693366708395	0.30823567996688617	-0.006891505812779433
-0.01251564455569465	0.3065302456640433	-0.00677125151328313
0.01251564455569465	0.30485433125449024	-0.006654290298293147
0.03754693366708395	0.3032071356293513	-0.006540500431898202
0.06257822277847325	0.30158788698936245	-0.006429765868606996
0.08760951188986255	0.2999958414902264	-0.006321975933377577
0.11264080100125184	0.2984302819632392	-0.006217025022613926
0.13767209011264114	0.2968905167062106	-0.006114812324567384
0.16270337922403044	0.29537587834034484	-0.006015241557708273
0.18773466833541974	0.2938857227287337	-0.005918220725754014
0.21276595744680726	0.29241942795272324	-0.005823661888147008
0.23779724655819834	0.29097639334241787	-0.005731480944872011
0.26282853566958764	0.28955603855810663	-0.005641597434593262
0.28785982478097694	0.2881578027194003	-0.005553934345172956
0.31289111389236623	0.2867811435792387	-0.0054684179357052665
0.33792240300375376	0.28542553674008797	-0.00538497756926927
0.36295369211514483	0.2840904749097395	-0.005303545555664715
0.38798498122653235	0.28277546719443514	-0.0052240570034529366
0.41301627033792343	0.28148003842719493	-0.005146449680673862
0.43804755944931273	0.2802037285290737	-0.0050706638836605505
0.46307884856070025	0.2789460919018061	-0.004996642313414151
0.4881101376720913	0.27770669684968663	-0.004924329959042767
0.5131414267834788	0.2764851250292937	-0.004853673987804383
0.5381727158948699	0.2752809709254169	-0.004784623641326563
0.5632040050062574	0.27409384135162895	-0.004717130137607772
0.5882352941176467	0.27292335497431086	-0.004651146578433699
0.6132665832290378	0.2717691418587682	-0.004586627861865089
0.6382978723404253	0.27063084303616725	-0.004523530599484585
0.6633291614518164	0.26950811009032316	-0.004461813038101822
0.6883604505632039	0.26840060476316285	-0.004401434985647407
0.7133917396745932	0.2673079985779001	-0.004342357740998559
0.7384230287859808	0.26622997247905644	-0.004284544027497922
0.7634543178973718	0.2651662164883124	-0.004227957929944168
0.7884856070087629	0.26411642937551694	-0.0041725648348488464
0.8135168961201504	0.26308031834400847	-0.0041183313737647165
0.8385481852315397	0.26205759872947443	-0.0040652253695060425
0.8635794743429273	0.261047993711772	-0.004013215785091506
0.8886107634543183	0.2600512340389578	-0.003962272675256923
0.9136420525657059	0.2590670577629779	-0.003912367140383177
0.9386733416770969	0.25809520998641755	-0.0038634712827072537
0.9637046307884862	0.25713544261976606	-0.0038155581646878434
0.9887359198998737	0.2561875141487162	-0.0037686017693993046
1.0137672090112648	0.2552511894109659	-0.0037225769628479177
1.0387984981226523	0.2543262393820642	-0.003677459458101079
1.0638297872340434	0.25341244096996984	-0.0036332257811242663
1.088861076345431	0.25250957681772324	-0.0035898532382505066
1.1138923654568202	0.251617435114063	-0.0035473198851679877
1.1389236545682113	0.2507358094114567	-0.00350560449736817
1.1639549436795988	0.24986449845123637	-0.0034646865419671047
1.18898623279099	0.24900330599559028	-0.0034245461508180253
1.2140175219023774	0.2481520406659996	-0.0033851640948710515
1.2390488110137667	0.247310515787877	-0.0033465217596828634
1.264080100125156	0.24647854924108703	-0.0033086011220571643
1.2891113892365453	0.24565596331616302	-0.0032713847277017205
1.3141426783479364	0.2448425845758777	-0.003234855669924208
1.339173967459324	0.24403824372196414	-0.003198997569256623
1.3642052565707132	0.24324277546678852	-0.003163794553923349
1.3892365456821025	0.2424560184097193	-0.0031292312412832812
1.4142678347934918	0.24167781491795548	-0.0030952927199594527
1.4392991239048811	0.24090801101175163	-0.003061964532852013
1.4643304130162704	0.2401464562537381	-0.0030292326608284403
1.4893617021276597	0.23939300364218896	-0.0029970835070761703
1.514392991239049	0.23864750950805558	-0.002965503882101539
1.5394242803504383	0.23790983341554073	-0.002934480989483179
1.5644555694618276	0.23717983806630194	-0.0029040024121629315
1.589486858573217	0.23645738920686732	-0.002874056099285871
1.6145181476846044	0.23574235553928435	-0.0028446303536153184
1.6395494367959955	0.23503460863481163	-0.0028157138194710996
1.6645807259073848	0.23433402285051796	-0.002787295471133322
1.6896120150187741	0.2336404752487118	-0.002759364601753994
1.7146433041301634	0.23295384551905762	-0.002731910812710042
1.739674593241551	0.23227401590327101	-0.002704924003385012
1.764705882352942	0.23160087112230565	-0.0026783943613726824
1.7897371714643295	0.2309342983058853	-0.0026523123530581005
1.8147684605757206	0.23027418692438895	-0.0026266687145963252
1.83979974968711	0.2296204287228485	-0.0026014544432386433
1.8648310387984974	0.22897291765711314	-0.002576660789002594
1.8898623279098885	0.2283315498320202	-0.0025522792466809163
1.914893617021276	0.22769622344147455	-0.0025283015481546156
1.939924906132667	0.2270668387104795	-0.002504719655018084
1.9649561952440546	0.22644329783883776	-0.002481525751487884
1.989987484355444	0.22582550494671816	-0.002458712237588756
2.015018773466835	0.2252133660217721	-0.0024362717226078245
2.0400500625782225	0.22460678886785868	-0.002414197018805131
2.065081351689613	0.2240056830553656	-0.0023924811353613906
2.090112640801001	0.22340995987293288	-0.00237111727256914
2.1151439299123904	0.22281953228058526	-0.0023500988162452885
2.1401752190237784	0.22223431486433531	-0.002329419332356669
2.165206508135169	0.22165422379190858	-0.0023090725618639396
2.1902377972465596	0.22107917676990896	-0.00228905241575178
2.2152690863579476	0.22050909300207522	-0.002269352970264954
2.240300375469337	0.2199438931487223	-0.0022499684623231986
2.265331664580725	0.21938349928735912	-0.0022308932851100305
2.2903629536921155	0.21882783487429647	-0.0022121219838457107
2.315394242803503	0.2182768247073179	-0.002193649251716223
2.340425531914894	0.21773039488935675	-0.0021754699259695365
2.3654568210262834	0.21718847279311815	-0.0021575789841568604
2.3904881101376714	0.21665098702660046	-0.0021399715405326925
2.415519399249062	0.2161178673994799	-0.0021226428426044386
2.4405506883604495	0.21558904489042252	-0.0021055882677967763
2.4655819774718406	0.21506445161505905	-0.00208880332028899
2.490613266583228	0.21454402079487522	-0.0020722836279552515
2.515644555694618	0.21402768672678585	-0.0020560249394320773
2.5406758448060085	0.21351538475335907	-0.0020400231213494324
2.565707133917396	0.2130070512338933	-0.0020242741556099064
2.590738423028787	0.21250262351589821	-0.0020087741368747802
2.6157697121401746	0.21200203990744626	-0.0019935192700958337
2.6408010012515644	0.2115052396499424	-0.0019785058681836
2.665832290362953	0.21101216289159108	-0.001963730349774817
2.6908635794743425	0.21052275066125237	-0.0019491892371543695
2.7158948685857336	0.21003694484294133	-0.0019348791542284083
2.740926157697121	0.20955468815079747	-0.0019207968245852358
2.765957446808511	0.20907592410443776	-0.0019069390697643573
2.7909887359198997	0.20860059700483635	-0.0018933028074725744
2.816020025031289	0.20812865191053742	-0.0018798850501022812
2.841051314142678	0.2076600346143671	-0.0018666829030431487
2.8660826032540676	0.20719469162033288	-0.0018536935635395935
2.8911138923654573	0.20673257012112511	-0.0018409143189885846
2.916145181476846	0.2062736179756257	-0.0018283425462755076
2.9411764705882355	0.20581778368682002	-0.0018159757099311946
2.9662077596996244	0.20536501637980553	-0.0018038113616629659
2.991239048811014	0.20491526578093966	-0.0017918471397990743
3.0162703379224016	0.20446848219538216	-0.0017800807679391184
3.0413016270337927	0.20402461648759607	-0.0017685100546120935
3.066332916145182	0.20358362005956776	-0.0017571328916803353
3.091364205256571	0.2031454448293708	-0.0017459472547334265
3.1163954943679606	0.20271004321096298	-0.0017349512023971947
3.141426783479348	0.20227736809344243	-0.0017241428761625155
3.166458072590739	0.20184737282069642	-0.0017135205004439324
3.1914893617021267	0.20142001117070674	-0.0017030823821055918
3.2165206508135173	0.2009952373350532	-0.0016928269106795124
3.241551939924907	0.20057300589850025	-0.0016827525586786685
3.2665832290362946	0.2001532718182828	-0.0016728578817446493
3.2916145181476857	0.19973599040333623	-0.0016631415190704324
3.316645807259073	0.19932111729369062	-0.001653602194141457
3.341677096370464	0.1989086084392815	-0.001644238715317936
3.366708385481852	0.19849842007899987	-0.0016350499768427174
3.391739674593241	0.19809050871915002	-0.0016260349598203883
3.416770963704632	0.19768483111185553	-0.0016171927334662217
3.4418022528160197	0.19728134423307697	-0.0016085224565225431
3.4668335419274103	0.1968800052602786	-0.00160002337885351
3.4918648310387983	0.1964807715496626	-0.001591694843244451
3.5168961201501876	0.1960836006129716	-0.0015835362874498937
3.5419274092615756	0.19568845009381786	-0.0015755472464605291
3.566958698372966	0.1952952777432957	-0.00156772735499211
3.591989987484357	0.19490404139511108	-0.0015600763503088033
3.617021276595745	0.1945146989399582	-0.0015525940753000067
3.642052565707134	0.19412720829902952	-0.001545280481862199
3.667083854818522	0.19374152739683748	-0.001538135634667065
3.6921151439299127	0.1933576141329234	-0.0015311597152389833
3.7171464330413	0.19297542635262	-0.0015243530264918148
3.7421777221526913	0.19259492181673066	-0.0015177159976653976
3.7672090112640806	0.19221605816983622	-0.001511249189741909
3.7922403003754686	0.19183879290732486	-0.001504953301387807
3.817271589486859	0.19146308334097117	-0.0014988291754572947
3.8423028785982467	0.19108888656277356	-0.0014928778061085446
3.867334167709638	0.19071615940711695	-0.001487100346609621
3.8923654568210253	0.1903448584109273	-0.0014814981178728481
3.917396745932415	0.18997493977172342	-0.0014760726178279227
3.9424280350438057	0.18960635930330394	-0.0014708255316815966
3.967459324155193	0.18923907238890525	-0.001465758743178669
3.9924906132665843	0.18887303393156518	-0.0014608743469726737
4.017521902377972	0.18850819830133325	-0.0014561746622021865
4.042553191489361	0.18814451927923326	-0.0014516622474358976
4.06758448060075	0.18778194999740627	-0.0014473399171125167
4.09261576971214	0.18742044287523418	-0.0014432107596601962
4.117647058823531	0.18705994955097216	-0.0014392781574864844
4.142678347934918	0.1867004208084242	-0.0014355458090546114
4.167709637046308	0.18634180649818655	-0.00143201775330129
4.192740926157697	0.18598405545285202	-0.0014286983966739497
4.217772215269086	0.18562711539556975	-0.0014255925431221894
4.2428035043804755	0.18527093284123364	-0.0014227054274035256
4.267834793491865	0.18491545298948653	-0.001420042752140166
4.292866082603254	0.18456061960865044	-0.0014176107291101192
4.317897371714643	0.18420637490955682	-0.0014154161253409347
4.342928660826033	0.18385265940815465	-0.0014134663146523896
4.367959949937422	0.18349941177551177	-0.001411769335406321
4.392991239048811	0.18314656867383494	-0.0014103339553343808
4.418022528160199	0.18279406457673542	-0.0014091697444605367
4.44305381727159	0.18244183157190186	-0.0014082871573017908
4.468085106382979	0.18208979914390877	-0.0014076976257320906
4.4931163954943685	0.18173789393471562	-0.0014074136641319679
4.518147684605758	0.1813860394789648	-0.0014074489887319352
4.543178973717145	0.18103415591077	-0.0014078186533981185
4.568210262828536	0.18068215963816936	-0.0014085392045222328
4.593241551939924	0.18032996298084214	-0.0014096288581705585
4.618272841051315	0.17997747376604512	-0.0014111077032548242
4.643304130162704	0.17962459487672433	-0.001412997935210672
4.668335419274092	0.1792712237449896	-0.0014153241255713822
4.693366708385483	0.17891725178290407	-0.0014181135339149387
4.71839799749687	0.178562563740984	-0.0014213964700108689
4.7434292866082615	0.17820703698356333	-0.001425206715665303
4.768460575719649	0.177850540667718	-0.0014295820178244212
4.793491864831038	0.17749293481044504	-0.0014345646670909512
4.818523153942429	0.17713406922575103	-0.001440202179037453
4.843554443053817	0.17677378230986562	-0.0014465480997913893
4.868585732165208	0.17641189964869408	-0.0014536629625346992
4.8936170212765955	0.17604823241638723	-0.001461615428155802
4.918648310387985	0.1756825755278708	-0.0014704836517341197
4.943679599499372	0.17531470550037653	-0.001480356927432161
4.968710888610763	0.17494437797004725	-0.0014913376784930071
4.9937421777221545	0.17457132479787418	-0.0015035438774980842
5.018773466833542	0.17419525068559327	-0.0015171120063078858
5.043804755944931	0.17381582920481087	-0.0015322006972515317
5.068836045056319	0.1734326981213048	-0.0015489952400551399
5.09386733416771	0.17304545387084058	-0.001567713196727355
5.118898623279097	0.17265364501084335	-0.0015886114449778221
5.1439299123904885	0.172256764434211	-0.001611995077972897
5.168961201501878	0.17185424008552896	-0.0016382287363711223
5.193992490613265	0.17144542386677308	-0.0016677511551830004
5.219023779724656	0.1710295783596969	-0.0017010939990500656
5.244055068836044	0.1706058609304577	-0.0017389064738515397
5.269086357947435	0.17017330472858383	-0.0017819877987476779
5.2941176470588225	0.16973079607075636	-0.0018313304902870253
5.319148936170212	0.16927704775647623	-0.0018881786869494321
5.344180225281603	0.16881056809366424	-0.0019541076429354515
5.36921151439299	0.16832962600563395	-0.0020311333803423454
5.3942428035043815	0.1678322139225683	-0.0021218658382526623
5.419274092615769	0.1673160129793736	-0.002229725527568935
5.444305381727158	0.1667783708530015	-0.002359253983895873
5.469336670838548	0.16621631444005125	-0.002516564149206299
5.494367959949937	0.16562664380732794	-0.0027100008911866147
5.519399249061328	0.1650062035735802	-0.0029511170929760328
5.5444305381727155	0.1643525305822653	-0.003256117292635835
5.569461827284105	0.1636652895473567	-0.0036479648593733677
5.594493116395494	0.1629493458971938	-0.004159323980214694
5.619524405506883	0.16222119236141097	-0.004836175248181099
5.644555694618273	0.1615219809852375	-0.0057405435161814455
5.669586983729662	0.1609422112133121	-0.0069462022415496955
5.694618272841051	0.16066079081334372	-0.008509175628006266
5.719649561952441	0.1609762095594789	-0.010375028323360028
5.74468085106383	0.1622256247072853	-0.012202806477002892
5.769712140175219	0.16443188659750518	-0.013289943054390768
5.7947434292866085	0.16693100420389406	-0.013030700958858096
5.819774718397996	0.16878417686479796	-0.01160061516156248
5.844806007509387	0.16960871774035802	-0.009739196542057516
5.869837296620776	0.1696110818059653	-0.008023299626630592
5.894868585732166	0.1691374279628457	-0.006658277001535373
5.919899874843555	0.16843807034704916	-0.005639079557110904
5.9449311639549425	0.16765102775337049	-0.004897826189585078
5.9699624530663336	0.1668426929909197	-0.0043661310365954165
5.994993742177721	0.16604167257945424	-0.003991474638098666
6.020025031289112	0.16525840373794498	-0.0037378153221687277
6.0450563204005014	0.16449550387375922	-0.003582676280994526
6.07008760951189	0.16375353289026684	-0.0035144381930878182
6.09511889862328	0.1630352352330231	-0.0035304859588681375
6.120150187734667	0.1623504636318831	-0.003635475976372843
6.145181476846059	0.16172348342914145	-0.0038371871379066363
6.170212765957445	0.1612018738490253	-0.004133809484634224
6.195244055068836	0.1608553150173231	-0.0044839424599774635
6.2202753441802265	0.16073139729374297	-0.004770213649471999
6.245306633291613	0.16076101880124583	-0.004832057847002136
6.270337922403005	0.16074869248052348	-0.004614837572912811
6.295369211514392	0.16054060003918824	-0.004235076266158225
6.320400500625783	0.16012897907050228	-0.0038444794247679687
6.3454317897371695	0.15958157793359806	-0.0035216264201488323
6.37046307884856	0.15896210235821506	-0.0032813639782295068
6.395494367959952	0.15830917491189833	-0.003112703154638727
6.420525657071338	0.1576420928900646	-0.0029999631641508817
6.445556946182729	0.15696928980094693	-0.0029296585708592504
6.470588235294116	0.1562936883111945	-0.0028914116876651436
6.495619524405506	0.15561510706971848	-0.0028773148528253994
6.520650813516895	0.1549311469226513	-0.00288180143477966
6.545682102628285	0.15423842581544012	-0.002901999492076382
6.570713391739676	0.1535340725536738	-0.002937000992496497
6.5957446808510625	0.15281591969550412	-0.002986523779915831
6.620775969962453	0.15208189882734313	-0.003050408581696737
6.645807259073841	0.15132968889278686	-0.0031287329115463752
6.670838548185231	0.1505566586678846	-0.0032219684628950196
6.695869837296622	0.14975988113612182	-0.003331062302687038
6.720901126408009	0.14893613119693327	-0.0034574928421758494
6.745932415519399	0.1480818585656234	-0.0036033458991768658
6.770963704630788	0.1471931466234908	-0.003771436721257432
6.795994993742178	0.14626567126347734	-0.003965499211899287
6.821026282853566	0.145294679995418	-0.00419046948455129
6.8460575719649555	0.1442750288100294	-0.004452903227288113
6.871088861076346	0.14320135331439587	-0.004761582244404025
6.896120150187734	0.14206853335914538	-0.005128375908657862
6.921151439299124	0.14087277947401855	-0.005569393490827967
6.946182728410513	0.1396139919639472	-0.00610627635810343
6.971214017521902	0.13830054470600484	-0.006766783414619282
6.996245306633291	0.13695787568162388	-0.007581747611685466
7.0212765957446805	0.13563958091959183	-0.008570857835197787
7.046307884856071	0.1344260551108709	-0.009706229376462067
7.071339173967459	0.1333684991629518	-0.010867331004386832
7.0963704630788484	0.1323671280529739	-0.01188401230013078
7.121401752190238	0.13115607975313992	-0.012732172500751426
7.146433041301627	0.12952087245098198	-0.01362788771272419
7.171464330413016	0.1274417722540928	-0.01486213890964902
7.196495619524406	0.12501501075989374	-0.016670072224306248
7.221526908635795	0.12237073040423674	-0.019256373443956948
7.246558197747184	0.11968877225387331	-0.02285809351457839
7.2715894868585735	0.11728969713017978	-0.027768548287279177
7.296620775969963	0.11578909605339316	-0.034273077706765104
7.321652065081352	0.1162732816127372	-0.04237474247540389
7.3466833541927405	0.12019944841865815	-0.05114914997356623
7.371714643304131	0.1283124502264661	-0.05811047267733692
7.39674593241552	0.13877123659675838	-0.06029815315830951
7.421777221526909	0.14760923159195727	-0.0573901706195422
7.446808510638299	0.15236070109859767	-0.052271955090944344
7.471839799749687	0.15355120064322314	-0.048026870970668864
7.496871088861077	0.15311854985370932	-0.04612716253348122
7.521902377972466	0.153096449661005	-0.046590894124928575
7.546933667083856	0.15509553412448085	-0.048232881809059255
7.571964956195245	0.1594729128477974	-0.04887598327814545
7.5969962453066335	0.1645659823985266	-0.04677357328019714
7.622027534418024	0.16804222619164033	-0.04238964184131162
7.647058823529412	0.16915713733794036	-0.0376374821502064
7.672090112640802	0.16877576811023332	-0.03386796221815526
7.697121401752189	0.16811679109038202	-0.03122128855157645
7.72215269086358	0.1678560317399782	-0.02898637595010735
7.74718397997497	0.1677509976831706	-0.02637540336271213
7.772215269086359	0.16709770969999393	-0.023310949773910586
7.797246558197749	0.16558380914795734	-0.020298154648721867
7.8222778473091354	0.1633977078744362	-0.017758116468543708
7.8473091364205265	0.1608473860156021	-0.01580786554052012
7.872340425531913	0.15814853595888057	-0.014391753218352635
7.897371714643305	0.15541027919056383	-0.01341114674618625
7.922403003754695	0.15267400859690117	-0.01277882890089417
7.947434292866082	0.14994575683344102	-0.01243190335065636
7.972465581977473	0.14721505705172167	-0.0123308310752442
7.99749687108886	0.1444652066563208	-0.01245583996195393
8.022528160200253	0.14167980027635174	-0.01280382735781925
8.047559449311638	0.1388489815624574	-0.0133853624153224
8.072590738423028	0.13597738394292058	-0.014218487084147982
8.09762202753442	0.13309093865221122	-0.015312004683635513
8.122653316645806	0.13022447497739265	-0.01663265208789745
8.147684605757199	0.12735712533115517	-0.018086008929793673
8.172715894868585	0.12433041126231892	-0.01959765820536631
8.197747183979974	0.12090925876558245	-0.021262143703974917
8.222778473091363	0.11695380131371635	-0.023332191371682895
8.247809762202753	0.11244988707916015	-0.026084882958759673
8.272841051314145	0.10742929769691756	-0.029785913812974255
8.297872340425531	0.10193499160649466	-0.03474692178751232
8.32290362953692	0.0960552339572498	-0.04139682490032867
8.34793491864831	0.09001607541299528	-0.050345881815583665
8.3729662077597	0.08436072132954209	-0.062430519490075595
8.397997496871088	0.0802827935920778	-0.07866771317265274
8.423028785982478	0.08016115432754134	-0.09988660959978564
8.448060075093867	0.08803795944432835	-0.12552720659094502
8.473091364205256	0.10870711296689706	-0.151243066978145
8.498122653316646	0.1431075864844331	-0.1675216528138218
8.523153942428035	0.1827432440507284	-0.16537211169964275
8.548185231539424	0.21435459258383638	-0.14623065298098192
8.573216520650814	0.23176421205246456	-0.12013863345269987
8.598247809762203	0.23736605906659491	-0.09553153556694173
8.623279098873592	0.23596986654689367	-0.0756614892816075
8.648310387984981	0.23121083086497407	-0.06063862137043158
8.67334167709637	0.225146622343825	-0.04955199340765773
8.69837296620776	0.21878511395778055	-0.041420561296992106
8.72340425531915	0.21256510294562503	-0.03546452101934566
8.748435544430539	0.2066447734045429	-0.031127558757983592
8.773466833541928	0.20105307102561554	-0.028033560778706446
8.798498122653317	0.19576332336662539	-0.025940224655922134
8.823529411764707	0.1907290470166405	-0.024706817840958586
8.848560700876096	0.1859048996464523	-0.024276345393651547
8.873591989987485	0.18126541689857767	-0.024669051667401493
8.898623279098874	0.17683192891254862	-0.025983865630281683
8.92365456821026	0.17272115090131024	-0.02840056961269434
8.948685857321653	0.16923506496536866	-0.0321610440666481
8.973717146433042	0.167007737423436	-0.03746478305508136
8.998748435544432	0.16713881924223983	-0.04413138387565488
9.023779724655821	0.17093183396387523	-0.05092746112546952
9.048811013767207	0.17859404285332126	-0.055198523197121735
9.0738423028786	0.18770459452852783	-0.054494478774566604
9.098873591989985	0.19458270321239546	-0.04931221816428531
9.123904881101378	0.1975865253765665	-0.04251931964823047
9.148936170212767	0.1974869212158339	-0.036504703570582955
9.173967459324153	0.1957695037341214	-0.032201310687147794
9.198998748435546	0.19368749042536137	-0.02961040564684181
9.224030037546932	0.19214121062639578	-0.02824246256791829
9.249061326658325	0.19158056433559878	-0.02722378574212936
9.27409261576971	0.19169617480052104	-0.025609056242950845
9.2991239048811	0.1915824977878895	-0.0231120186868555
9.324155193992492	0.19061725625768666	-0.020249815515018615
9.349186483103878	0.188840254188948	-0.017631660816819272
9.374217772215271	0.18657411674715974	-0.015524749227015966
9.399249061326657	0.18409128756485948	-0.013936892633936673
9.424280350438046	0.18154488599019203	-0.012784480616387706
9.449311639549435	0.179002256476263	-0.011977604859374144
9.474342928660825	0.17648340621093261	-0.011445519251487069
9.499374217772218	0.1739847166969657	-0.011139109053225252
9.524405506883603	0.17149117079823029	-0.011027457008555772
9.549436795994993	0.16898214552625213	-0.011094160694501864
9.574468085106382	0.16643397491620426	-0.011334795230715719
9.599499374217771	0.1638209919456166	-0.011755636929198648
9.62453066332916	0.16111590547726884	-0.012373441736051483
9.64956195244055	0.15828978161779617	-0.01321601063760064
9.67459324155194	0.1553111690772404	-0.014323627081930537
9.699624530663328	0.15214369398776562	-0.01575321414043679
9.724655819774718	0.14874486216564797	-0.017588796725867065
9.749687108886107	0.14507255960156762	-0.01995653313427291
9.774718397997496	0.14109804258906777	-0.02303858266565534
9.799749687108886	0.1368224223787191	-0.027091643255638384
9.824780976220275	0.1323094886419689	-0.03247827927828889
9.849812265331664	0.1277591433917724	-0.03970687972458198
9.874843554443054	0.12365840310823195	-0.04945773069390799
9.899874843554443	0.12106411900068181	-0.06251917308335576
9.924906132665832	0.12203343639001041	-0.07941697305336798
9.949937421777221	0.12989730679002065	-0.09931169304290537
9.97496871088861	0.14812315968443812	-0.11806779094608698
10.0	0.17620577153157235	-0.12789507849777906
