-10.0	0.014851441541928523	-0.002998695013604627
-9.97496871088861	0.014302873444976605	-0.0029931662306759976
-9.949937421777221	0.013716197138092134	-0.003068245078503895
-9.924906132665832	0.013107713006069943	-0.0032303017188404087
-9.899874843554443	0.012492134550788236	-0.0034928541395651547
-9.874843554443054	0.011892511264447236	-0.0038787791240851854
-9.849812265331664	0.011354095073418335	-0.004417548415073233
-9.824780976220275	0.010963637534409543	-0.005129477768323926
-9.799749687108886	0.010862235202168335	-0.005979234791276378
-9.774718397997496	0.011199666775387307	-0.006793243211122041
-9.749687108886107	0.011961773856477897	-0.007239452623753556
-9.724655819774718	0.012818318100231707	-0.007062480040863323
-9.699624530663328	0.01335037103122172	-0.006377041139161724
-9.67459324155194	0.013413309543329532	-0.0055247879358565205
-9.64956195244055	0.01311410189355211	-0.0047520615210679545
-9.62453066332916	0.012607437599907456	-0.004140266763969572
-9.599499374217771	0.012001926229197046	-0.003683294441157392
-9.574468085106382	0.01135733268378658	-0.0033497624393522135
-9.549436795994993	0.010702542297678974	-0.003108397769517518
-9.524405506883603	0.010049944022579638	-0.002934695200326007
-9.499374217772216	0.009403794865098902	-0.002811030182387861
-9.474342928660825	0.008764547311149506	-0.002725187440209789
-9.449311639549435	0.008130973431386579	-0.0026688991560025327
-9.424280350438046	0.007501185523023146	-0.002636758368569886
-9.399249061326657	0.006873135479792403	-0.0026255090812259407
-9.37421777221527	0.006244899911727053	-0.0026336416843764227
-9.349186483103878	0.005614939729369439	-0.0026612273830581012
-9.32415519399249	0.004982505016505101	-0.0027099281637714273
-9.2991239048811	0.004348415130385419	-0.0027830570074270367
-9.274092615769712	0.0037165369804963433	-0.002885309981323414
-9.249061326658325	0.0030961405288723043	-0.0030211024641914885
-9.224030037546934	0.002503848445813084	-0.0031893400342552503
-9.198998748435546	0.0019592868325437607	-0.0033736939205758626
-9.173967459324155	0.0014662890963927921	-0.00353920610299778
-9.148936170212767	0.0009961105476135046	-0.003657457126709951
-9.123904881101378	0.0005144878529561581	-0.003736620588603898
-9.098873591989987	1.935559596777381e-5	-0.0037956862422930115
-9.0738423028786	-0.0004829617361599148	-0.003824402367122018
-9.048811013767208	-0.001019267383724376	-0.0038057050721822527
-9.023779724655821	-0.0016293687214838926	-0.0037592841153666345
-8.998748435544432	-0.0023234359007737737	-0.00372760688855113
-8.973717146433042	-0.003086045322810982	-0.003740411538776231
-8.948685857321653	-0.0038996131507005316	-0.00380943260846299
-8.923654568210262	-0.004754000223783805	-0.003939039912207523
-8.898623279098874	-0.005645687569779234	-0.004134455698738104
-8.873591989987485	-0.006574707452553952	-0.004405744924450367
-8.848560700876096	-0.007541822437958423	-0.004770203365595138
-8.823529411764707	-0.008545461226338702	-0.00525508844082212
-8.798498122653317	-0.009576422662242123	-0.0059014866338872735
-8.773466833541928	-0.010607278327397829	-0.006768333799950038
-8.748435544430539	-0.011572329896280209	-0.007933020769786428
-8.72340425531915	-0.012332449926073075	-0.00947778165742219
-8.69837296620776	-0.012627891787611922	-0.011432122698426306
-8.67334167709637	-0.01207426596112171	-0.013623803630492565
-8.648310387984981	-0.010370689248573761	-0.015476858923900022
-8.623279098873592	-0.007801811898599631	-0.01613096534918869
-8.598247809762203	-0.0053778894193490245	-0.015213467848797818
-8.573216520650814	-0.003982884391041885	-0.013295744592130412
-8.548185231539424	-0.0037173636166452084	-0.011222274881247635
-8.523153942428035	-0.004223129663551539	-0.009465118975702541
-8.498122653316646	-0.005138360922844143	-0.008133526348296144
-8.473091364205256	-0.006235360915842314	-0.00718173840747266
-8.448060075093867	-0.007394780324558425	-0.006533825781817895
-8.423028785982478	-0.00855748099856335	-0.006127525377696202
-8.397997496871088	-0.00968992980440575	-0.005922828277307113
-8.3729662077597	-0.010761000206206184	-0.005898133776749984
-8.34793491864831	-0.01172386171463291	-0.006037768218597098
-8.32290362953692	-0.012505670945071046	-0.006303595037855991
-8.297872340425531	-0.013031104696726636	-0.006588699365191214
-8.272841051314144	-0.013314287119816193	-0.006706825060674229
-8.247809762202753	-0.013536820888913503	-0.006518778612809847
-8.222778473091363	-0.013922856143827822	-0.006084960151270136
-8.197747183979974	-0.014548344903842825	-0.005584467801880252
-8.172715894868585	-0.015356580757959648	-0.005144656715657794
-8.147684605757197	-0.01626656820172734	-0.004805969558460174
-8.122653316645806	-0.01722215997263632	-0.004563720915429378
-8.097622027534417	-0.01819259221156866	-0.004401479129089822
-8.072590738423028	-0.019161693281099623	-0.004304301787535519
-8.047559449311638	-0.020118763606126855	-0.004261269562013337
-8.02252816020025	-0.021052529916802065	-0.00426284781235467
-7.9974968710888605	-0.02194945318540764	-0.004294055262853508
-7.972465581977473	-0.022801950213716005	-0.004326845603385365
-7.947434292866082	-0.023626409435490103	-0.004327255668733224
-7.922403003754694	-0.024462881480749488	-0.0042846504693867665
-7.897371714643305	-0.025341264908661287	-0.004221907340486913
-7.872340425531914	-0.026262959709629996	-0.004167698528736247
-7.8473091364205265	-0.027215570746535356	-0.004136709311934023
-7.8222778473091354	-0.028187705955838638	-0.004132318138425808
-7.797246558197748	-0.029172336621754447	-0.004154029378210827
-7.772215269086359	-0.030165022119629903	-0.004201534952180369
-7.7471839799749675	-0.031161204993356506	-0.0042758646410915035
-7.72215269086358	-0.032153365980382986	-0.004378454557949135
-7.697121401752189	-0.0331286593645137	-0.004507186103305014
-7.672090112640801	-0.03407104048683074	-0.004648084626706309
-7.647058823529412	-0.034976085898663634	-0.004769135189108806
-7.622027534418023	-0.03587206443015489	-0.004837407394347862
-7.596996245306634	-0.03680803521930276	-0.004855454676985768
-7.571964956195245	-0.03781094395895046	-0.004860479799092848
-7.546933667083856	-0.03887541430643804	-0.00488818703340084
-7.5219023779724665	-0.03998486717812355	-0.004957388341885319
-7.496871088861077	-0.04112511510048655	-0.005077272033516489
-7.471839799749688	-0.04228480528168621	-0.005256369117610835
-7.446808510638299	-0.043450217929737356	-0.005506965823441748
-7.421777221526909	-0.04459716246691414	-0.005845038854035714
-7.39674593241552	-0.04567997781092359	-0.006282717208679386
-7.371714643304131	-0.046623279155710406	-0.006804320016456936
-7.346683354192741	-0.04734303877268964	-0.007321473252766594
-7.321652065081352	-0.047836933737388954	-0.0076553965699499155
-7.296620775969963	-0.04827684219817918	-0.007655485547421612
-7.2715894868585735	-0.04890056616731098	-0.007370735573577508
-7.246558197747184	-0.04980306299423276	-0.0069903371526882085
-7.221526908635795	-0.050931928536446236	-0.0066607773839277296
-7.196495619524406	-0.052201054076140174	-0.00643583190288019
-7.171464330413016	-0.05354875985140639	-0.00631822818200696
-7.146433041301627	-0.05494104012284362	-0.00629719301786065
-7.121401752190238	-0.05636038771863072	-0.006364800267888243
-7.0963704630788484	-0.05779547344218727	-0.0065211017268130556
-7.071339173967459	-0.05923251736888435	-0.006775156181633671
-7.04630788485607	-0.06064560715888012	-0.007143404149719215
-7.0212765957446805	-0.061983558345982015	-0.007641385046137428
-6.996245306633291	-0.06315739492387928	-0.008257724079165599
-6.971214017521902	-0.06405578487619579	-0.008900125818608343
-6.946182728410513	-0.06464267462305395	-0.00935525664753703
-6.921151439299123	-0.06509493139741185	-0.009400699921767286
-6.896120150187734	-0.06572420255173927	-0.009041546821166604
-6.871088861076345	-0.06669747172538054	-0.008502742560900889
-6.8460575719649555	-0.0679721090171097	-0.00799087438866751
-6.821026282853566	-0.0694361676701134	-0.007590621258221561
-6.795994993742177	-0.07100206642541496	-0.007307456663272566
-6.770963704630788	-0.07262008754815819	-0.007120174986122649
-6.745932415519399	-0.0742661083306535	-0.007005187122143555
-6.720901126408009	-0.07592983663607633	-0.006943462328888192
-6.69586983729662	-0.07760778937887247	-0.006921099325134489
-6.670838548185231	-0.07929966320340798	-0.0069282800256572075
-6.645807259073841	-0.08100656185531019	-0.006958122080984022
-6.620775969962453	-0.08273015455985622	-0.007005782770554053
-6.595744680851063	-0.08447228674641494	-0.007067825946298775
-6.570713391739676	-0.08623480795333283	-0.0071417901837352304
-6.545682102628285	-0.0880195031096469	-0.00722589686079729
-6.520650813516897	-0.08982807220741851	-0.0073188522578588044
-6.495619524405506	-0.09166213176378246	-0.007419712133462694
-6.470588235294117	-0.09352322534467783	-0.007527787638730618
-6.445556946182729	-0.09541283767560449	-0.007642578466206806
-6.420525657071338	-0.09733241118213432	-0.007763724817955425
-6.395494367959951	-0.0992833640545836	-0.007890976000332534
-6.37046307884856	-0.10126710266983885	-0.008024173804786303
-6.34543178973717	-0.10328502406206175	-0.00816323798308971
-6.320400500625783	-0.10533852056631199	-0.00830814660260032
-6.295369211514392	-0.10742899188729194	-0.008458921335846067
-6.270337922403004	-0.10955785659521355	-0.008615620932332396
-6.245306633291613	-0.11172656006430293	-0.008778337848192166
-6.2202753441802265	-0.11393658057757428	-0.008947195439595476
-6.195244055068836	-0.11618943487086852	-0.009122345540934718
-6.170212765957448	-0.11848668346391156	-0.009303966587314055
-6.145181476846059	-0.12082993579510681	-0.00949226226256318
-6.120150187734667	-0.12322085512072878	-0.0096874604555479
-6.09511889862328	-0.12566116329406674	-0.009889812041616347
-6.070087609511891	-0.12815264628614598	-0.010099588835290163
-6.0450563204005014	-0.13069716275606025	-0.010317081419449453
-6.020025031289112	-0.13329665622895348	-0.010542601995149337
-5.994993742177721	-0.13595316165865556	-0.010776495451489232
-5.9699624530663336	-0.13866880008323346	-0.011019144917883597
-5.9449311639549425	-0.14144577796743008	-0.011270963777665594
-5.919899874843555	-0.14428639888129036	-0.01153238982387328
-5.894868585732166	-0.14719307620016586	-0.011803887711336641
-5.869837296620776	-0.1501683422645903	-0.012085953604092134
-5.844806007509387	-0.15321485622845143	-0.012379118937773631
-5.819774718397998	-0.15633541229848769	-0.01268395348923941
-5.7947434292866085	-0.15953294880933067	-0.01300106833928516
-5.769712140175219	-0.16281055816521928	-0.013331119022285912
-5.74468085106383	-0.16617149764672767	-0.013674808941855729
-5.719649561952441	-0.1696192011852946	-0.014032893013862749
-5.694618272841051	-0.17315729246071587	-0.014406181547161473
-5.669586983729662	-0.17678959980071118	-0.014795544943064148
-5.644555694618273	-0.1805201722004237	-0.01520192035026488
-5.619524405506883	-0.1843532945688775	-0.015626319290633225
-5.594493116395494	-0.18829350363209985	-0.01606983353454311
-5.569461827284105	-0.1923456076075385	-0.01653364066915615
-5.5444305381727155	-0.19651470874924515	-0.01701901191092013
-5.519399249061326	-0.2008062273051756	-0.01752732172682757
-5.494367959949937	-0.20522592718910015	-0.01806005846639623
-5.469336670838549	-0.20977994402160194	-0.018618836012065584
-5.444305381727158	-0.2144748159681269	-0.019205406723047228
-5.419274092615769	-0.21931751769741537	-0.019821675942182745
-5.3942428035043815	-0.22431549777932602	-0.020469718312191465
-5.36921151439299	-0.22947671985703355	-0.021151796124250083
-5.344180225281603	-0.2348097079556677	-0.02187037983190193
-5.319148936170212	-0.24032359645942147	-0.022628170595307057
-5.2941176470588225	-0.24602818611649724	-0.023428124336444242
-5.269086357947435	-0.25193400964001	-0.02427347769919916
-5.244055068836044	-0.25805241097376985	-0.025167782055509222
-5.219023779724656	-0.26439563045175607	-0.026114955677747437
-5.193992490613266	-0.27097687940785686	-0.02711934270797514
-5.168961201501876	-0.2778104207416279	-0.02818575598949459
-5.1439299123904885	-0.284911681706709	-0.02931952065903687
-5.1188986232791	-0.2922973884195996	-0.030526540150096038
-5.09386733416771	-0.29998571043236666	-0.03181337985113146
-5.06883604505632	-0.30799641925889265	-0.033187362626110384
-5.043804755944931	-0.3163510671643568	-0.0346566777120271
-5.018773466833542	-0.3250731907351967	-0.03623050680947702
-4.993742177722154	-0.334188543418831	-0.03791917140305076
-4.968710888610763	-0.3437253621926737	-0.03973430593768956
-4.943679599499373	-0.35371467457701744	-0.04168906349468364
-4.918648310387985	-0.36419065091036806	-0.043798362818975575
-4.893617021276597	-0.37519100598444766	-0.04607918283879042
-4.868585732165207	-0.3867574624287142	-0.04855090996594652
-4.843554443053817	-0.3989362928499771	-0.05123575445514929
-4.818523153942427	-0.4117789522436839	-0.05415925720731343
-4.793491864831038	-0.4253428143824842	-0.05735090724902166
-4.768460575719651	-0.4396920327778897	-0.060844895649490055
-4.7434292866082615	-0.45489855174484095	-0.06468104112263369
-4.71839799749687	-0.47104329802045664	-0.06890593362328222
-4.69336670838548	-0.48821758979549834	-0.07357435643581815
-4.668335419274092	-0.5065248081085176	-0.07875106644555732
-4.643304130162704	-0.5260823854535177	-0.08451303853438608
-4.618272841051315	-0.5470241783609837	-0.09095231620580828
-4.593241551939924	-0.5695033047599432	-0.09817966079369031
-4.568210262828536	-0.5936955429756092	-0.10632926210328995
-4.543178973717147	-0.619803406498229	-0.1155648732419185
-4.518147684605758	-0.6480610251159766	-0.12608787550610423
-4.4931163954943685	-0.6787399739810098	-0.13814798644696696
-4.468085106382977	-0.7121561878950815	-0.15205762778402376
-4.44305381727159	-0.7486780587346549	-0.16821141950231028
-4.418022528160201	-0.7887356999418502	-0.1871129401076739
-4.392991239048811	-0.8328310948969766	-0.20941191302327133
-4.367959949937422	-0.8815482696314292	-0.23595653818568474
-4.342928660826031	-0.935561431966895	-0.26786808748588864
-4.317897371714643	-0.9956365657640087	-0.30664858412290674
-4.292866082603254	-1.0626169640052163	-0.3543380570208359
-4.267834793491865	-1.1373729411138136	-0.4137463369050035
-4.2428035043804755	-1.2206748674680856	-0.4887962164147244
-4.217772215269086	-1.3129049801729558	-0.585028534956402
-4.192740926157699	-1.4134331003509724	-0.7103253891361633
-4.167709637046308	-1.5192984906164098	-0.875865954390657
-4.142678347934918	-1.6224946575153538	-1.097109088798586
-4.117647058823529	-1.7046312240657873	-1.39380859158097
-4.09261576971214	-1.727583836437967	-1.7857648238012214
-4.067584480600752	-1.6219375574772945	-2.276045709120306
-4.042553191489361	-1.290272421251311	-2.8103951548492447
-4.017521902377972	-0.6702834428126008	-3.230526862239409
-3.9924906132665825	0.13845043667587653	-3.3263952996100894
-3.967459324155193	0.8737724182838944	-3.0390227757376658
-3.9424280350438052	1.3413573750876822	-2.5334999278048156
-3.917396745932415	1.5413664066730814	-2.0106646593654363
-3.8923654568210257	1.5679185836173954	-1.57094357240776
-3.867334167709638	1.5065083446111283	-1.2318804795204654
-3.8423028785982494	1.4088940578973246	-0.9782930258308797
-3.8172715894868587	1.3014134410132234	-0.7893787946431828
-3.7922403003754686	1.1961188513543706	-0.6475006713404032
-3.7672090112640793	1.0979003095854771	-0.5395505993975237
-3.7421777221526913	1.0082615177230052	-0.4562130613061124
-3.717146433041303	0.927185363264341	-0.3909432582598654
-3.6921151439299127	0.8540269094636206	-0.33912845449894746
-3.6670838548185225	0.7879311682771517	-0.29748561409460306
-3.6420525657071328	0.7280220420832411	-0.2636483757793836
-3.617021276595745	0.6734819236763587	-0.2358878081695283
-3.5919899874843564	0.623579675308235	-0.21292354525686213
-3.566958698372966	0.5776748980529849	-0.1937951175241026
-3.541927409261576	0.5352119724912812	-0.17777336120465997
-3.5168961201501876	0.4957103207526159	-0.16429868653363267
-3.4918648310387996	0.4587538963300961	-0.15293752771007552
-3.46683354192741	0.4239812209394156	-0.14335124707262106
-3.4418022528160197	0.39107646824172093	-0.1352736794423672
-3.4167709637046295	0.35976170576157784	-0.12849475033531227
-3.391739674593241	0.3297902317676864	-0.12284842259813697
-3.366708385481853	0.3009408744217055	-0.11820377196426915
-3.341677096370464	0.27301310129629863	-0.11445835967045964
-3.3166458072590737	0.24582279078637503	-0.11153332132495286
-3.291614518147683	0.21919852917702887	-0.10936976544320878
-3.2665832290362946	0.1929783114145951	-0.10792619840970893
-3.2415519399249066	0.167006536747333	-0.10717678229404767
-3.2165206508135173	0.14113120093381726	-0.10711029963703561
-3.191489361702127	0.11520119409409668	-0.10772975326793044
-3.166458072590739	0.08906361732132861	-0.10905257557995887
-3.14142678347935	0.06256103186047746	-0.1111114655318523
-3.11639549436796	0.03552855204231653	-0.11395591766126734
-3.091364205256571	0.007790687360351711	-0.11765456063776264
-3.0663329161451807	-0.020842169595660653	-0.12229848950024552
-3.0413016270337927	-0.050577723428612664	-0.12800586395259617
-3.0162703379224034	-0.0816463497155886	-0.13492816664609109
-2.991239048811014	-0.11430639544126153	-0.14325868755946447
-2.966207759699625	-0.14885033617927368	-0.1532440495691697
-2.941176470588234	-0.1856118906773725	-0.16519995633863216
-2.916145181476846	-0.2249741069775033	-0.17953288939544454
-2.891113892365457	-0.2673782297192022	-0.1967703049900611
-2.8660826032540676	-0.3133327148958891	-0.21760313769649842
-2.8410513141426783	-0.3634208341608134	-0.24294634899164336
-2.816020025031289	-0.4183034170950757	-0.27402623770947765
-2.790988735919901	-0.4787094175288198	-0.31250780086544594
-2.7659574468085104	-0.5453990919558898	-0.3606823027242431
-2.740926157697121	-0.6190683277555973	-0.4217449571868409
-2.715894868585732	-0.7001290264575637	-0.5002044326950459
-2.6908635794743425	-0.7882308415300434	-0.6024729406064238
-2.6658322903629545	-0.8812479023516886	-0.7376601306689851
-2.6408010012515644	-0.9731823358064005	-0.918441104359617
-2.615769712140175	-1.0500025136545545	-1.1613018118226683
-2.5907384230287853	-1.082167832031116	-1.483757388740519
-2.565707133917396	-1.0145687243445503	-1.8922111104891264
-2.540675844806008	-0.7655424876791068	-2.350418647969323
-2.515644555694618	-0.27071651352983395	-2.736526764299992
-2.4906132665832286	0.41054707150511005	-2.867737539952429
-2.4655819774718406	1.0644255023565101	-2.6637348767822853
-2.440550688360452	1.5027574991799715	-2.2447115770792303
-2.4155193992490616	1.7035945359948677	-1.7897144901395168
-2.3904881101376714	1.742986009726855	-1.3988570468318844
-2.365456821026282	1.6980317685485655	-1.0947590818977067
-2.340425531914894	1.617257224567613	-0.8665670127067702
-2.3153942428035057	1.5258370019089558	-0.6964156653602351
-2.2903629536921155	1.4354646624088272	-0.56860902153067
-2.2653316645807253	1.3509944182103475	-0.4713416484850108
-2.2403003754693356	1.274023346443609	-0.3961903050229968
-2.2152690863579476	1.2046735547068508	-0.33723294944775184
-2.190237797246559	1.1424484055317785	-0.29029874100320413
-2.165206508135169	1.086634584588316	-0.2524228388323573
-2.140175219023779	1.0364851749910085	-0.22147098896450826
-2.1151439299123904	0.9912979728801226	-0.19588545624715076
-2.0901126408010025	0.950444230855763	-0.1745132692106428
-2.0650813516896127	0.9133745118013818	-0.1564893380047479
-2.0400500625782225	0.8796145487516998	-0.1411560838655427
-2.0150187734668323	0.8487572957714327	-0.12800750119773954
-1.989987484355444	0.8204540701102663	-0.11664972523554087
-1.9649561952440555	0.7944060762661262	-0.10677287726147439
-1.939924906132667	0.7703568195353037	-0.0981307092325634
-1.914893617021277	0.7480855439919547	-0.09052570910197394
-1.8898623279098858	0.7274016611453975	-0.08379807607320472
-1.8648310387984974	0.7081400673811067	-0.07781747092406387
-1.839799749687109	0.6901572286467736	-0.0724767789460412
-1.8147684605757206	0.6733279134952816	-0.06768734839944135
-1.7897371714643304	0.6575424674646069	-0.063375321906479
-1.764705882352942	0.6427045364757888	-0.05947878534726912
-1.7396745932415527	0.6287291614884261	-0.055945533925940996
-1.7146433041301625	0.6155411798133694	-0.05273130827271311
-1.6896120150187741	0.6030738798369266	-0.049798391512668835
-1.664580725907384	0.5912678654543906	-0.047114485732753314
-1.6395494367959955	0.5800700944087072	-0.04465180633130687
-1.6145181476846062	0.5694330612072935	-0.04238634748592489
-1.589486858573217	0.5593141005740407	-0.04029728291874622
-1.5644555694618276	0.5496747916938811	-0.03836647432202307
-1.5394242803504374	0.540480447003227	-0.03657806597387127
-1.514392991239049	0.5316996721232163	-0.03491814875555553
-1.4893617021276597	0.5233039858481385	-0.03337448036025793
-1.4643304130162704	0.5152674909901012	-0.0319362512371201
-1.4392991239048811	0.5075665884253087	-0.030593887947079554
-1.4142678347934918	0.5001797279525007	-0.029338887268819364
-1.3892365456821025	0.4930871906141103	-0.028163675695612914
-1.3642052565707132	0.4862708979874508	-0.027061489990429316
-1.339173967459324	0.4797142446611291	-0.026026275280191233
-1.3141426783479346	0.4734019506988383	-0.025052597818187278
-1.2891113892365453	0.46731993138013284	-0.02413557006262826
-1.264080100125157	0.4614551819143182	-0.023270786137077518
-1.2390488110137667	0.45579567516325437	-0.02245426607651671
-1.2140175219023774	0.45033027069345755	-0.02168240753788013
-1.1889862327909881	0.4450486337172723	-0.020951943879196633
-1.1639549436795988	0.4399411626841023	-0.020259907697476223
-1.1389236545682104	0.4349989244532453	-0.019603599070698544
-1.1138923654568202	0.4302135961240623	-0.018980557880806756
-1.0888610763454318	0.4255774127223342	-0.018388539708750845
-1.0638297872340434	0.4210831200477463	-0.01782549489530315
-1.0387984981226523	0.41672393208058756	-0.017289550458828115
-1.013767209011264	0.41249349243146227	-0.016778994660794688
-0.9887359198998737	0.4083858394031794	-0.016292264121195388
-0.9637046307884853	0.4043953743316995	-0.015827933522760254
-0.9386733416770969	0.4005168330062898	-0.015384708124731153
-0.9136420525657085	0.3967452601831716	-0.014961419562801545
-0.8886107634543183	0.3930759875944738	-0.01455702578058797
-0.8635794743429273	0.3895046166062728	-0.014170616460809263
-0.8385481852315388	0.38602700819457825	-0.013801426000430425
-0.8135168961201504	0.38263928601438923	-0.013448856693110314
-0.788485607008762	0.3793378646893606	-0.013112514359220034
-0.7634543178973718	0.3761195279836498	-0.012792253663581651
-0.7384230287859816	0.37298160349909804	-0.012488209602473307
-0.7133917396745932	0.36992230531030845	-0.012200724370870997
-0.6883604505632039	0.366941277013368	-0.011929903822796142
-0.6633291614518155	0.3640399923596913	-0.011674260335447814
-0.6382978723404253	0.3612204845111564	-0.011428211599648172
-0.6132665832290352	0.3584802182481761	-0.011181223978065272
-0.5882352941176467	0.355807103178158	-0.010924617805955703
-0.5632040050062583	0.3531858385809663	-0.01066091016608503
-0.5381727158948699	0.35060934939537747	-0.010400123617013132
-0.5131414267834788	0.34807869660300117	-0.01014970401145282
-0.48811013767208866	0.34559676437029774	-0.009911949986440294
-0.46307884856070025	0.3431651298757985	-0.009686340978662639
-0.43804755944931184	0.34078390096996225	-0.009471550356198469
-0.41301627033792343	0.33845228665355354	-0.009266275161304155
-0.38798498122653324	0.3361690568712774	-0.009069444702284976
-0.36295369211514483	0.33393280316698526	-0.008880218144978538
-0.33792240300375376	0.3317420694097484	-0.008697934417568859
-0.31289111389236535	0.32959541345817067	-0.008522063625970785
-0.28785982478097694	0.3274914346434632	-0.008352170134563505
-0.26282853566958675	0.32542878480455206	-0.008187886565723487
-0.23779724655819834	0.3234061715342591	-0.00802889591392622
-0.21276595744680904	0.3214223578156554	-0.007874919255271048
-0.18773466833541974	0.3194761600612832	-0.0077257072175521
-0.16270337922403044	0.31756644552250624	-0.0075810339657591125
-0.13767209011264026	0.31569212952906955	-0.007440692879428737
-0.11264080100125184	0.3138521727715631	-0.007304493380384275
-0.08760951188986255	0.3120455787187706	-0.007172258553622482
-0.06257822277847325	0.310271391203055	-0.007043823323630724
-0.03754693366708395	0.3085286921792987	-0.006919033026154639
-0.01251564455569465	0.3068165996501655	-0.006797742266375514
0.01251564455569465	0.3051342657455147	-0.006679813988157993
0.03754693366708395	0.3034808749423954	-0.006565118701587755
0.06257822277847325	0.30185564241235063	-0.006453533831294003
0.08760951188986255	0.30025781248374006	-0.006344943158527974
0.11264080100125184	0.2986866572081608	-0.006239236337238732
0.13767209011264114	0.2971414750211201	-0.006136308469498086
0.16270337922403044	0.29562158948846706	-0.006036059729262619
0.18773466833541974	0.29412634813097416	-0.005938395026075793
0.21276595744680726	0.29265512132043536	-0.005843223702222372
0.23779724655819834	0.29120730124138117	-0.005750459258252766
0.26282853566958764	0.28978230091320434	-0.0056600191028408214
0.28785982478097694	0.2883795532680793	-0.005571824323733265
0.31289111389236623	0.28699851028040424	-0.0054857994771496665
0.33792240300375376	0.28563864214418766	-0.005401872393458684
0.36295369211514483	0.2842994364948441	-0.005319973997317831
0.38798498122653235	0.28298039767244987	-0.005240038140754619
0.41301627033792343	0.28168104602362654	-0.00516200144788842
0.43804755944931273	0.28040091723955385	-0.005085803170184158
0.46307884856070025	0.27913956172771703	-0.005011385051272729
0.4881101376720913	0.27789654401535957	-0.004938691200497808
0.5131414267834788	0.2766714421825913	-0.004867667974453538
0.5381727158948699	0.27546384732340856	-0.004798263865857161
0.5632040050062574	0.27427336303290684	-0.004730429399179434
0.5882352941176467	0.27309960491916163	-0.004664117032511669
0.6132665832290378	0.27194220013839043	-0.004599281065203978
0.6382978723404253	0.27080078695193155	-0.004535877550854772
0.6633291614518164	0.2696750143039459	-0.004473864215268741
0.6883604505632039	0.2685645414186202	-0.004413200379038737
0.7133917396745932	0.26746903741576356	-0.004353846884433882
0.7384230287859808	0.2663881809438591	-0.004295766026307046
0.7634543178973718	0.2653216598295578	-0.004238921486755212
0.7884856070087629	0.2642691707428062	-0.00418327827329
0.8135168961201504	0.26323041887673604	-0.004128802660294667
0.8385481852315397	0.2622051176415101	-0.004075462133560151
0.8635794743429273	0.26119298837153426	-0.004023225337709366
0.8886107634543183	0.2601937600451363	-0.003972062026333156
0.9136420525657059	0.25920716901630003	-0.003921943014673329
0.9386733416770969	0.25823295875767194	-0.0038728401347006003
0.9637046307884862	0.2572708796143841	-0.0038247261924471143
0.9887359198998737	0.2563206885681133	-0.0037775749274591153
1.0137672090112648	0.2553821490108419	-0.0037313609742508913
1.0387984981226523	0.25445503052794427	-0.0036860598256419908
1.0638297872340434	0.2535391086900365	-0.003641647797872377
1.088861076345431	0.2526341648532382	-0.0035981019973972683
1.1138923654568202	0.251739985967403	-0.0035554002892652925
1.1389236545682113	0.25085636439201187	-0.0035135212669946403
1.1639549436795988	0.24998309771926674	-0.003472444223865445
1.18898623279099	0.2491199886041291	-0.0034321491255513426
1.2140175219023774	0.24826684460095283	-0.003392616584017627
1.2390488110137667	0.24742347800641973	-0.003353827832619727
1.264080100125156	0.2465897057084474	-0.0033157647023386583
1.2891113892365453	0.24576534904088998	-0.0032784095990928963
1.3141426783479364	0.24495023364366286	-0.0032417454820713454
1.339173967459324	0.24414418932814508	-0.0032057558430351463
1.3642052565707132	0.24334704994751766	-0.0031704246865390806
1.3892365456821025	0.24255865327197146	-0.0031357365110230295
1.4142678347934918	0.24177884086842072	-0.0031016762907352946
1.4392991239048811	0.24100745798459755	-0.0030682294584385705
1.4643304130162704	0.24024435343733863	-0.0030353818888711748
1.4893617021276597	0.23948937950491178	-0.0030031198829083283
1.514392991239049	0.2387423918231022	-0.0029714301524094433
1.5394242803504383	0.23800324928499883	-0.0029402998057095897
1.5644555694618276	0.23727181394434504	-0.0029097163337115928
1.589486858573217	0.23654795092217196	-0.002879667596575791
1.6145181476846044	0.2358315283167327	-0.0028501418109566634
1.6395494367959955	0.23512241711647075	-0.002821127537773638
1.6645807259073848	0.23442049111601992	-0.0027926136704789495
1.6896120150187741	0.23372562683496723	-0.0027645894238185753
1.7146433041301634	0.233037703439416	-0.0027370443230437247
1.739674593241551	0.23235660266612923	-0.002709968193558676
1.764705882352942	0.23168220874921408	-0.0026833511509856134
1.7897371714643295	0.23101440834914655	-0.0026571835916548436
1.8147684605757206	0.2303530904842095	-0.002631456183427583
1.83979974968711	0.22969814646409148	-0.0026061598569275812
1.8648310387984974	0.2290494698256218	-0.002581285797097821
1.8898623279098885	0.22840695627057883	-0.0025568254350930575
1.914893617021276	0.22777050360544848	-0.0025327704405132545
1.939924906132667	0.22714001168311349	-0.0025091127138627822
1.9649561952440546	0.2265153823462831	-0.0024858443794424367
1.989987484355444	0.22589651937276756	-0.002462957778400332
2.015018773466835	0.22528332842235432	-0.0024404454619406657
2.0400500625782225	0.22467571698529776	-0.002418300185155875
2.065081351689613	0.2240735943322183	-0.002396514900771418
2.090112640801001	0.22347687146596718	-0.002375082753562907
2.1151439299123904	0.22288546107478702	-0.0023539970744237415
2.1401752190237784	0.22229927748653022	-0.0023332513747420514
2.165206508135169	0.22171823662431578	-0.0023128393411429027
2.1902377972465596	0.22114225596340065	-0.002292754830437449
2.2152690863579476	0.22057125448951087	-0.0022729918650938874
2.240300375469337	0.22000515265827802	-0.002253544628311288
2.265331664580725	0.21944387235584095	-0.002234407459602017
2.2903629536921155	0.21888733686046358	-0.00221557485042001
2.315394242803503	0.21833547080525895	-0.002197041440011316
2.340425531914894	0.21778820014187694	-0.0021788020113830964
2.3654568210262834	0.2172454521052054	-0.0021608514874504325
2.3904881101376714	0.21670715517906958	-0.002143184927371866
2.415519399249062	0.21617323906266872	-0.0021257975229238
2.4405506883604495	0.21564363463804792	-0.002108684595101773
2.4655819774718406	0.21511827393832572	-0.0020918415908250942
2.490613266583228	0.21459709011676464	-0.002075264079760608
2.515644555694618	0.21408001741654736	-0.002058947751276907
2.5406758448060085	0.21356699114136024	-0.0020428884115188395
2.565707133917396	0.21305794762670516	-0.0020270819805963403
2.590738423028787	0.21255282421178556	-0.0020115244898795404
2.6157697121401746	0.21205155921218788	-0.0019962120794133342
2.6408010012515644	0.21155409189310026	-0.0019811409954292314
2.665832290362953	0.21106036244317705	-0.001966307587959931
2.6908635794743425	0.21057031194896902	-0.0019517083085550946
2.7158948685857336	0.21008388236993136	-0.0019373397080950372
2.740926157697121	0.20960101651392016	-0.0019231984346931574
2.765957446808511	0.20912165801325422	-0.0019092812316966745
2.7909887359198997	0.2086457513012192	-0.001895584935772049
2.816020025031289	0.2081732415890598	-0.001882106475079498
2.841051314142678	0.2077040748434098	-0.0018688428675337487
2.8660826032540676	0.2072381977641462	-0.001855791219147418
2.8911138923654573	0.20677555776264311	-0.0018429487224575214
2.916145181476846	0.20631610294041414	-0.0018303126550316684
2.9411764705882355	0.20585978206809719	-0.001817880378055109
2.9662077596996244	0.20540654456481633	-0.0018056493349948577
2.991239048811014	0.20495634047781985	-0.0017936170503422555
3.0162703379224016	0.20450912046249137	-0.001781781128429416
3.0413016270337927	0.20406483576257228	-0.0017701392523248038
3.066332916145182	0.20362343819067386	-0.0017586891828021423
3.091364205256571	0.20318488010910007	-0.0017474287573827074
3.1163954943679606	0.2027491144107758	-0.0017363558894537001
3.141426783479348	0.2023160945005249	-0.0017254685674611414
3.166458072590739	0.20188577427642285	-0.001714764854176487
3.1914893617021267	0.20145810811141596	-0.0017042428860339354
3.2165206508135173	0.20103305083504353	-0.0016939008725476157
3.241551939924907	0.2006105577152697	-0.0016837370958115994
3.2665832290362946	0.20019058444055826	-0.001673749910047151
3.2916145181476857	0.19977308710190123	-0.001663937741259891
3.316645807259073	0.1993580221749891	-0.0016542990869736762
3.341677096370464	0.19894534650251394	-0.001644832515993011
3.366708385481852	0.19853501727636935	-0.001635536668324833
3.391739674593241	0.19812699201998996	-0.0016264102551299953
3.416770963704632	0.19772122857064023	-0.0016174520587629582
3.4418022528160197	0.1973176850617051	-0.0016086609329224455
3.4668335419274103	0.19691631990492287	-0.0016000358028627204
3.4918648310387983	0.19651709177256027	-0.00159157566574053
3.5168961201501876	0.196119959579506	-0.0015832795910570852
3.5419274092615756	0.1957248824653206	-0.0015751467209157433
3.566958698372966	0.19533181977589376	-0.001567176270932169
3.591989987484357	0.194940731045242	-0.001559367530828304
3.617021276595745	0.1945515759766394	-0.001551719865298118
3.642052565707134	0.19416431442431037	-0.0015442327154011615
3.667083854818522	0.19377890637472373	-0.0015369055993943448
3.6921151439299127	0.19339531192730774	-0.0015297381134189436
3.7171464330413	0.19301349127428047	-0.00152272993320679
3.7421777221526913	0.192633404680989	-0.0015158808153887815
3.7672090112640806	0.19225501246554977	-0.0015091905996744703
3.7922403003754686	0.19187827497827303	-0.0015026592104805392
3.817271589486859	0.19150315258047534	-0.0014962866589381951
3.8423028785982467	0.19112960562279913	-0.0014900730451820055
3.867334167709638	0.19075759442289142	-0.0014840185607515322
3.8923654568210253	0.19038707924260878	-0.0014781234913635588
3.917396745932415	0.19001802026439485	-0.0014723882198545146
3.9424280350438057	0.18965037756707348	-0.0014668132295315162
3.967459324155193	0.18928411110068044	-0.0014613991077407351
3.9924906132665843	0.1889191806605508	-0.0014561465499490778
4.017521902377972	0.1885555458603605	-0.0014510563641926821
4.042553191489361	0.18819316610409498	-0.0014461294760681476
4.06758448060075	0.18783200055690097	-0.0014413669343343316
4.09261576971214	0.18747200811457754	-0.001436769917234515
4.117647058823531	0.1871131473716674	-0.0014323397396912019
4.142678347934918	0.18675537658796992	-0.001428077861571564
4.167709637046308	0.1863986536532667	-0.0014239858972955322
4.192740926157697	0.18604293605007616	-0.001420065627109779
4.217772215269086	0.18568818081422167	-0.0014163190105441203
4.2428035043804755	0.18533434449298358	-0.001412748202693076
4.267834793491865	0.18498138310049272	-0.0014093555742713537
4.292866082603254	0.18462925207026126	-0.001406143736764065
4.317897371714643	0.18427790620455875	-0.001403115574606567
4.342928660826033	0.1839272996207013	-0.0014002742871914997
4.367959949937422	0.18357738569472426	-0.0013976234448758451
4.392991239048811	0.18322811700379127	-0.0013951670652105064
4.418022528160199	0.1828794452706548	-0.0013929097188388195
4.44305381727159	0.18253132131731453	-0.0013908566793995603
4.468085106382979	0.1821836950431579	-0.0013890141392010336
4.4931163954943685	0.18183651545917812	-0.0013873895231329147
4.518147684605758	0.18148973084409636	-0.001385991946788595
4.543178973717145	0.1811432891587108	-0.0013848328753045813
4.568210262828536	0.1807971389994254	-0.0013839270215513233
4.593241551939924	0.1804512316535387	-0.0013832933875706221
4.618272841051315	0.1801055252934658	-0.0013829558276480525
4.643304130162704	0.17975999277419508	-0.0013829408698898815
4.668335419274092	0.17941463306723282	-0.001383266499240643
4.693366708385483	0.17906947645218096	-0.0013839103993446844
4.71839799749687	0.17872454714931685	-0.0013847588442148506
4.7434292866082615	0.17837974816744406	-0.0013856101729535775
4.768460575719649	0.17803478915783444	-0.0013863410404512388
4.793491864831038	0.17768935904724348	-0.0013870626494469351
4.818523153942429	0.17734332749969894	-0.0013879963743036738
4.843554443053817	0.1769967000019257	-0.0013892889015885146
4.868585732165208	0.17664949571061062	-0.001390989886183136
4.8936170212765955	0.1763016996776079	-0.0013931024243934997
4.918648310387985	0.1759532648750719	-0.0013956186251978253
4.943679599499372	0.17560412365311873	-0.0013985331146906255
4.968710888610763	0.175254196002661	-0.001401846145574398
4.9937421777221545	0.17490339400775579	-0.0014055634203340162
5.018773466833542	0.174551623947659	-0.0014096953027931264
5.043804755944931	0.17419878717167947	-0.0014142562013305937
5.068836045056319	0.1738447803830292	-0.0014192642927899901
5.09386733416771	0.1734894956809443	-0.0014247416053058681
5.118898623279097	0.17313282059418533	-0.001430714473081393
5.1439299123904885	0.17277463835066875	-0.0014372144069869364
5.168961201501878	0.1724148287755609	-0.0014442794356148009
5.193992490613265	0.17205327056334863	-0.001451955860113499
5.219023779724656	0.1716898463339689	-0.0014602998264091338
5.244055068836044	0.171324452755945	-0.0014693762832297952
5.269086357947435	0.17095701749183956	-0.0014792478720404983
5.2941176470588225	0.17058751542652928	-0.0014899370926854671
5.319148936170212	0.1702159423116667	-0.001501347781786705
5.344180225281603	0.1698421671595236	-0.0015132116897635106
5.36921151439299	0.16946573549062904	-0.0015252624165189854
5.3942428035043815	0.16908599824454118	-0.0015375765443188805
5.419274092615769	0.16870251487299193	-0.001550544125074313
5.444305381727158	0.16831512960944117	-0.0015645230859412246
5.469336670838548	0.16792376393187158	-0.0015797009005053125
5.494367959949937	0.16752828442755519	-0.0015961608346348605
5.519399249061328	0.16712848417367798	-0.0016139577660436721
5.5444305381727155	0.16672409889450712	-0.0016331532537914445
5.569461827284105	0.16631482152385946	-0.00165382638991049
5.594493116395494	0.1659003096009064	-0.001676076036623897
5.619524405506883	0.165480187490056	-0.0017000211306120588
5.644555694618273	0.16505404556328518	-0.0017258012080279411
5.669586983729662	0.16462143758724945	-0.001753577700486092
5.694618272841051	0.16418187690857966	-0.0017835360996396044
5.719649561952441	0.16373483166997982	-0.001815889010884475
5.74468085106383	0.16327971909837746	-0.0018508801482171322
5.769712140175219	0.16281589879894387	-0.0018887893824289376
5.7947434292866085	0.16234266491857507	-0.0019299390249041537
5.819774718397996	0.16185923698645865	-0.0019747016094829872
5.844806007509387	0.16136474918485444	-0.0020235095315144502
5.869837296620776	0.16085823774382924	-0.0020768670257048094
5.894868585732166	0.16033862608523375	-0.0021353651251274225
5.919899874843555	0.15980470726067608	-0.0021997004597462955
5.9449311639549425	0.1592551231352095	-0.0022706990477818906
5.9699624530663336	0.15868833966394025	-0.0023493466412066455
5.994993742177721	0.15810261750169818	-0.0024368277565257473
6.020025031289112	0.1574959770966169	-0.002534576323704643
6.0450563204005014	0.1568661573956689	-0.0026443420159493886
6.07008760951189	0.15621056743729245	-0.002768277900218899
6.09511889862328	0.1555262306221561	-0.002909057173729357
6.120150187734667	0.15480972265489878	-0.003070029346338099
6.145181476846059	0.15405710619748714	-0.0032554285832689933
6.170212765957445	0.153263866465009	-0.0034706470568073855
6.195244055068836	0.15242484270167367	-0.0037225834154341747
6.2202753441802265	0.15153410740883366	-0.004020094780473812
6.245306633291613	0.15058469711101452	-0.004374721339485202
6.270337922403005	0.14956833579497975	-0.004802119457087736
6.295369211514392	0.14847585732078716	-0.005324356975364583
6.320400500625783	0.14729860227515523	-0.005972511004725858
6.3454317897371695	0.1460303817261197	-0.006789947650628653
6.37046307884856	0.14467111504598673	-0.007837631980163337
6.395494367959952	0.14323505485570553	-0.00920192287617548
6.420525657071338	0.14176837888848404	-0.011003929232852885
6.445556946182729	0.14038479519321534	-0.013405647370405976
6.470588235294116	0.13933217543856546	-0.016595172680508752
6.495619524405506	0.13909438766437	-0.02069998311737896
6.520650813516895	0.14045752041352788	-0.025527739476965877
6.545682102628285	0.14424591910188145	-0.030109021497301894
6.570713391739676	0.15035392988347862	-0.032602466254202364
6.5957446808510625	0.15692294701065457	-0.03162466477332285
6.620775969962453	0.16164045810410244	-0.027856065830839064
6.645807259073841	0.16373586143844232	-0.023206335160238997
6.670838548185231	0.16382232405928931	-0.019034931240960645
6.695869837296622	0.1627634696518072	-0.01578240271271919
6.720901126408009	0.16115674443101113	-0.01340720990002009
6.745932415519399	0.15932338260816703	-0.011735213764363817
6.770963704630788	0.15741322197063834	-0.010599776397434701
6.795994993742178	0.1554860131574829	-0.009876308434345504
6.821026282853566	0.15355727151606136	-0.009481977123100713
6.8460575719649555	0.15162156766523793	-0.009368241208084896
6.871088861076346	0.14966409768130262	-0.009514595455076769
6.896120150187734	0.14766690167598018	-0.009925489879971605
6.921151439299124	0.14561345417925065	-0.010630748546228502
6.946182728410513	0.1434944858484446	-0.01168964267105789
6.971214017521902	0.14131857338223597	-0.013198768977579767
6.996245306633291	0.13913354230933273	-0.0153029465052711
7.0212765957446805	0.13706968376028517	-0.018203912047016213
7.046307884856071	0.13542191394464087	-0.022146730155598343
7.071339173967459	0.13478126296531023	-0.027324143518670935
7.0963704630788484	0.13614612914268154	-0.03357156848949773
7.121401752190238	0.14067270259073084	-0.0397738458104642
7.146433041301627	0.14850945784865388	-0.04356863760331674
7.171464330413016	0.15747944641697753	-0.042825308982438096
7.196495619524406	0.16435805132753867	-0.03802473954532659
7.221526908635795	0.16774231638095127	-0.031660574041611156
7.246558197747184	0.1682848676305797	-0.025744983345733094
7.2715894868585735	0.16716705311819346	-0.021016605735409033
7.296620775969963	0.16525680594685177	-0.017471586251488452
7.321652065081352	0.16303548879140983	-0.014877493301922368
7.3466833541927405	0.16073481176001803	-0.012994257707658774
7.371714643304131	0.15845370828215088	-0.01163282110450685
7.39674593241552	0.15622602536644692	-0.010657064592439633
7.421777221526909	0.15405509859960986	-0.009972301530087685
7.446808510638299	0.15193051081965958	-0.009513656131730053
7.471839799749687	0.1498359299846932	-0.00923723009064821
7.496871088861077	0.1477525665565933	-0.009114052851361451
7.521902377972466	0.1456605836105309	-0.009126238004399823
7.546933667083856	0.14353967494305042	-0.009264602389563573
7.571964956195245	0.14136914551203716	-0.009527146787955451
7.5969962453066335	0.13912756314881936	-0.009918328595704518
7.622027534418024	0.13679224811099822	-0.010449151543319074
7.647058823529412	0.13433877887210155	-0.011137988057523557
7.672090112640802	0.1317405681854007	-0.01201217344197257
7.697121401752189	0.1289686055713899	-0.013110593916386776
7.72215269086358	0.12599160501030848	-0.014487666793018258
7.74718397997497	0.12277706845809977	-0.016219332877545914
7.772215269086359	0.11929432741832802	-0.018411971233505478
7.797246558197749	0.11552176432056882	-0.021215437663541017
7.8222778473091354	0.11146274389293076	-0.02484136977876697
7.8473091364205265	0.1071793336689435	-0.02958621730669317
7.872340425531913	0.10286065074499895	-0.03585114419756012
7.897371714643305	0.09895043140006443	-0.04412743452987056
7.922403003754695	0.09634036768340604	-0.0548582561221424
7.947434292866082	0.09650001611719006	-0.06801621429973548
7.972465581977473	0.10107163944319097	-0.08242235106890179
7.99749687108886	0.1105817449856934	-0.09576802390839671
8.022528160200253	0.12397862445926577	-0.10634587039673042
8.047559449311638	0.1407087074769109	-0.11361289760668294
8.072590738423028	0.16082061516506307	-0.11552470812815545
8.09762202753442	0.1812182871081216	-0.10903342761295472
8.122653316645806	0.1962772548833609	-0.09509868815278386
8.147684605757199	0.20343555789576584	-0.07869882795439086
8.172715894868585	0.2042618934429239	-0.06400096582235089
8.197747183979974	0.20146075297133947	-0.052510120045011335
8.222778473091363	0.19705181491857715	-0.04410709134159835
8.247809762202753	0.19217383184104975	-0.03813278879801757
8.272841051314145	0.18731735599235755	-0.03388094280376602
8.297872340425531	0.18254353562373815	-0.030837085223526142
8.32290362953692	0.17775265518268668	-0.02878808726718314
8.34793491864831	0.17290104085227398	-0.027721270372505505
8.3729662077597	0.16802042753401913	-0.027685398626035876
8.397997496871088	0.1631739711332152	-0.02876945199177175
8.423028785982478	0.15847040463511064	-0.031139938553745694
8.448060075093867	0.15414473194891265	-0.035066770377569376
8.473091364205256	0.15070888372597757	-0.04089308174481543
8.498122653316646	0.14917274711808481	-0.04884656568243852
8.523153942428035	0.15118115386058228	-0.058484213301450025
8.548185231539424	0.1584388785094788	-0.06773075661893868
8.573216520650814	0.17066049984338605	-0.07272547015001515
8.598247809762203	0.18392072222772882	-0.07067560096026568
8.623279098873592	0.1935054088098056	-0.06314148993568629
8.648310387984981	0.19806404757260765	-0.05412641193618145
8.67334167709637	0.19917088419798468	-0.04627730012832845
8.69837296620776	0.1987943238742318	-0.04005465721510927
8.72340425531915	0.19791504093470635	-0.03479015022109093
8.748435544430539	0.19650997432802875	-0.02993970911867827
8.773466833541928	0.19437682568305092	-0.025567517433160894
8.798498122653317	0.19164251280786715	-0.021920952003330052
8.823529411764707	0.18859598803263466	-0.01906421206998285
8.848560700876096	0.18546395878429678	-0.016903297174143905
8.873591989987485	0.1823663055389293	-0.01530088377980493
8.898623279098874	0.17934848374168766	-0.014135348596543765
8.92365456821026	0.17641586179578717	-0.013315333157629061
8.948685857321653	0.1735547543935798	-0.012777595963456054
8.973717146433042	0.17074338832644997	-0.012481306873769055
8.998748435544432	0.1679573267899812	-0.012402728800162924
9.023779724655821	0.1651717889555826	-0.012530634516256342
9.048811013767207	0.1623607640914333	-0.012862349522556382
9.0738423028786	0.15949180806177843	-0.013403417270801105
9.098873591989985	0.15652184925125923	-0.01417639197927642
9.123904881101378	0.1534046316967359	-0.01523228046452238
9.148936170212767	0.15010199082057518	-0.016651219258694533
9.173967459324153	0.1465855274249659	-0.018542009818804314
9.198998748435546	0.14283764144075128	-0.021053744565889862
9.224030037546932	0.13886437716912603	-0.02439758195310411
9.249061326658325	0.13472833901180792	-0.028874973077444216
9.27409261576971	0.13061761557250406	-0.03490781844351214
9.2991239048811	0.12698242702222373	-0.04304898866212613
9.324155193992492	0.12478175896601762	-0.05389632919827787
9.349186483103878	0.1258221198752718	-0.06770418206005409
9.374217772215271	0.1328216761918224	-0.08335393255010329
9.399249061326657	0.14802772916574192	-0.0968925794864068
9.424280350438046	0.169675730262151	-0.10218744652881952
9.449311639549435	0.1906948384050633	-0.09629874271121783
9.474342928660825	0.2045666736650471	-0.08309184737417546
9.499374217772218	0.21034485784142376	-0.06870572002184348
9.524405506883603	0.21057780844039264	-0.05673545273790789
9.549436795994993	0.20800183958685992	-0.04813282576429047
9.574468085106382	0.20451454171602634	-0.0426619179759946
9.599499374217771	0.20138911431648587	-0.03971563826664411
9.62453066332916	0.19956373355415202	-0.03840280241077289
9.64956195244055	0.1994637790570586	-0.03738626235990865
9.67459324155194	0.200443478833515	-0.03527947658752567
9.699624530663328	0.201035992247796	-0.03174930541483649
9.724655819774718	0.20029626702492642	-0.027664970309240977
9.749687108886107	0.19830619703962782	-0.023981030479008875
9.774718397997496	0.19555856724653609	-0.02111481446111313
9.799749687108886	0.19245972345540352	-0.019098417474503027
9.824780976220275	0.1892353409003018	-0.017838326382742728
9.849812265331664	0.18598563613629793	-0.017246257767707926
9.874843554443054	0.18274748284917308	-0.01728288608848784
9.899874843554443	0.17953857614672408	-0.01797060456068031
9.924906132665832	0.17639397058288964	-0.01940070147970782
9.949937421777221	0.1734122526998103	-0.021740313022278274
9.97496871088861	0.17083288576180422	-0.025227407538156194
10.0	0.16916614711736777	-0.0301085715338818
