-10.0	0.014782534260216806	-0.0019444314670455792
-9.97496871088861	0.01430774618067776	-0.002024547927045983
-9.949937421777221	0.013818459433187158	-0.002121055058233748
-9.924906132665832	0.013313423040719918	-0.002239293788105723
-9.899874843554443	0.012791828140599648	-0.002386786658101353
-9.874843554443054	0.012254080782956756	-0.0025742200119130004
-9.849812265331664	0.011703441928905711	-0.0028167751897606036
-9.824780976220275	0.011149427333968731	-0.00313562012507608
-9.799749687108886	0.01061458468223897	-0.003558484187814029
-9.774718397997496	0.010146795655232133	-0.004115525513938498
-9.749687108886107	0.00983640207490577	-0.0048202913644679185
-9.724655819774718	0.009820426926554049	-0.005618636855152459
-9.699624530663328	0.010215670411917621	-0.006314277471260191
-9.67459324155194	0.010941106024427327	-0.00659603236282931
-9.64956195244055	0.01164380989931768	-0.006304758284271808
-9.62453066332916	0.011987743212131363	-0.005625906881301532
-9.599499374217771	0.011916440469533995	-0.004868245087985126
-9.574468085106382	0.01155429267609076	-0.004213856617621303
-9.549436795994993	0.01103523974909315	-0.0037080475671269764
-9.524405506883603	0.010445205723176976	-0.0033344613974051057
-9.499374217772216	0.009829090457601275	-0.0030628252935384487
-9.474342928660825	0.00920776475763141	-0.002866051218745322
-9.449311639549435	0.008589822510152167	-0.0027236771434736573
-9.424280350438046	0.007977974851280045	-0.002621123445938345
-9.399249061326657	0.0073722405291576365	-0.0025481967953149692
-9.37421777221527	0.00677147875884998	-0.0024977924270248725
-9.349186483103878	0.006174107005524121	-0.0024649471038447612
-9.32415519399249	0.005578424854033592	-0.0024461886855102477
-9.2991239048811	0.004982748612872179	-0.002439099777077472
-9.274092615769712	0.00438545537048185	-0.0024420280732586064
-9.249061326658325	0.003784984046202311	-0.002453896137264197
-9.224030037546934	0.0031798162009888387	-0.002474079472079574
-9.198998748435546	0.0025684472876124076	-0.0025023331682574868
-9.173967459324155	0.0019493530860108521	-0.0025387553021215953
-9.148936170212767	0.0013209531697935262	-0.0025837808736300927
-9.123904881101378	0.0006815719134607434	-0.002638204434135788
-9.098873591989987	2.9397129740260652e-5	-0.0027032334729861635
-9.0738423028786	-0.0006375632495059236	-0.002780578834409353
-9.048811013767208	-0.0013215247630942173	-0.0028725937047613392
-9.023779724655821	-0.0020249656880153566	-0.002982480044438421
-8.998748435544432	-0.002750651328567777	-0.003114592145627995
-8.973717146433042	-0.00350162028223977	-0.0032748832948610723
-8.948685857321653	-0.0042810843490963535	-0.00347156601426489
-8.923654568210262	-0.005092141854639465	-0.003716091820137518
-8.898623279098874	-0.005937096937778996	-0.00402460240596525
-8.873591989987485	-0.006815955231449067	-0.004420044466824549
-8.848560700876096	-0.0077232106225926245	-0.004935101351092069
-8.823529411764707	-0.008641140416024484	-0.005615714389372237
-8.798498122653317	-0.009526270271544846	-0.006523422085168998
-8.773466833541928	-0.010284016862090795	-0.007729797892193108
-8.748435544430539	-0.010729834904198654	-0.009283612366246183
-8.72340425531915	-0.010563548582758209	-0.011112380874429811
-8.69837296620776	-0.009468687212650373	-0.012847811552741839
-8.67334167709637	-0.007480769584766733	-0.013786979748115935
-8.648310387984981	-0.005305155393432237	-0.013396519645391652
-8.623279098873592	-0.0038266561191271364	-0.011930019126132368
-8.598247809762203	-0.0033435043414664634	-0.010115716676605713
-8.573216520650814	-0.0036220909729332007	-0.008474424886681833
-8.548185231539424	-0.004330492926316154	-0.007174781969687058
-8.523153942428035	-0.0052377848142608485	-0.006199567808862022
-8.498122653316646	-0.006218520455366416	-0.005479733501005293
-8.473091364205256	-0.007212652285159216	-0.004948155471446419
-8.448060075093867	-0.008194313842294854	-0.0045527157214452635
-8.423028785982478	-0.009154192456887422	-0.004255833915581611
-8.397997496871088	-0.010090601209865824	-0.004031041745617511
-8.3729662077597	-0.01100515327919549	-0.0038597412480497195
-8.34793491864831	-0.011900716621704888	-0.0037287712812005686
-8.32290362953692	-0.012780472325054859	-0.003628712945903889
-8.297872340425531	-0.013647502233359532	-0.0035527395959576297
-8.272841051314144	-0.014504628213893866	-0.0034958404798104276
-8.247809762202753	-0.01535436890847297	-0.003454294376087144
-8.222778473091363	-0.016198949117484318	-0.0034253096370431835
-8.197747183979974	-0.017040330632743128	-0.003406775517188834
-8.172715894868585	-0.017880249798548853	-0.0033970886777951875
-8.147684605757197	-0.01872025515846598	-0.0033950311768856933
-8.122653316645806	-0.019561742499160317	-0.0033996843316342618
-8.097622027534417	-0.02040598651294978	-0.0034103681273026515
-8.072590738423028	-0.02125416919626666	-0.003426599360454488
-8.047559449311638	-0.02210740549540091	-0.00344806410080796
-8.02252816020025	-0.022966766858853127	-0.003474601763897661
-7.9974968710888605	-0.023833303381042725	-0.003506199395185025
-7.972465581977473	-0.02470806517721691	-0.0035429958868991446
-7.947434292866082	-0.025592123517734322	-0.0035852969589220407
-7.922403003754694	-0.02648659203283099	-0.0036336030134217906
-7.897371714643305	-0.027392647872473752	-0.003688653636970754
-7.872340425531914	-0.028311551856641692	-0.003751494873734912
-7.8473091364205265	-0.029244664942615017	-0.0038235788712020213
-7.8222778473091354	-0.030193454886864757	-0.003906910765386795
-7.797246558197748	-0.031159479984570027	-0.004004265670903631
-7.772215269086359	-0.03214432248839483	-0.0041195105536945276
-7.7471839799749675	-0.033149414926971765	-0.004258082424655724
-7.72215269086358	-0.034175641725197714	-0.00442769368778724
-7.697121401752189	-0.03522247279351021	-0.004639343898567641
-7.672090112640801	-0.03628613100929723	-0.004908660494258477
-7.647058823529412	-0.03735581348586159	-0.005257287870526595
-7.622027534418023	-0.03840625235359152	-0.005712955160049951
-7.596996245306634	-0.039384644032777416	-0.006303661442935607
-7.571964956195245	-0.04019432249327348	-0.0070344733777337465
-7.546933667083856	-0.040698617385658054	-0.007830936496363308
-7.5219023779724665	-0.04080783089630913	-0.008472584503861666
-7.496871088861077	-0.04065769712956513	-0.008662700804872525
-7.471839799749688	-0.04061618640016107	-0.008312580998464533
-7.446808510638299	-0.04096152430107214	-0.0076511992762931524
-7.421777221526909	-0.041697656209456646	-0.006962962104606271
-7.39674593241552	-0.042692993485477615	-0.006391875085349427
-7.371714643304131	-0.04382668691753544	-0.005963972373905307
-7.346683354192741	-0.04502539939092021	-0.005658240473358306
-7.321652065081352	-0.04625189414820863	-0.005445378320391672
-7.296620775969963	-0.047489281534679684	-0.005300456716338733
-7.2715894868585735	-0.048730889397788246	-0.005204932375495783
-7.246558197747184	-0.049974883705374396	-0.0051456302856811575
-7.221526908635795	-0.05122160915984564	-0.005113302739521139
-7.196495619524406	-0.05247231589156076	-0.005101442207839438
-7.171464330413016	-0.05372856371751045	-0.005105427606174606
-7.146433041301627	-0.054991952711691106	-0.005121938642221796
-7.121401752190238	-0.0562640097119691	-0.005148559805857156
-7.0963704630788484	-0.057546148461454116	-0.005183512531106854
-7.071339173967459	-0.05883966358663795	-0.005225472728364752
-7.04630788485607	-0.06014573918802757	-0.005273445147284728
-7.0212765957446805	-0.06146546284165	-0.005326675813538781
-6.996245306633291	-0.06279984071795974	-0.005384590225821662
-6.971214017521902	-0.06414981192899338	-0.005446749184092312
-6.946182728410513	-0.06551626138215427	-0.005512816833816395
-6.921151439299123	-0.06690003097199027	-0.005582537279680624
-6.896120150187734	-0.0683019291892708	-0.005655717284717518
-6.871088861076345	-0.06972273932440842	-0.005732213342616782
-6.8460575719649555	-0.07116322646792428	-0.005811921929160191
-6.821026282853566	-0.0726241435034427	-0.00589477209055303
-6.795994993742177	-0.07410623626833424	-0.005980719768051271
-6.770963704630788	-0.07561024803291083	-0.006069743426086058
-6.745932415519399	-0.07713692342550749	-0.006161840668904253
-6.720901126408009	-0.0786870119098011	-0.006257025614324299
-6.69586983729662	-0.08026127090252588	-0.00635532685312537
-6.670838548185231	-0.08186046860481788	-0.006456785865944115
-6.645807259073841	-0.0834853866077303	-0.006561455801243066
-6.620775969962453	-0.08513682232269781	-0.006669400541273657
-6.595744680851063	-0.08681559127915328	-0.006780694000340759
-6.570713391739676	-0.08852252932525362	-0.006895419612719958
-6.545682102628285	-0.09025849476210412	-0.007013669977452619
-6.520650813516897	-0.09202437043796063	-0.007135546634788645
-6.495619524405506	-0.09382106582521388	-0.007261159954857571
-6.470588235294117	-0.09564951910066943	-0.0073906291236688765
-6.445556946182729	-0.09751069924736644	-0.007524082215098454
-6.420525657071338	-0.09940560819475674	-0.007661656340340009
-6.395494367959951	-0.10133528301294614	-0.007803497868574288
-6.37046307884856	-0.10330079817573035	-0.00794976271446493
-6.34543178973717	-0.10530326790693412	-0.00810061668963101
-6.320400500625783	-0.10734384862401836	-0.008256235916548851
-6.295369211514392	-0.1094237414931083	-0.008416807304465451
-6.270337922403004	-0.11154419510971536	-0.008582529087903593
-6.245306633291613	-0.1137065083196962	-0.00875361142924641
-6.2202753441802265	-0.11591203319574861	-0.00893027708773883
-6.195244055068836	-0.1181621781852007	-0.009112762158057466
-6.170212765957448	-0.12045841144604852	-0.009301316882402252
-6.145181476846059	-0.12280226438893749	-0.009496206540875143
-6.120150187734667	-0.12519533544436312	-0.009697712425743271
-6.09511889862328	-0.12763929407552288	-0.009906132906065443
-6.070087609511891	-0.13013588505910434	-0.010121784590091137
-6.0450563204005014	-0.1326869330580993	-0.010345003593856497
-6.020025031289112	-0.13529434751273728	-0.010576146925501587
-5.994993742177721	-0.13796012787819922	-0.010815593996048672
-5.9699624530663336	-0.14068636924024913	-0.011063748268723875
-5.9449311639549425	-0.14347526834301272	-0.01132103906040674
-5.919899874843555	-0.1463291300664653	-0.011587923510466322
-5.894868585732166	-0.1492503743948559	-0.011864888734128887
-5.869837296620776	-0.15224154392163403	-0.012152454179647554
-5.844806007509387	-0.1553053119410186	-0.012451174210946492
-5.819774718397998	-0.15844449118174087	-0.012761640940136224
-5.7947434292866085	-0.16166204324434563	-0.013084487337394049
-5.769712140175219	-0.16496108881022353	-0.01342039064922812
-5.74468085106383	-0.16834491869794377	-0.013770076160169453
-5.719649561952441	-0.17181700585104132	-0.01413432133754254
-5.694618272841051	-0.17538101835093212	-0.014513960404240758
-5.669586983729662	-0.17904083355949796	-0.014909889390499725
-5.644555694618273	-0.1828005535080619	-0.015323071722639844
-5.619524405506883	-0.18666452166350123	-0.015754544414800592
-5.594493116395494	-0.19063734121794296	-0.016205424938998764
-5.569461827284105	-0.19472389506645582	-0.01667691885962605
-5.5444305381727155	-0.19892936765775504	-0.017170328331021723
-5.519399249061326	-0.20325926892616053	-0.017687061571328433
-5.494367959949937	-0.20771946054000878	-0.01822864344283913
-5.469336670838549	-0.21231618473221392	-0.018796727288916695
-5.444305381727158	-0.21705609601408948	-0.01939310820086826
-5.419274092615769	-0.22194629611399774	-0.020019737915536837
-5.3942428035043815	-0.22699437252919363	-0.02067874157663499
-5.36921151439299	-0.2322084411333023	-0.02137243663095975
-5.344180225281603	-0.23759719334453866	-0.02210335417579072
-5.319148936170212	-0.2431699484323775	-0.022874263127427186
-5.2941176470588225	-0.24893671162503228	-0.02368819764476819
-5.269086357947435	-0.254908238778742	-0.02454848831827823
-5.244055068836044	-0.26109610848510023	-0.025458797726351082
-5.219023779724656	-0.26751280262812216	-0.026423161071382525
-5.193992490613266	-0.2741717965610988	-0.027446032741012705
-5.168961201501876	-0.2810876602608623	-0.02853233980134165
-5.1439299123904885	-0.2882761720377953	-0.02968754362510069
-5.1188986232791	-0.2957544466418036	-0.030917711097238385
-5.09386733416771	-0.3035410799153846	-0.032229597133870594
-5.06883604505632	-0.31165631251520143	-0.03363074061168486
-5.043804755944931	-0.320122215665799	-0.03512957625120214
-5.018773466833542	-0.3289629024391827	-0.03673556555132644
-4.993742177722154	-0.33820476869044214	-0.038459350563509964
-4.968710888610763	-0.34787676854673766	-0.04031293515964157
-4.943679599499373	-0.3580107302741746	-0.04230989953813476
-4.918648310387985	-0.36864171947074986	-0.04446565509311311
-4.893617021276597	-0.3798084578993892	-0.046797748528828814
-4.868585732165207	-0.3915538079400189	-0.049326226351153774
-4.843554443053817	-0.4039253346738896	-0.0520740737654032
-4.818523153942427	-0.4169759601048426	-0.0550677457647572
-4.793491864831038	-0.43076472708038605	-0.05833781309183131
-4.768460575719651	-0.4453576942329809	-0.061919752189441415
-4.7434292866082615	-0.4608289878845886	-0.06585491676728147
-4.71839799749687	-0.477262042540048	-0.07019173995443091
-4.69336670838548	-0.49475106857056295	-0.07498723124566482
-4.668335419274092	-0.5134027942158252	-0.0803088530891881
-4.643304130162704	-0.5333385393838204	-0.08623689016226035
-4.618272841051315	-0.5546966911348221	-0.09286746325820502
-4.593241551939924	-0.5776356653027537	-0.10031639381750505
-4.568210262828536	-0.6023374551991267	-0.10872420119464966
-4.543178973717147	-0.6290118857998062	-0.11826262277426695
-4.518147684605758	-0.6579017077662224	-0.12914320211897973
-4.4931163954943685	-0.6892886746355043	-0.1416287154113215
-4.468085106382977	-0.7235007371573272	-0.15604853686125825
-4.44305381727159	-0.760920438108402	-0.1728195343236642
-4.418022528160201	-0.8019944532789798	-0.1924748229202729
-4.392991239048811	-0.8472439089957309	-0.21570382198625676
-4.367959949937422	-0.8972744328986177	-0.24340877160386862
-4.342928660826031	-0.952783500221118	-0.2767855007396061
-4.317897371714643	-1.0145597871544236	-0.31744030291666314
-4.292866082603254	-1.0834634261350722	-0.36756098251937186
-4.267834793491865	-1.1603641395690518	-0.43016933049871575
-4.2428035043804755	-1.2459896488954465	-0.5094948582134972
-4.217772215269086	-1.3405858304305829	-0.6115231109578325
-4.192740926157699	-1.443185022033342	-0.7447727886916025
-4.167709637046308	-1.5500679399480983	-0.9212933451494798
-4.142678347934918	-1.6516164767095098	-1.1575825984851227
-4.117647058823529	-1.7262201704342512	-1.4741233552495856
-4.09261576971214	-1.730030752035276	-1.8894437694736497
-4.067584480600752	-1.5861113138762875	-2.3991746447903655
-4.042553191489361	-1.1955251077899742	-2.930371579006456
-4.017521902377972	-0.5180084458023848	-3.303145152360319
-3.9924906132665825	0.3043629861759918	-3.318439184956407
-3.967459324155193	0.9997295920100182	-2.9669880429766553
-3.9424280350438052	1.4111139574593858	-2.4408814145931403
-3.917396745932415	1.569130897239122	-1.9267461698190116
-3.8923654568210257	1.572272046779359	-1.5047145121060272
-3.867334167709638	1.4999918896517292	-1.1823318161333582
-3.8423028785982494	1.3982502850354108	-0.9417727045835933
-3.8172715894868587	1.2898821281038335	-0.7623885697687521
-3.7922403003754686	1.1851255215535201	-0.6273452587649058
-3.7672090112640793	1.0879923592269662	-0.5242972215452909
-3.7421777221526913	0.9995794067625923	-0.4445069686853401
-3.717146433041303	0.9196907746696037	-0.3818369508987616
-3.6921151439299127	0.8476109826005596	-0.3319545121645465
-3.6670838548185225	0.7824647140406089	-0.29176854103004013
-3.6420525657071328	0.72337788736266	-0.2590449697130881
-3.617021276595745	0.6695439571314465	-0.23214701088074724
-3.5919899874843564	0.6202456464399457	-0.2098592823744021
-3.566958698372966	0.5748563884801672	-0.19126775428403536
-3.541927409261576	0.5328331916354103	-0.17567689596776714
-3.5168961201501876	0.49370651300098123	-0.16255179821952914
-3.4918648310387996	0.45706972148317826	-0.15147724019717934
-3.46683354192741	0.422569261269508	-0.1421283921485778
-3.4418022528160197	0.389895914690809	-0.13424961144944889
-3.4167709637046295	0.3587772286716233	-0.12763894314361945
-3.391739674593241	0.3289710210442407	-0.1221366966847897
-3.366708385481853	0.3002598265659855	-0.11761697757165833
-3.341677096370464	0.27244612941821256	-0.11398139486170392
-3.3166458072590737	0.24534823506747117	-0.11115439995661386
-3.291614518147683	0.21879664756414074	-0.10907987526248038
-3.2665832290362946	0.1926308327588937	-0.10771870734104345
-3.2415519399249066	0.1666962607759821	-0.10704716396181359
-3.2165206508135173	0.14084163119356763	-0.10705595894826692
-3.191489361702127	0.11491619128503361	-0.10774994063402514
-3.166458072590739	0.08876706124078204	-0.10914838497345948
-3.14142678347935	0.06223648051618236	-0.11128591778090863
-3.11639549436796	0.03515888639735243	-0.11421413685719271
-3.091364205256571	0.007357729681209513	-0.11800405899911068
-3.0663329161451807	-0.02135807662308853	-0.12274958539299122
-3.0413016270337927	-0.05119819061086073	-0.12857227021376158
-3.0162703379224034	-0.08239548286627763	-0.1356278036224298
-2.991239048811014	-0.11521141898613241	-0.1441147999199791
-2.966207759699625	-0.149942311009176	-0.1542867418924702
-2.941176470588234	-0.18692653110096336	-0.16646831577013788
-2.916145181476846	-0.22655268394121508	-0.1810779437944351
-2.891113892365457	-0.26926850870547625	-0.1986591868642985
-2.8660826032540676	-0.3155897957944873	-0.21992501132885311
-2.8410513141426783	-0.36610759415503935	-0.24582094702216398
-2.816020025031289	-0.42148991926512336	-0.27761629905995516
-2.790988735919901	-0.48246995849080543	-0.3170373807051127
-2.7659574468085104	-0.5498041489582168	-0.3664639210903359
-2.740926157697121	-0.6241657489785926	-0.4292198764075333
-2.715894868585732	-0.7059027616998002	-0.510001629750193
-2.6908635794743425	-0.7945130528893003	-0.6154917467498429
-2.6658322903629545	-0.8875354545996901	-0.7551724157006006
-2.6408010012515644	-0.9782639788348053	-0.9421700145996057
-2.615769712140175	-1.051247146946893	-1.1933053020750701
-2.5907384230287853	-1.0743737646734637	-1.5255963426062327
-2.565707133917396	-0.9889561003193332	-1.9422583953380095
-2.540675844806008	-0.7119297755664138	-2.398473510924288
-2.515644555694618	-0.1882765899785741	-2.7609166136867325
-2.4906132665832286	0.5007089551883914	-2.849376649829852
-2.4655819774718406	1.1322172860190876	-2.608976710015468
-2.440550688360452	1.5368184891800842	-2.1779853602257435
-2.4155193992490616	1.711578481090895	-1.7292547020104436
-2.3904881101376714	1.7364064600211684	-1.350634654709041
-2.365456821026282	1.6849638349486091	-1.0581571975349107
-2.340425531914894	1.6020866599048569	-0.8391243868919225
-2.3153942428035057	1.5106538001787349	-0.6757375622128896
-2.2903629536921155	1.4211594712404945	-0.5528330319497807
-2.2653316645807253	1.337878604696049	-0.45912184467501826
-2.2403003754693356	1.2621429725503612	-0.38657602815696923
-2.2152690863579476	1.193961312264587	-0.3295538817543817
-2.190237797246559	1.132795288172957	-0.28407851219680863
-2.165206508135169	1.0779227470169397	-0.24731877787139556
-2.140175219023779	1.0286022097108947	-0.217233165742361
-2.1151439299123904	0.9841423777332903	-0.19232896932580823
-2.0901126408010025	0.9439267863845124	-0.17149940278865353
-2.0650813516896127	0.9074178471821082	-0.15391262513620568
-2.0400500625782225	0.8741519904981967	-0.13893531848097784
-2.0150187734668323	0.8437315149845697	-0.12607941328859745
-1.989987484355444	0.8158157609173671	-0.11496447206459676
-1.9649561952440555	0.7901127601895954	-0.10529078797690716
-1.939924906132667	0.7663718045617216	-0.09681990536272204
-1.914893617021277	0.7443770368584572	-0.08936034470117059
-1.8898623279098858	0.7239420187388106	-0.0827570215381024
-1.8648310387984974	0.7049051690741841	-0.0768833181715376
-1.839799749687109	0.6871259513050751	-0.07163508194837338
-1.8147684605757206	0.6704816924933072	-0.06692603791329431
-1.7897371714643304	0.654864929228915	-0.0626842504218435
-1.764705882352942	0.640181190297497	-0.05884937031002828
-1.7396745932415527	0.626347140387681	-0.055370475793415794
-1.7146433041301625	0.6132890220131757	-0.052204366038856836
-1.6896120150187741	0.6009413439032447	-0.04931420272474221
-1.664580725907384	0.589245773404711	-0.04666842121541638
-1.6395494367959955	0.5781501981151784	-0.04423985218160084
-1.6145181476846062	0.5676079282575719	-0.04200500864283281
-1.589486858573217	0.5575770164353049	-0.03994350391159057
-1.5644555694618276	0.5480196755810463	-0.03803757378154257
-1.5394242803504374	0.53890177930493	-0.03627168223310989
-1.514392991239049	0.5301924316081399	-0.03463219443566669
-1.4893617021276597	0.5218635951758772	-0.03310710427320078
-1.4643304130162704	0.5138897692976259	-0.031685806275377065
-1.4392991239048811	0.5062477099628668	-0.030358903893765152
-1.4142678347934918	0.4989161859100557	-0.029118047667572367
-1.3892365456821025	0.491875765417392	-0.027955798081622768
-1.3642052565707132	0.4851086294574172	-0.026865508911748395
-1.339173967459324	0.47859840752631033	-0.025841227639550213
-1.3141426783479346	0.4723300330299973	-0.024877610145456072
-1.2891113892365453	0.4662896155842402	-0.023969847391053206
-1.264080100125157	0.4604643279821721	-0.023113602205571418
-1.2390488110137667	0.4548423059140374	-0.0223049546178041
-1.2140175219023774	0.4494125588020328	-0.021540354439678083
-1.1889862327909881	0.4441648903470705	-0.020816580023605105
-1.1639549436795988	0.43908982758151893	-0.020130702292424404
-1.1389236545682104	0.4341785573890635	-0.019480053285887505
-1.1138923654568202	0.42942286959426257	-0.018862198587293336
-1.0888610763454318	0.4248151058449068	-0.018274913092899442
-1.0638297872340434	0.4203481136129241	-0.017716159668949683
-1.0387984981226523	0.4160152047274188	-0.017184070309645125
-1.013767209011264	0.4118101179283449	-0.01667692946663117
-0.9887359198998737	0.40772698499438587	-0.016193159268562934
-0.9637046307884853	0.4037603000536696	-0.01573130638966365
-0.9386733416770969	0.39990489173447896	-0.015290030360228454
-0.9136420525657085	0.3961558978539763	-0.014868093140802313
-0.8886107634543183	0.39250874237962385	-0.01446434980617299
-0.8635794743429273	0.3889591144285367	-0.014077740206075093
-0.8385481852315388	0.3855029490977442	-0.013707281487187334
-0.8135168961201504	0.3821364099415252	-0.013352061376128196
-0.788485607008762	0.3788558729331575	-0.013011232136104903
-0.7634543178973718	0.37565791176613805	-0.012684005120990605
-0.7384230287859816	0.37253928436612727	-0.012369645860173278
-0.7133917396745932	0.3694969204985461	-0.012067469615776247
-0.6883604505632039	0.3665279103694261	-0.01177683736098109
-0.6633291614518155	0.3636294941274478	-0.011497152134365321
-0.6382978723404253	0.3607990521851634	-0.01122785573052712
-0.6132665832290352	0.3580340962854338	-0.010968425691935013
-0.5882352941176467	0.3553322612470051	-0.010718372571002222
-0.5632040050062583	0.35269129732939675	-0.010477237434930689
-0.5381727158948699	0.3501090631635586	-0.010244589588974756
-0.5131414267834788	0.34758351919966834	-0.01002002449648566
-0.48811013767208866	0.3451127216285026	-0.009803161876487651
-0.46307884856070025	0.34269481673661506	-0.009593643961629608
-0.43804755944931184	0.34032803565959613	-0.009391133901199666
-0.41301627033792343	0.3380106895008592	-0.009195314295521423
-0.38798498122653324	0.3357411647864921	-0.00900588584948378
-0.36295369211514483	0.33351791922935803	-0.008822566134230048
-0.33792240300375376	0.33133947777807604	-0.008645088447157015
-0.31289111389236535	0.32920442892863155	-0.0084732007613747
-0.28785982478097694	0.3271114212784658	-0.008306664756665014
-0.26282853566958675	0.3250591603044253	-0.008145254924766934
-0.23779724655819834	0.323046405347831	-0.007988757742519156
-0.21276595744680904	0.3210719667911226	-0.007836970907021512
-0.18773466833541974	0.31913470341198913	-0.007689702627533296
-0.16270337922403044	0.3172335199020355	-0.00754677096933036
-0.13767209011264026	0.3153673645380728	-0.007408003245191724
-0.11264080100125184	0.3135352269951568	-0.007273235450589055
-0.08760951188986255	0.3117361362913389	-0.007142311739012627
-0.06257822277847325	0.30996915885489873	-0.007015083934193478
-0.03754693366708395	0.30823339670557726	-0.006891411076273002
-0.01251564455569465	0.30652798574202667	-0.006771158999234486
0.01251564455569465	0.3048520941281909	-0.006654199937148553
0.03754693366708395	0.3032049207720382	-0.006540412156997896
0.06257822277847325	0.30158569389045686	-0.0064296796160416
0.08760951188986255	0.299993669654655	-0.00632189164185315
0.11264080100125184	0.29842813091076614	-0.006216942633325159
0.13767209011264114	0.2968883859708873	-0.006114731781077562
0.16270337922403044	0.2953737674699055	-0.006015162805836652
0.18773466833541974	0.2938836312840838	-0.0059181437134694925
0.21276595744680726	0.29241735550738657	-0.005823586565467984
0.23779724655819834	0.29097433948206763	-0.005731407263771304
0.26282853566958764	0.28955400288007604	-0.005641525348909257
0.28785982478097694	0.2881557848322531	-0.005553863810524695
0.31289111389236623	0.286779143102331	-0.005468348909413029
0.33792240300375376	0.28542355330314484	-0.005384910010278743
0.36295369211514483	0.284088508152486	-0.005303479424476065
0.38798498122653235	0.28277351676621265	-0.005223992262053029
0.41301627033792343	0.28147810398657436	-0.00514638629247241
0.43804755944931273	0.28020180974355835	-0.005070601813429443
0.46307884856070025	0.2789441884474586	-0.004996581527230426
0.4881101376720913	0.27770480841084444	-0.004924270424233906
0.5131414267834788	0.276483251298258	-0.004853615672897146
0.5381727158948699	0.27527911160214913	-0.004784566515997873
0.5632040050062574	0.2740919961434889	-0.004717074172638558
0.5882352941176467	0.2729215235957838	-0.004651091745664707
0.6132665832290378	0.2717673240311842	-0.004586574134155974
0.6382978723404253	0.2706290384874954	-0.00452347795067326
0.6633291614518164	0.26950631855491647	-0.004461761442967199
0.6883604505632039	0.26839882598150844	-0.004401384419874324
0.7133917396745932	0.2673062322964408	-0.004342308181143145
0.7384230287859808	0.2662282184499398	-0.004284495450955619
0.7634543178973718	0.2651644744692039	-0.004227910314919384
0.7884856070087629	0.26411469912940433	-0.004172518160326072
0.8135168961201504	0.26307859963901103	-0.004118285619480105
0.8385481852315397	0.26205589133865104	-0.004065180515921585
0.8635794743429273	0.2610462974129568	-0.004013171813370825
0.8886107634543183	0.2600495486145942	-0.003962229567240627
0.9136420525657059	0.25906538299992654	-0.003912324878566659
0.9386733416770969	0.25809354567582066	-0.003863429850219896
0.9637046307884862	0.2571337885568816	-0.0038155175452722068
0.9887359198998737	0.25618587013278304	-0.0037685619473921683
1.0137672090112648	0.2552495552450331	-0.0037225379231618505
1.0387984981226523	0.25432461487286906	-0.003677421186205815
1.0638297872340434	0.25341082592779696	-0.0036331882630345202
1.088861076345431	0.25250797105628164	-0.003589816460505546
1.1138923654568202	0.25161583845033686	-0.003547283834819226
1.1389236545682113	0.2507342216655877	-0.0035055691619667317
1.1639549436795988	0.24986291944640993	-0.003464651909546229
1.18898623279099	0.24900173555791927	-0.003424512209885544
1.2140175219023774	0.248150478624396	-0.00338513083439293
1.2390488110137667	0.24730896197392127	-0.0033464891690785648
1.264080100125156	0.24647700348897228	-0.00330856919118111
1.2891113892365453	0.2456544254625399	-0.003271353446844927
1.3141426783479364	0.24484105445976345	-0.003234825029799715
1.339173967459324	0.2440367211846448	-0.003198967560964161
1.3642052565707132	0.2432412603517049	-0.0031637651689987445
1.3892365456821025	0.24245451056237588	-0.0031292024716420563
1.4142678347934918	0.24167631418582491	-0.0030952645579201965
1.4392991239048811	0.24090651724416556	-0.003061936971119783
1.4643304130162704	0.24014496930182627	-0.003029205692479997
1.4893617021276597	0.23939152335876113	-0.002997057125542213
1.514392991239049	0.238646035747494	-0.0029654780811919634
1.5394242803504383	0.23790836603372068	-0.0029344557633744772
1.5644555694618276	0.23717837692050514	-0.0029039777553941937
1.589486858573217	0.23645593415569888	-0.0028740320067573988
1.6145181476846044	0.23574090644258083	-0.00284460682058163
1.6395494367959955	0.2350331653535549	-0.0028156908415401527
1.6645807259073848	0.23433258524672418	-0.002787273044260602
1.6896120150187741	0.2336390431853954	-0.002759342722248953
1.7146433041301634	0.23295241886009155	-0.0027318894772283553
1.739674593241551	0.23227259451332838	-0.0027049032089370706
1.764705882352942	0.23159945486676303	-0.0026783741053149623
1.7897371714643295	0.23093288705074366	-0.0026522926330997953
1.8147684605757206	0.2302727805361764	-0.00262664952879918
1.83979974968711	0.229619027068535	-0.002601435790017953
1.8648310387984974	0.2289715206040226	-0.0025766426671328946
1.8898623279098885	0.2283301572477514	-0.0025522616552937083
1.914893617021276	0.22769483519380174	-0.0025282844867484666
1.939924906132667	0.22706545466725414	-0.0025047031234583794
1.9649561952440546	0.226441917867922	-0.002481509750012406
1.989987484355444	0.22582412891586445	-0.0024586967668145387
2.015018773466835	0.2252119937985344	-0.0024362567835367055
2.0400500625782225	0.22460542031950181	-0.002414182612829552
2.065081351689613	0.22400431804877385	-0.0023924672642734734
2.090112640801001	0.22340859827449044	-0.002371103938567154
2.1151439299123904	0.22281817395611236	-0.002350086021942893
2.1401752190237784	0.22223295967893186	-0.002329407080794238
2.165206508135169	0.221652871609888	-0.0023090608565155823
2.1902377972465596	0.22107782745465965	-0.002289041260542163
2.2152690863579476	0.22050774641597704	-0.002269342369575239
2.240300375469337	0.21994254915302003	-0.0022499584210074752
2.265331664580725	0.21938215774203318	-0.002230883808508499
2.2903629536921155	0.21882649563794843	-0.0022121130778005316
2.315394242803503	0.21827548763704785	-0.002193640922589307
2.340425531914894	0.21772905984063629	-0.0021754621806519825
2.3654568210262834	0.21718713961962344	-0.0021575718300997915
2.3904881101376714	0.21664965558013094	-0.0021399649857549163
2.415519399249062	0.216116537529778	-0.0021226368957173447
2.4405506883604495	0.2155877164450022	-0.002105582938035533
2.4655819774718406	0.21506312443910947	-0.002088798617520593
2.490613266583228	0.21454269473104004	-0.0020722795627171053
2.515644555694618	0.21402636161504462	-0.002056021522950313
2.5406758448060085	0.21351406043082477	-0.002040020365571271
2.565707133917396	0.21300572753462754	-0.0020242720732367436
2.590738423028787	0.2125013002707492	-0.0020087727413887757
2.6157697121401746	0.21200071694380984	-0.001993518575801989
2.6408010012515644	0.2115039167916022	-0.001978505890232074
2.665832290362953	0.2110108399584627	-0.0019637311042267624
2.6908635794743425	0.2105214274691658	-0.0019491907410076337
2.7158948685857336	0.21003562120345087	-0.0019348814254255275
2.740926157697121	0.20955336387085488	-0.0019207998821533234
2.765957446808511	0.20907459898619862	-0.0019069429337592592
2.7909887359198997	0.20859927084533858	-0.0018933074991402954
2.816020025031289	0.20812732450147298	-0.0018798905917947195
2.841051314142678	0.20765870574170275	-0.0018666893184478006
2.8660826032540676	0.20719336106410235	-0.001853700877511688
2.8911138923654573	0.20673123765494417	-0.00184092255806112
2.916145181476846	0.20627228336645143	-0.001828351738107692
2.9411764705882355	0.20581644669452093	-0.0018159858839474907
2.9662077596996244	0.2053636767571989	-0.0018038225491086024
2.991239048811014	0.20491392327225721	-0.0017918593732870747
3.0162703379224016	0.2044671365375601	-0.0017800940819796551
3.0413016270337927	0.2040232674082394	-0.0017685244855885074
3.066332916145182	0.20358226727713147	-0.0017571484779561608
3.091364205256571	0.20314408805256923	-0.0017459640367989415
3.1163954943679606	0.20270868213822224	-0.0017349692230905767
3.141426783479348	0.20227600241237154	-0.0017241621807280172
3.166458072590739	0.2018460022074633	-0.0017135411366693276
3.1914893617021267	0.20141863528938364	-0.0017031044004636176
3.2165206508135173	0.20099385583707718	-0.0016928503646469473
3.241551939924907	0.2005716184217028	-0.001682777504629196
3.2665832290362946	0.20015187798623923	-0.0016728843793039072
3.2916145181476857	0.1997345898246352	-0.0016631696313754718
3.316645807259073	0.19931970956088474	-0.001653631987928894
3.341677096370464	0.1989071931281421	-0.0016442702612750049
3.366708385481852	0.19849699674740506	-0.001635083349797728
3.391739674593241	0.198089076906093	-0.0016260702390469284
3.416770963704632	0.19768339033631932	-0.0016172300029825837
3.4418022528160197	0.1972798939928393	-0.0016085618054065831
3.4668335419274103	0.19687854503061297	-0.0016000649015905366
3.4918648310387983	0.19647930078202513	-0.0015917386401181344
3.5168961201501876	0.19608211873352488	-0.001583582464941946
3.5419274092615756	0.19568695650184909	-0.0015755959176806389
3.566958698372966	0.19529377180956242	-0.001567778640171713
3.591989987484357	0.19490252246008843	-0.00156013037732311
3.617021276595745	0.19451316631185334	-0.0015526509802129551
3.642052565707134	0.1941256612517699	-0.001545340409553675
3.667083854818522	0.1937399651678442	-0.0015381987394878782
3.6921151439299127	0.1933560359207327	-0.0015312261617475564
3.7171464330413	0.1929738313143372	-0.0015244229902328654
3.7421777221526913	0.19259330906525296	-0.0015177896660298618
3.7672090112640806	0.19221442677088518	-0.0015113267629094373
3.7922403003754686	0.19183714187627343	-0.0015050349933529161
3.817271589486859	0.1914614116393416	-0.001498915215149943
3.8423028785982467	0.19108719309452837	-0.0014929684386220665
3.867334167709638	0.19071444301458707	-0.0014871958345439862
3.8923654568210253	0.1903431178704693	-0.0014815987428211663
3.917396745932415	0.18997317378893852	-0.0014761786819898481
3.9424280350438057	0.1896045665079198	-0.0014709373596560882
3.967459324155193	0.18923725132918	-0.0014658766839278636
3.9924906132665843	0.18887118306817507	-0.0014609987759878484
4.017521902377972	0.18850631600081869	-0.0014563059839032833
4.042553191489361	0.18814260380674774	-0.001451800897813077
4.06758448060075	0.1877799995088747	-0.0014474863666592008
4.09261576971214	0.1874184554087699	-0.0014433655166187498
4.117647058823531	0.187057923017512	-0.0014394417714579388
4.142678347934918	0.1866983529814532	-0.0014357188750054317
4.167709637046308	0.18633969500248115	-0.0014322009160261384
4.192740926157697	0.18598189775216056	-0.001428892355777145
4.217772215269086	0.18562490877902826	-0.0014257980585768992
4.2428035043804755	0.1852686744084604	-0.001422923325774983
4.267834793491865	0.18491313963413525	-0.0014202739335584247
4.292866082603254	0.18455824800028653	-0.0014178561751016783
4.317897371714643	0.1842039414736485	-0.0014156769076350273
4.342928660826033	0.18385016030384715	-0.001413743605104989
4.367959949937422	0.18349684287112034	-0.0014120644172075647
4.392991239048811	0.18314392551953862	-0.0014106482356861794
4.418022528160199	0.18279134237427908	-0.0014095047689503815
4.44305381727159	0.18243902514081878	-0.0014086446262322472
4.468085106382979	0.18208690288385032	-0.0014080794127156182
4.4931163954943685	0.18173490178336138	-0.001407821837311557
4.518147684605758	0.18138294486486473	-0.0014078858350571322
4.543178973717145	0.18103095170046757	-0.001408286706465492
4.568210262828536	0.18067883807673635	-0.0014090412765833393
4.593241551939924	0.1803265156249294	-0.00141016807703144
4.618272841051315	0.17997389140827114	-0.0014116875549299024
4.643304130162704	0.17962086746017825	-0.0014136223133711517
4.668335419274092	0.17926734026630609	-0.0014159973890404548
4.693366708385483	0.1789132001820457	-0.001418840573727001
4.71839799749687	0.17855833077581185	-0.0014221827878813376
4.7434292866082615	0.1782026080864929	-0.0014260585161168654
4.768460575719649	0.1778458997816843	-0.0014305063167334015
4.793491864831038	0.17748806420058827	-0.0014355694200468283
4.818523153942429	0.17712894926268064	-0.0014412964337157386
4.843554443053817	0.1767683912195004	-0.0014477421775615645
4.868585732165208	0.17640621322269556	-0.0014549686758213304
4.8936170212765955	0.17604222367604105	-0.0014630463417401457
4.918648310387985	0.17567621433259362	-0.0014720553983358087
4.943679599499372	0.17530795809054478	-0.001482087590695999
4.968710888610763	0.1749372064311876	-0.0014932482601552471
4.9937421777221545	0.17456368643088016	-0.001505658870300547
5.018773466833542	0.1741870972639994	-0.0015194601005751318
5.043804755944931	0.1738071060959756	-0.0015348156575234473
5.068836045056319	0.17342334324345376	-0.0015519169995572984
5.09386733416771	0.17303539645127053	-0.0015709892329176384
5.118898623279097	0.1726428041032948	-0.0015922985205305412
5.1439299123904885	0.17224504714402045	-0.0016161614607174968
5.168961201501878	0.17184153944046976	-0.001642957052310337
5.193992490613265	0.17143161625938497	-0.00167314208582664
5.219023779724656	0.17101452047383692	-0.0017072711154643844
5.244055068836044	0.17058938605314378	-0.0017460226163815151
5.269086357947435	0.17015521834145098	-0.0017902335806083136
5.2941176470588225	0.1697108706224073	-0.0018409457517155892
5.319148936170212	0.1692550165545379	-0.0018994680956225946
5.344180225281603	0.16878611835693835	-0.0019674621904676864
5.36921151439299	0.1683023913495667	-0.0020470603655664693
5.3942428035043815	0.1678017670481209	-0.0021410312158612194
5.419274092615769	0.16728186036171788	-0.00225301448634678
5.444305381727158	0.16673995332172975	-0.0023878586857538076
5.469336670838548	0.16617302180924032	-0.002552112262259154
5.494367959949937	0.1655778604403828	-0.0027547455728753056
5.519399249061328	0.16495141973920813	-0.0030082188684214806
5.5444305381727155	0.16429159168572127	-0.003330059466830057
5.569461827284105	0.16359893233570943	-0.003745148011582669
5.594493116395494	0.16288032684189968	-0.0042888478068466435
5.619524405506883	0.16215660873794047	-0.005010624317040024
5.644555694618273	0.16147783338717225	-0.005975910333812701
5.669586983729662	0.1609513973684722	-0.007258078610368257
5.694618272841051	0.1607829376396115	-0.008897962351340119
5.719649561952441	0.16129418899614034	-0.010790076638564947
5.74468085106383	0.1627877900505572	-0.012501480911559407
5.769712140175219	0.16513713615214254	-0.013289685479850336
5.7947434292866085	0.16753927859361362	-0.012698101150472638
5.819774718397996	0.16913708875336741	-0.011100057475773598
5.844806007509387	0.16972499993479495	-0.009246856357285574
5.869837296620776	0.16958087707141267	-0.007618152192259017
5.894868585732166	0.16903571449828103	-0.006349165676781537
5.919899874843555	0.1683085146972827	-0.005409769779221987
5.9449311639549425	0.1675152743803583	-0.0047290924793362
5.9699624530663336	0.16671034362177028	-0.0042424082637013
5.994993742177721	0.16591641301558635	-0.003901669489701748
6.020025031289112	0.16514125573897065	-0.0036745986911456974
6.0450563204005014	0.16438654408940412	-0.00354166985662413
6.07008760951189	0.1636529715429198	-0.0034936234197565502
6.09511889862328	0.16294444140569642	-0.0035297671031771227
6.120150187734667	0.16227339660321505	-0.0036560050747724143
6.145181476846059	0.16166871940301242	-0.0038794030214431147
6.170212765957445	0.16118390773499947	-0.0041921357116464775
6.195244055068836	0.1608892172467895	-0.004537448037680747
6.2202753441802265	0.16081273370397664	-0.004780663959225939
6.245306633291613	0.16084890180427447	-0.004772484935797988
6.270337922403005	0.16079545744533252	-0.004502933297986927
6.295369211514392	0.16053361794949517	-0.004111798342322365
6.320400500625783	0.16008343140197212	-0.0037363976743769456
6.3454317897371695	0.15951592502345413	-0.0034358719205146715
6.37046307884856	0.15888847591128386	-0.0032157067146385138
6.395494367959952	0.15823384168810328	-0.003062628981048754
6.420525657071338	0.15756777259457344	-0.0029613183151357553
6.445556946182729	0.15689680360080338	-0.002899250494823591
6.470588235294116	0.15622285995771445	-0.002867024084744832
6.495619524405506	0.15554531717905906	-0.0028576544812246724
6.520650813516895	0.1548618282351839	-0.002866333776238128
6.545682102628285	0.15416934865516385	-0.0028905219567423174
6.570713391739676	0.15346520591092894	-0.0029292608509729617
6.5957446808510625	0.1527471764986963	-0.0029821786235512265
6.620775969962453	0.15201304997943588	-0.0030491435632091085
6.645807259073841	0.15126039109218947	-0.0031303382914826816
6.670838548185231	0.15048649588912077	-0.003226361843263678
6.695869837296622	0.1496883888359486	-0.003338289856950033
6.720901126408009	0.1488628050149945	-0.003467731036772198
6.745932415519399	0.1480061544831086	-0.0036169126038376326
6.770963704630788	0.14711447836188007	-0.0037888161531978576
6.795994993742178	0.14618341027321424	-0.003987385213084116
6.821026282853566	0.14520816552281435	-0.004217833793934353
6.8460575719649555	0.14418360188526425	-0.004487098644376006
6.871088861076346	0.1431044427221222	-0.004804493492567036
6.896120150187734	0.14196585140191242	-0.00518262860596902
6.921151439299124	0.14076474429492336	-0.005638606445702465
6.946182728410513	0.13950259581325408	-0.0061952393752214285
6.971214017521902	0.13819099692054593	-0.006881110789421552
6.996245306633291	0.13686112479696888	-0.00772569760741898
7.0212765957446805	0.13557387211233074	-0.008740675876223555
7.046307884856071	0.13440959558333976	-0.009878225947249714
7.071339173967459	0.13339252695530668	-0.010996156996346582
7.0963704630788484	0.13237368151295037	-0.01194216062020452
7.121401752190238	0.1310791506006952	-0.012755728345436243
7.146433041301627	0.129343877164934	-0.013687922179499129
7.171464330413016	0.12718845253859623	-0.015014896348610862
7.196495619524406	0.12471843697220564	-0.01695295798322602
7.221526908635795	0.12206649894893751	-0.019705207339042782
7.246558197747184	0.119428951334978	-0.02351867285297818
7.2715894868585735	0.11717112922017048	-0.0286931052939408
7.296620775969963	0.11599234573480555	-0.03548339971371668
7.321652065081352	0.11707674364268073	-0.043755864043670614
7.3466833541927405	0.1218444146831077	-0.052283541300776296
7.371714643304131	0.1306064162857563	-0.058317467758955174
7.39674593241552	0.14088698296402846	-0.0592452891842056
7.421777221526909	0.1487699582093569	-0.05557828610026945
7.446808510638299	0.15249310867912325	-0.05048960535251937
7.471839799749687	0.15303224982140673	-0.04673388346232196
7.496871088861077	0.15236530704893525	-0.04543632104975348
7.521902377972466	0.1524410489494743	-0.04642109622674945
7.546933667083856	0.15476081821561305	-0.04836740243319253
7.571964956195245	0.15948948831011034	-0.049022120417571674
7.5969962453066335	0.16476102315203267	-0.046751082801095606
7.622027534418024	0.16824560640015385	-0.04223099110179236
7.647058823529412	0.1693476204067501	-0.037439146612034194
7.672090112640802	0.1690210467939055	-0.033645824915057146
7.697121401752189	0.16845644899054513	-0.030884291286936483
7.72215269086358	0.1682001769443895	-0.02841369830153613
7.74718397997497	0.1679085983015014	-0.025577843209186102
7.772215269086359	0.1669656443199834	-0.02245469025623191
7.797246558197749	0.16521371287580067	-0.019538261963822523
7.8222778473091354	0.16289305820379507	-0.01715155893573342
7.8473091364205265	0.1602867569469426	-0.015346828067810958
7.872340425531913	0.1575751013739337	-0.014048297172346777
7.897371714643305	0.15484357685674865	-0.013157925599173378
7.922403003754695	0.1521209647203099	-0.012594639965298193
7.947434292866082	0.14940726658622694	-0.012301744519197064
7.972465581977473	0.14668945579496206	-0.01224467645452719
7.99749687108886	0.14395014503660253	-0.012407425764887584
8.022528160200253	0.14117351219740826	-0.01278960624105259
8.047559449311638	0.13835151221063668	-0.01340321412793162
8.072590738423028	0.13549168767734798	-0.014265125441084797
8.09762202753442	0.13262165744994014	-0.01537769491946668
8.122653316645806	0.12976831823392665	-0.01669585140473065
8.147684605757199	0.12688454530998072	-0.018123524581598036
8.172715894868585	0.12378905010582208	-0.019618165246542196
8.197747183979974	0.12026569142176058	-0.021314572766120032
8.222778473091363	0.11621174146110214	-0.023468989734585666
8.247809762202753	0.11162743588638513	-0.0263411928046256
8.272841051314145	0.10654098538666545	-0.030188945067407963
8.297872340425531	0.10099129342445146	-0.03533033318948135
8.32290362953692	0.09507102657659239	-0.04221085754387213
8.34793491864831	0.08902543026820986	-0.051464408479506035
8.3729662077597	0.08344281918884455	-0.0639535377502384
8.397997496871088	0.07960703069221253	-0.0807068069344966
8.423028785982478	0.08004946735706397	-0.10249708884646004
8.448060075093867	0.0889807539349512	-0.12852509095948228
8.473091364205256	0.11112146404007106	-0.15393983666158995
8.498122653316646	0.14670348610862582	-0.1688389531985853
8.523153942428035	0.1863131300712837	-0.16480322740900252
8.548185231539424	0.21682855944734492	-0.14441925234486194
8.573216520650814	0.23299720332014218	-0.118051656182455
8.598247809762203	0.23773894250482996	-0.09371254239656228
8.623279098873592	0.2358763693678867	-0.07424858666625406
8.648310387984981	0.23090281226090603	-0.059591062596295666
8.67334167709637	0.22475653261167317	-0.04878747409460657
8.69837296620776	0.21837515830698884	-0.040865343283250796
8.72340425531915	0.21216182347034618	-0.03506396868043135
8.748435544430539	0.20625787107043259	-0.030843874008960742
8.773466833541928	0.2006843432973433	-0.02784152178452226
8.798498122653317	0.19541089237556974	-0.02582408848738013
8.823529411764707	0.19038969651664672	-0.024658490073548506
8.848560700876096	0.18557572464551875	-0.024294526818509854
8.873591989987485	0.18094560150040273	-0.024759254460010954
8.898623279098874	0.1765257175975119	-0.02615911703923786
8.92365456821026	0.17244376772034364	-0.02868184443743564
8.948685857321653	0.16902377072889152	-0.03257377916746185
8.973717146433042	0.1669369756943606	-0.03802216485840573
8.998748435544432	0.1673233731423398	-0.04479054589380048
9.023779724655821	0.17146909577784974	-0.051528002716412946
9.048811013767207	0.17941656454606303	-0.05549164377992488
9.0738423028786	0.18853548279619758	-0.05436788016473951
9.098873591989985	0.1951846104848265	-0.04891930558716483
9.123904881101378	0.19794069720634688	-0.042082196308916034
9.148936170212767	0.1976983397109926	-0.03614311322341858
9.173967459324153	0.19595441404012348	-0.03193522814345377
9.198998748435546	0.19394114788636863	-0.02939420936942795
9.224030037546932	0.1925155480388785	-0.027967263450598592
9.249061326658325	0.19201881639581586	-0.026744264661796316
9.27409261576971	0.1920122317736741	-0.024874041076869094
9.2991239048811	0.1916197429274007	-0.02225282832179483
9.324155193992492	0.19038315997108413	-0.019445626352504783
9.349186483103878	0.1884347808644904	-0.016972495152836622
9.374217772215271	0.1860886503657344	-0.015018193833456511
9.399249061326657	0.18358041676244774	-0.013557832588409716
9.424280350438046	0.18103492401917975	-0.01250378797516219
9.449311639549435	0.17850355799946627	-0.011771390789737102
9.474342928660825	0.17599836016171366	-0.011296276748701678
9.499374217772218	0.17351197528709328	-0.011034604501102982
9.524405506883603	0.17102769859868872	-0.010959392001899257
9.549436795994993	0.16852414291428097	-0.011057117642659056
9.574468085106382	0.16597722936170456	-0.011325521106901867
9.599499374217771	0.16336091671436215	-0.011772629670615542
9.62453066332916	0.16064738332811146	-0.012416845558732487
9.64956195244055	0.15780693358702713	-0.013287926469286712
9.67459324155194	0.15480738736644462	-0.014428955313468564
9.699624530663328	0.15161248705940622	-0.01590066393496764
9.724655819774718	0.14818120208960828	-0.017791067599244745
9.749687108886107	0.14447324693846753	-0.020230060538452832
9.774718397997496	0.14046148971731043	-0.0234049261334853
9.799749687108886	0.1361501692113034	-0.027580838006093858
9.824780976220275	0.13161105601896672	-0.0331331139581639
9.849812265331664	0.12706231269678803	-0.040587038826393085
9.874843554443054	0.12302925916292295	-0.050640333044808444
9.899874843554443	0.12064217141954892	-0.06408371485839752
9.924906132665832	0.12207565790004793	-0.08138394737939073
9.949937421777221	0.1307681254246038	-0.10149183703592889
9.97496871088861	0.15006015482151902	-0.1198872834372156
10.0	0.178849777627633	-0.12859827944634855
